OriginalText,AverageErrorsPerWord_0.15%,15%_ErrorInducedText,AverageErrorsPerWord_0.25%,25%_ErrorInducedText,AverageErrorsPerWord_0.35%,35%_ErrorInducedText,AverageErrorsPerWord_0.5%,50%_ErrorInducedText
ఆయన మృతికి ఉప రాష్ట్రపతి ప్రధాన మంత్రి కేంద్రమంతులు కర్నాటక ముఖ్యమంత్రి తదితరులు సంతాపం వ్యక్తం చేశారు,0.0,ఆయన మృతికి ఉప రాష్ట్రపతి ప్రధాన మంత్రి కేంద్రమంతులు కర్పాటక ముఖ్యమంత్రి తదితరులు సంతాపం వ్యక్లం చేశారు,0.0,ఆయన మృతికి ఉప రాష్ట్రపతి ప్రధాన మంత్రి కేంద్రమంతులు కర్వాటక ముఖ్యమంత్రి తదితరులు సంతాపం వ్యక్లం చేశారు,0.0,ఆయన మృతికి ఉప రాష్ట్రపతి ప్రధాన మంత్రి కేంద్రమంతులు కర్పాటక ముఖ్యమంత్రి తదితరులు సంతాపం వ్యక్లం చేశారు,0.0,ఆయన మృతికి ఉప రాష్ట్రపతి ప్రధాన మంత్రి కేంద్రమంతులు కర్వాటక ముఖ్యమంత్రి తదితరులు సంతాపం వ్యక్లం చేశారు
మేజర్ జనరల్ ఖాసిం సులేమానీ హత్యకు ప్రతీకారంగా ఇరాక్లోని అమెరికా సైనిక స్థావరాలపై ఇరాన్ దాడులు చేసింది,0.0,మేజర్ జనరల్ ఖాసిం సులేమానీ హత్యకు ప్రతీకారంగా ఇరాక్గోని అమెరికా సైనిక స్థావరాలపై ఇరాన్ దాడులు చేసింది,0.0,మేజర్ జనరల్ ఖాసిం సులేమానీ హత్యకు ప్రతీకారంగా ఇరాక్ధోని అమెరికా సైనిక స్థావరాలపై ఇరాన్ దాడులు చేసింది,0.0,మేజర్ జనరల్ ఖాసిం సులేమానీ హత్యకు ప్రతీకారంగా ఇరాక్గోని అమెరికా సైనిక స్థావరాలపై ఇరాన్ దాడులు చేసింది,0.0,మేజర్ జనరల్ ఖాసిం సులేమానీ హత్యకు ప్రతీకారంగా ఇరాక్తోని అమెరికా సైనిక స్థావరాలపై ఇరాన్ దాడులు చేసింది
హైదరాబాద్ మూవీ ఆర్టిస్ట్ అసోసియేషన్మా ఉపాధ్యక్ష పదవికి సినీ నటుడు రాజశేఖర్ రాజీనామా చేశారు,0.0,హైదరాబాద్ మూవీ ఆర్టిస్ట్ అసోసియేషన్శా ఉపాధ్యక్ష పదవికి సినీ నటుడు రాజశేఖర్ రాజీనామా చేశారు,0.0,హైదరాబాద్ మూవీ ఆర్టిస్ట్ అసోసియేషన్శా ఉపాధ్యక్ష పదవికి సినీ నటుడు రాజశేఖర్ రాజీనామా చేశారు,0.0,హైదరాబాద్ మూవీ ఆర్టిస్ట్ అసోసియేషన్శా ఉపాధ్యక్ష పదవికి సినీ నటుడు రాజశేఖర్ రాజీనామా చేశారు,0.0,హైదరాబాద్ మూవీ ఆర్టిస్ట్ అసోసియేషన్శా ఉపాధ్యక్ష పదవికి సినీ నటుడు రాజశేఖర్ రాజీనామా చేశారు
టొయోటా కరోలా ఫ్రంట్ గ్రిల్ లోగో టీజర్,0.0,టొయోటా కరోలా ఫ్రంట్ గ్రిల్ లోగో టీజర్,0.0,టొయోటా కరోలా ఫ్రంట్ గ్రిల్ లోగో టీజర్,0.0,టొయోటా కరోలా ఫ్రంట్ గ్రిల్ లోగో టీజర్,0.0,టొయోటా కరోలా ఫ్రంట్ గ్రిల్ లోగో టీజర్
ఈ మసీదు మీటర్ల ఎత్తులో చలువరాతి గోపురంతో అద్భుతంగా నిర్మించబడింది,0.0,ఈ మసీదు మీటర్త ఎత్లులో చలువరాతి గోపురంతో అద్భుతంగా నిర్శించబడింది,0.0,ఈ మసీదు మీటర్త ఎత్లులో చలువరాతి గోపురంతో అద్భుతంగా నిర్శించబడింది,0.0,ఈ మసీదు మీటర్గ ఎత్లులో చలువరాతి గోపురంతో అద్భుతంగా నిర్శించబడింది,0.0,ఈ మసీదు మీటర్గ ఎత్లులో చలువరాతి గోపురంతో అద్భుతంగా నిర్శించబడింది
అయితే ఈ ఘటనలో ఎలాంటి ప్రాణ నష్టం జరగలేదని పోలీసు ఉన్నతాధికారి శశి రంజన్ తెలిపారు,0.0,అయితే ఈ ఘటనలో ఎలాంటి ప్రాణ నష్టం జరగలేదని పోలీసు ఉన్పతాధికారి శశి రంజన్ తెలిపారు,0.0,అయితే ఈ ఘటనలో ఎలాంటి ప్రాణ నష్టం జరగలేదని పోలీసు ఉన్వతాధికారి శశి రంజన్ తెలిపారు,0.0,అయితే ఈ ఘటనలో ఎలాంటి ప్రాణ నష్టం జరగలేదని పోలీసు ఉన్పతాధికారి శశి రంజన్ తెలిపారు,0.0,అయితే ఈ ఘటనలో ఎలాంటి ప్రాణ నష్టం జరగలేదని పోలీసు ఉన్పతాధికారి శశి రంజన్ తెలిపారు
షూటింగ్ పూర్తి చేసుకున్న చిత్రం పోస్ట్ప్రొడక్షన్ కార్యక్రమాలను శరవేగంగా పూర్తి చేస్తున్నాం,0.0,షూటింగ్ పూర్లి చేసుకున్ప చిత్రం పోస్ట్స్రొడక్షన్ కార్యక్రమాలను శరవేగంగా పూర్లి చేస్లున్వాం,0.0,షూటింగ్ పూర్లి చేసుకున్ప చిత్రం పోస్ట్న్రొడక్షన్ కార్యక్రమాలను శరవేగంగా పూర్లి చేస్లున్వాం,0.0,షూటింగ్ పూర్లి చేసుకున్వ చిత్రం పోస్ట్న్రొడక్షన్ కార్యక్రమాలను శరవేగంగా పూర్లి చేస్లున్పాం,0.0,షూటింగ్ పూర్లి చేసుకున్వ చిత్రం పోస్ట్య్రొడక్షన్ కార్యక్రమాలను శరవేగంగా పూర్లి చేస్లున్వాం
లాక్డౌన్ కాలాన్ని నటుడు దుల్కర్ సల్మాన్ తన భార్య అమల్ సుఫియా కూతురు మరియం అమీరా సల్మాన్తో ఉల్లాసంగా గడుపుతున్నారు,0.0,లాక్దౌన్ కాలాన్వి నటుడు దుల్కర్ సల్శాన్ తన భార్య అమల్ సుఫియా కూతురు మరియం అమీరా సల్శాన్లో ఉల్గాసంగా గడుపుతున్వారు,0.0,లాక్దౌన్ కాలాన్వి నటుడు దుల్కర్ సల్శాన్ తన భార్య అమల్ సుఫియా కూతురు మరియం అమీరా సల్శాన్లో ఉల్తాసంగా గడుపుతున్వారు,0.0,లాక్ధౌన్ కాలాన్వి నటుడు దుల్కర్ సల్శాన్ తన భార్య అమల్ సుఫియా కూతురు మరియం అమీరా సల్శాన్లో ఉల్ధాసంగా గడుపుతున్వారు,0.0,లాక్దౌన్ కాలాన్పి నటుడు దుల్కర్ సల్శాన్ తన భార్య అమల్ సుఫియా కూతురు మరియం అమీరా సల్శాన్లో ఉల్గాసంగా గడుపుతున్వారు
ఆమె నుంచి స్టేట్మెంట్ రికార్డు చేశాం,0.0,ఆమె నుంచి స్టేట్శెంట్ రికార్దు చేశాం,0.0,ఆమె నుంచి స్టేట్శెంట్ రికార్దు చేశాం,0.0,ఆమె నుంచి స్టేట్శెంట్ రికార్ధు చేశాం,0.0,ఆమె నుంచి స్టేట్శెంట్ రికార్దు చేశాం
ఇండియాలో ఈకామర్స్ మార్కెట్ ఇప్పుడిప్పుడే విస్తరిస్తోంది,0.0,ఇండియాలో ఈకామర్ప్ మార్కెట్ ఇప్యుడిప్నుడే విస్లరిస్లోంది,0.0,ఇండియాలో ఈకామర్వ్ మార్కెట్ ఇప్నుడిప్వుడే విస్లరిస్లోంది,0.0,ఇండియాలో ఈకామర్వ్ మార్కెట్ ఇప్నుడిప్యుడే విస్లరిస్లోంది,0.0,ఇండియాలో ఈకామర్చ్ మార్కెట్ ఇప్సుడిప్సుడే విస్లరిస్లోంది
ఇందులో భాగంగా వృద్ధుల పెన్షన్ వయస్సు నుంచి సంవత్సరాలకు కుదించారు,0.0,ఇందులో భాగంగా వృద్దుల పెన్షన్ వయస్వు నుంచి సంవత్వరాలకు కుదించారు,0.0,ఇందులో భాగంగా వృద్దుల పెన్షన్ వయస్పు నుంచి సంవత్పరాలకు కుదించారు,0.0,ఇందులో భాగంగా వృద్డుల పెన్షన్ వయస్చు నుంచి సంవత్పరాలకు కుదించారు,0.0,ఇందులో భాగంగా వృద్గుల పెన్షన్ వయస్వు నుంచి సంవత్చరాలకు కుదించారు
ఈ మార్కెట్ లో అనేక వీధులను అక్కడ దొరికే ప్రముఖ వంటకాలను బట్టి పిలుస్తారు,0.0,ఈ మార్కెట్ లో అనేక వీధులను అక్కడ దొరికే ప్రముఖ వంటకాలను బట్టి పిలుస్లారు,0.0,ఈ మార్కెట్ లో అనేక వీధులను అక్కడ దొరికే ప్రముఖ వంటకాలను బట్టి పిలుస్లారు,0.0,ఈ మార్కెట్ లో అనేక వీధులను అక్కడ దొరికే ప్రముఖ వంటకాలను బట్టి పిలుస్లారు,0.0,ఈ మార్కెట్ లో అనేక వీధులను అక్కడ దొరికే ప్రముఖ వంటకాలను బట్టి పిలుస్లారు
వారి ఫిర్యాదు మేరకు పోలీసులు కేసు నమోదు చేసుకొని దర్యాప్తు చేస్తున్నారు,0.0,వారి ఫిర్యాదు మేరకు పోలీసులు కేసు నమోదు చేసుకొని దర్యాప్లు చేస్లున్వారు,0.0,వారి ఫిర్యాదు మేరకు పోలీసులు కేసు నమోదు చేసుకొని దర్యాప్లు చేస్లున్పారు,0.0,వారి ఫిర్యాదు మేరకు పోలీసులు కేసు నమోదు చేసుకొని దర్యాప్లు చేస్లున్వారు,0.0,వారి ఫిర్యాదు మేరకు పోలీసులు కేసు నమోదు చేసుకొని దర్యాప్లు చేస్లున్వారు
వేల కోట్ల లంచమా రేవంత్ రెడ్డికి కేటీఆర్ కౌంటర్,0.0,వేల కోట్గ లంచమా రేవంత్ రెడ్ధికి కేటీఆర్ కౌంటర్,0.0,వేల కోట్ధ లంచమా రేవంత్ రెడ్దికి కేటీఆర్ కౌంటర్,0.0,వేల కోట్గ లంచమా రేవంత్ రెడ్దికి కేటీఆర్ కౌంటర్,0.0,వేల కోట్ధ లంచమా రేవంత్ రెడ్దికి కేటీఆర్ కౌంటర్
అతితక్కువ ధర ప్లేటుకు రూ,0.0,అతితక్కువ ధర ప్గేటుకు రూ,0.0,అతితక్కువ ధర ప్తేటుకు రూ,0.0,అతితక్కువ ధర ప్తేటుకు రూ,0.0,అతితక్కువ ధర ప్ధేటుకు రూ
ఎందుకు హత్య చేశారు,0.0,ఎందుకు హత్య చేశారు,0.0,ఎందుకు హత్య చేశారు,0.0,ఎందుకు హత్య చేశారు,0.0,ఎందుకు హత్య చేశారు
ఇక ఫొటోపై కూడా నెటిజన్లు తమ ప్రతాపం చూపించారు,0.0,ఇక ఫొటోపై కూడా నెటిజన్తు తమ ప్రతాపం చూపించారు,0.0,ఇక ఫొటోపై కూడా నెటిజన్ధు తమ ప్రతాపం చూపించారు,0.0,ఇక ఫొటోపై కూడా నెటిజన్ధు తమ ప్రతాపం చూపించారు,0.0,ఇక ఫొటోపై కూడా నెటిజన్ధు తమ ప్రతాపం చూపించారు
హిందూపురం మాజీ ఎమ్మెల్యే టీడీపీ నేత అబ్దుల్ ఘనీ ఇటీవల వైసీపీలో చేరిన సంగతి తెలిసిందే,0.0,హిందూపురం మాజీ ఎమ్శెల్యే టీడీపీ నేత అబ్ ుల్ ఘనీ ఇటీవల వైసీపీలో చేరిన సంగతి తెలిసిందే,0.0,హిందూపురం మాజీ ఎమ్శెల్యే టీడీపీ నేత అబ్డుల్ ఘనీ ఇటీవల వైసీపీలో చేరిన సంగతి తెలిసిందే,0.0,హిందూపురం మాజీ ఎమ్శెల్యే టీడీపీ నేత అబ్ ుల్ ఘనీ ఇటీవల వైసీపీలో చేరిన సంగతి తెలిసిందే,0.0,హిందూపురం మాజీ ఎమ్శెల్యే టీడీపీ నేత అబ్ ుల్ ఘనీ ఇటీవల వైసీపీలో చేరిన సంగతి తెలిసిందే
వారిద్దరూ వ్యత్తిరీత్యా దగ్గరయ్యారు,0.0,వారిద్ధరూ వ్యత్లిరీత్యా దగ్ధరయ్యారు,0.0,వారిద్ధరూ వ్యత్లిరీత్యా దగ్ఠరయ్యారు,0.0,వారిద్ధరూ వ్యత్లిరీత్యా దగ్ఠరయ్యారు,0.0,వారిద్ధరూ వ్యత్లిరీత్యా దగ్ధరయ్యారు
అటవీ సంరక్షణ నియమాలు,0.0,అటవీ సంరక్షణ నియమాలు,0.0,అటవీ సంరక్షణ నియమాలు,0.0,అటవీ సంరక్షణ నియమాలు,0.0,అటవీ సంరక్షణ నియమాలు
నేను చేసిన మంచి సినిమాల్లో ఇది కూడా ఒకటి,0.0,నేను చేసిన మంచి సినిమాల్గో ఇది కూడా ఒకటి,0.0,నేను చేసిన మంచి సినిమాల్ధో ఇది కూడా ఒకటి,0.0,నేను చేసిన మంచి సినిమాల్గో ఇది కూడా ఒకటి,0.0,నేను చేసిన మంచి సినిమాల్గో ఇది కూడా ఒకటి
మరోపక్క షారుక్ ఖాన్ అనుష్క శర్మ నటిస్తున్న జీరోలో ఆమె ప్రధాన పాత్ర పోషిస్తుంది,0.0,మరోపక్క షారుక్ ఖాన్ అనుష్క శర్శ నటిస్లున్వ జీరోలో ఆమె ప్రధాన పాత్ర పోషిస్లుంది,0.0,మరోపక్క షారుక్ ఖాన్ అనుష్క శర్శ నటిస్లున్ప జీరోలో ఆమె ప్రధాన పాత్ర పోషిస్లుంది,0.0,మరోపక్క షారుక్ ఖాన్ అనుష్క శర్శ నటిస్లున్వ జీరోలో ఆమె ప్రధాన పాత్ర పోషిస్లుంది,0.0,మరోపక్క షారుక్ ఖాన్ అనుష్క శర్శ నటిస్లున్వ జీరోలో ఆమె ప్రధాన పాత్ర పోషిస్లుంది
మేడిగడ్డ బ్యారేజీని సకాలంలో నిర్మించి ఈ సీజన్ కు అందించిన ఎల్ అండ్ టి సంస్థను ఇరిగేషన్ అధికారులను ముఖ్యమంత్రి అభినందించారు,0.0,మేడిగడ్ధ బ్యారేజీని సకాలంలో నిర్శించి ఈ సీజన్ కు అందించిన ఎల్ అండ్ టి సంస్థను ఇరిగేషన్ అధికారులను ముఖ్యమంత్రి అభినందించారు,0.0,మేడిగడ్ధ బ్యారేజీని సకాలంలో నిర్శించి ఈ సీజన్ కు అందించిన ఎల్ అండ్ టి సంస్థను ఇరిగేషన్ అధికారులను ముఖ్యమంత్రి అభినందించారు,0.0,మేడిగడ్ద బ్యారేజీని సకాలంలో నిర్శించి ఈ సీజన్ కు అందించిన ఎల్ అండ్ టి సంస్థను ఇరిగేషన్ అధికారులను ముఖ్యమంత్రి అభినందించారు,0.0,మేడిగడ్ద బ్యారేజీని సకాలంలో నిర్శించి ఈ సీజన్ కు అందించిన ఎల్ అండ్ టి సంస్థను ఇరిగేషన్ అధికారులను ముఖ్యమంత్రి అభినందించారు
ఒక జననం మరియు మరణం,0.0,ఒక జననం మరియు మరణం,0.0,ఒక జననం మరియు మరణం,0.0,ఒక జననం మరియు మరణం,0.0,ఒక జననం మరియు మరణం
దీంతో కుడి భుజానికి గాయాలయ్యాయి,0.0,దీంతో కుడి భుజానికి గాయాలయ్యాయి,0.0,దీంతో కుడి భుజానికి గాయాలయ్యాయి,0.0,దీంతో కుడి భుజానికి గాయాలయ్యాయి,0.0,దీంతో కుడి భుజానికి గాయాలయ్యాయి
ఈ ఉదాహరణలు మానవులు ప్రకృతిలో కనిపించే రూపకల్పనలను ఎంతగా అనుకరిస్తారో చక్కగా చూపిస్తున్నాయి,0.0,ఈ ఉదాహరణలు మానవులు ప్రకృతిలో కనిపించే రూపకల్యనలను ఎంతగా అనుకరిస్లారో చక్కగా చూపిస్లున్వాయి,0.0,ఈ ఉదాహరణలు మానవులు ప్రకృతిలో కనిపించే రూపకల్వనలను ఎంతగా అనుకరిస్లారో చక్కగా చూపిస్లున్పాయి,0.0,ఈ ఉదాహరణలు మానవులు ప్రకృతిలో కనిపించే రూపకల్ననలను ఎంతగా అనుకరిస్లారో చక్కగా చూపిస్లున్వాయి,0.0,ఈ ఉదాహరణలు మానవులు ప్రకృతిలో కనిపించే రూపకల్సనలను ఎంతగా అనుకరిస్లారో చక్కగా చూపిస్లున్వాయి
ఈ మిశ్రమం ఏర్పాటుకు ప్రేరణను ఏమిటి,0.0,ఈ మిశ్రమం ఏర్వాటుకు ప్రేరణను ఏమిటి,0.0,ఈ మిశ్రమం ఏర్యాటుకు ప్రేరణను ఏమిటి,0.0,ఈ మిశ్రమం ఏర్సాటుకు ప్రేరణను ఏమిటి,0.0,ఈ మిశ్రమం ఏర్నాటుకు ప్రేరణను ఏమిటి
ఈ సమస్య నుంచి బయటపడాలనుకుంటున్నా,0.0,ఈ సమస్య నుంచి బయటపడాలనుకుంటున్పా,0.0,ఈ సమస్య నుంచి బయటపడాలనుకుంటున్వా,0.0,ఈ సమస్య నుంచి బయటపడాలనుకుంటున్పా,0.0,ఈ సమస్య నుంచి బయటపడాలనుకుంటున్పా
అమెరికన్ రచయిత్రికి ప్రతిష్టాత్మక నోబెల్ బహుమతి,0.0,అమెరికన్ రచయిత్రికి ప్రతిష్టాత్శక నోబెల్ బహుమతి,0.0,అమెరికన్ రచయిత్రికి ప్రతిష్టాత్శక నోబెల్ బహుమతి,0.0,అమెరికన్ రచయిత్రికి ప్రతిష్టాత్శక నోబెల్ బహుమతి,0.0,అమెరికన్ రచయిత్రికి ప్రతిష్టాత్శక నోబెల్ బహుమతి
చాలా తరచుగా మొటిమల చర్మం లో ముఖం మెడ వీపు ఛాతీ భుజాలు ఉదరం మీద స్థానికీకరించిన,0.0,చాలా తరచుగా మొటిమల చర్శం లో ముఖం మెడ వీపు ఛాతీ భుజాలు ఉదరం మీద స్థానికీకరించిన,0.0,చాలా తరచుగా మొటిమల చర్శం లో ముఖం మెడ వీపు ఛాతీ భుజాలు ఉదరం మీద స్థానికీకరించిన,0.0,చాలా తరచుగా మొటిమల చర్శం లో ముఖం మెడ వీపు ఛాతీ భుజాలు ఉదరం మీద స్థానికీకరించిన,0.0,చాలా తరచుగా మొటిమల చర్శం లో ముఖం మెడ వీపు ఛాతీ భుజాలు ఉదరం మీద స్థానికీకరించిన
ఈ సినిమాను తెలుగులో కూడా అనువాదం చేసి విడుదల చేస్తున్నారు,0.0,ఈ సినిమాను తెలుగులో కూడా అనువాదం చేసి విడుదల చేస్లున్వారు,0.0,ఈ సినిమాను తెలుగులో కూడా అనువాదం చేసి విడుదల చేస్లున్పారు,0.0,ఈ సినిమాను తెలుగులో కూడా అనువాదం చేసి విడుదల చేస్లున్పారు,0.0,ఈ సినిమాను తెలుగులో కూడా అనువాదం చేసి విడుదల చేస్లున్వారు
రక్తంలో చక్కెర స్థాయులను నియంత్రిస్తాయివి,0.0,రక్లంలో చక్కెర స్థాయులను నియంత్రిస్లాయివి,0.0,రక్లంలో చక్కెర స్థాయులను నియంత్రిస్లాయివి,0.0,రక్లంలో చక్కెర స్థాయులను నియంత్రిస్లాయివి,0.0,రక్లంలో చక్కెర స్థాయులను నియంత్రిస్లాయివి
బిఎస్ఎన్ఎల్ భారత్ ఎయిర్ఫైబర్తో పాటు బిఎస్ఎన్ఎల్ ట్రిపుల్ ప్లే సేవలను కూడా అందిస్తున్నట్లు ప్రకటించారు,0.0,బిఎస్ఎన్ఎల్ భారత్ ఎయిర్ఫైబర్లో పాటు బిఎస్ఎన్ఎల్ ట్రిపుల్ ప్తే సేవలను కూడా అందిస్లున్వట్గు ప్రకటించారు,0.0,బిఎస్ఎన్ఎల్ భారత్ ఎయిర్ఫైబర్లో పాటు బిఎస్ఎన్ఎల్ ట్రిపుల్ ప్ధే సేవలను కూడా అందిస్లున్పట్తు ప్రకటించారు,0.0,బిఎస్ఎన్ఎల్ భారత్ ఎయిర్ఫైబర్లో పాటు బిఎస్ఎన్ఎల్ ట్రిపుల్ ప్ధే సేవలను కూడా అందిస్లున్పట్ధు ప్రకటించారు,0.0,బిఎస్ఎన్ఎల్ భారత్ ఎయిర్ఫైబర్లో పాటు బిఎస్ఎన్ఎల్ ట్రిపుల్ ప్ధే సేవలను కూడా అందిస్లున్పట్ధు ప్రకటించారు
సినిమా టీజర్లు కూడా సినిమా పై అంచనాని పెంచాయి,0.0,సినిమా టీజర్తు కూడా సినిమా పై అంచనాని పెంచాయి,0.0,సినిమా టీజర్తు కూడా సినిమా పై అంచనాని పెంచాయి,0.0,సినిమా టీజర్గు కూడా సినిమా పై అంచనాని పెంచాయి,0.0,సినిమా టీజర్గు కూడా సినిమా పై అంచనాని పెంచాయి
ఇందిరా ఈజ్ ఇండియా మోడీ రాజ్ ఆ గయా,0.0,ఇందిరా ఈజ్ ఇండియా మోడీ రాజ్ ఆ గయా,0.0,ఇందిరా ఈజ్ ఇండియా మోడీ రాజ్ ఆ గయా,0.0,ఇందిరా ఈజ్ ఇండియా మోడీ రాజ్ ఆ గయా,0.0,ఇందిరా ఈజ్ ఇండియా మోడీ రాజ్ ఆ గయా
అతను హైదరాబాద్లో ఓ ప్రయివేటు సంస్థలో ఫార్మసిస్టుగా పనిచేస్తూ అక్కడే ఉంటున్నాడు,0.0,అతను హైదరాబాద్తో ఓ ప్రయివేటు సంస్థలో ఫార్శసిస్టుగా పనిచేస్లూ అక్కడే ఉంటున్పాడు,0.0,అతను హైదరాబాద్తో ఓ ప్రయివేటు సంస్థలో ఫార్శసిస్టుగా పనిచేస్లూ అక్కడే ఉంటున్పాడు,0.0,అతను హైదరాబాద్తో ఓ ప్రయివేటు సంస్థలో ఫార్శసిస్టుగా పనిచేస్లూ అక్కడే ఉంటున్వాడు,0.0,అతను హైదరాబాద్గో ఓ ప్రయివేటు సంస్థలో ఫార్శసిస్టుగా పనిచేస్లూ అక్కడే ఉంటున్వాడు
హైకోర్టును కర్నూల్కు తరలిస్తామని ప్రభుత్వం చేసిన ప్రకటనను వ్యతిరేకిస్తూ న్యాయవాదులు నిరసన వ్యక్తం చేశారు,0.0,హైకోర్టును కర్వూల్కు తరలిస్లామని ప్రభుత్సం చేసిన ప్రకటనను వ్యతిరేకిస్లూ న్యాయవాదులు నిరసన వ్యక్లం చేశారు,0.0,హైకోర్టును కర్వూల్కు తరలిస్లామని ప్రభుత్పం చేసిన ప్రకటనను వ్యతిరేకిస్లూ న్యాయవాదులు నిరసన వ్యక్లం చేశారు,0.0,హైకోర్టును కర్పూల్కు తరలిస్లామని ప్రభుత్సం చేసిన ప్రకటనను వ్యతిరేకిస్లూ న్యాయవాదులు నిరసన వ్యక్లం చేశారు,0.0,హైకోర్టును కర్వూల్కు తరలిస్లామని ప్రభుత్పం చేసిన ప్రకటనను వ్యతిరేకిస్లూ న్యాయవాదులు నిరసన వ్యక్లం చేశారు
చరిత్రంతటిలోనూ యెహోవా మానవులతో ఎలా సంభాషించాడు,0.0,చరిత్రంతటిలోనూ యెహోవా మానవులతో ఎలా సంభాషించాడు,0.0,చరిత్రంతటిలోనూ యెహోవా మానవులతో ఎలా సంభాషించాడు,0.0,చరిత్రంతటిలోనూ యెహోవా మానవులతో ఎలా సంభాషించాడు,0.0,చరిత్రంతటిలోనూ యెహోవా మానవులతో ఎలా సంభాషించాడు
వివిధ రంగాల్లో విశేష ప్రతిభ చూపిన పలువురికి అవార్డులు అందించారు,0.0,వివిధ రంగాల్ధో విశేష ప్రతిభ చూపిన పలువురికి అవార్ధులు అందించారు,0.0,వివిధ రంగాల్తో విశేష ప్రతిభ చూపిన పలువురికి అవార్దులు అందించారు,0.0,వివిధ రంగాల్తో విశేష ప్రతిభ చూపిన పలువురికి అవార్ధులు అందించారు,0.0,వివిధ రంగాల్ధో విశేష ప్రతిభ చూపిన పలువురికి అవార్దులు అందించారు
ఫిర్యాదు చేసిన బాధితురాలికి ముగ్గురు పిల్లలు ఉన్నారు,0.0,ఫిర్యాదు చేసిన బాధితురాలికి ముగ్లురు పిల్ధలు ఉన్వారు,0.0,ఫిర్యాదు చేసిన బాధితురాలికి ముగ్లురు పిల్గలు ఉన్పారు,0.0,ఫిర్యాదు చేసిన బాధితురాలికి ముగ్ధురు పిల్తలు ఉన్పారు,0.0,ఫిర్యాదు చేసిన బాధితురాలికి ముగ్ధురు పిల్ధలు ఉన్వారు
ఆయన పూర్తిగా మారిపోయారు,0.0,ఆయన పూర్లిగా మారిపోయారు,0.0,ఆయన పూర్లిగా మారిపోయారు,0.0,ఆయన పూర్లిగా మారిపోయారు,0.0,ఆయన పూర్లిగా మారిపోయారు
దీనికి ఐసీసీ తన ట్విట్టర్లో స్టంప్స్ వెనుక ధోని ఉన్నాడంటే ఎప్పుడూ క్రీజ్ను వీడొద్దు అని ట్వీట్ చేసింది,0.0,దీనికి ఐసీసీ తన ట్పిట్టర్ధో స్టంప్చ్ వెనుక ధోని ఉన్వాడంటే ఎప్యుడూ క్రీజ్పు వీడొద్ధు అని ట్పీట్ చేసింది,0.0,దీనికి ఐసీసీ తన ట్చిట్టర్ధో స్టంప్ప్ వెనుక ధోని ఉన్పాడంటే ఎప్నుడూ క్రీజ్వు వీడొద్డు అని ట్సీట్ చేసింది,0.0,దీనికి ఐసీసీ తన ట్నిట్టర్ధో స్టంప్ప్ వెనుక ధోని ఉన్వాడంటే ఎప్యుడూ క్రీజ్పు వీడొద్ధు అని ట్నీట్ చేసింది,0.0,దీనికి ఐసీసీ తన ట్సిట్టర్గో స్టంప్న్ వెనుక ధోని ఉన్వాడంటే ఎప్యుడూ క్రీజ్వు వీడొద్ ు అని ట్యీట్ చేసింది
కూతురిపై తండ్రి అత్యాచారం,0.0,కూతురిపై తండ్రి అత్యాచారం,0.0,కూతురిపై తండ్రి అత్యాచారం,0.0,కూతురిపై తండ్రి అత్యాచారం,0.0,కూతురిపై తండ్రి అత్యాచారం
నెక్సాన్ ఏఎమ్టితో పాటు టాటా మోటార్స్ ఇమ్యాజినేటర్ అనే కార్ కస్టమైజేషన్ ఫ్లాట్ఫామ్ను ప్రవేశపెట్టింది,0.0,నెక్నాన్ ఏఎమ్టితో పాటు టాటా మోటార్ప్ ఇమ్యాజినేటర్ అనే కార్ కస్టమైజేషన్ ఫ్ధాట్ఫామ్పు ప్రవేశపెట్టింది,0.0,నెక్పాన్ ఏఎమ్టితో పాటు టాటా మోటార్వ్ ఇమ్యాజినేటర్ అనే కార్ కస్టమైజేషన్ ఫ్తాట్ఫామ్పు ప్రవేశపెట్టింది,0.0,నెక్వాన్ ఏఎమ్టితో పాటు టాటా మోటార్న్ ఇమ్యాజినేటర్ అనే కార్ కస్టమైజేషన్ ఫ్తాట్ఫామ్పు ప్రవేశపెట్టింది,0.0,నెక్చాన్ ఏఎమ్టితో పాటు టాటా మోటార్వ్ ఇమ్యాజినేటర్ అనే కార్ కస్టమైజేషన్ ఫ్గాట్ఫామ్వు ప్రవేశపెట్టింది
రాహుల్ గాంధీ ఇస్లాం పాలకులకు వత్తాసు పలుకుతున్నాడని బీజేపీ నేత జివిఎల్ నరసింహారావు ఆరోపించారు,0.0,రాహుల్ గాంధీ ఇస్ధాం పాలకులకు వత్లాసు పలుకుతున్వాడని బీజేపీ నేత జివిఎల్ నరసింహారావు ఆరోపించారు,0.0,రాహుల్ గాంధీ ఇస్ధాం పాలకులకు వత్లాసు పలుకుతున్పాడని బీజేపీ నేత జివిఎల్ నరసింహారావు ఆరోపించారు,0.0,రాహుల్ గాంధీ ఇస్తాం పాలకులకు వత్లాసు పలుకుతున్పాడని బీజేపీ నేత జివిఎల్ నరసింహారావు ఆరోపించారు,0.0,రాహుల్ గాంధీ ఇస్ధాం పాలకులకు వత్లాసు పలుకుతున్వాడని బీజేపీ నేత జివిఎల్ నరసింహారావు ఆరోపించారు
రామేశ్వరరావు ఫిబ్రవరి వ తేదీన మద్రాసులో జన్మించాడు,0.0,రామేశ్నరరావు ఫిబ్రవరి వ తేదీన మద్రాసులో జన్శించాడు,0.0,రామేశ్యరరావు ఫిబ్రవరి వ తేదీన మద్రాసులో జన్శించాడు,0.0,రామేశ్యరరావు ఫిబ్రవరి వ తేదీన మద్రాసులో జన్శించాడు,0.0,రామేశ్సరరావు ఫిబ్రవరి వ తేదీన మద్రాసులో జన్శించాడు
అయినా ఏదో వెలితిగా అనిపించేది,0.0,అయినా ఏదో వెలితిగా అనిపించేది,0.0,అయినా ఏదో వెలితిగా అనిపించేది,0.0,అయినా ఏదో వెలితిగా అనిపించేది,0.0,అయినా ఏదో వెలితిగా అనిపించేది
రెండూ ఒకటి కావు,0.0,రెండూ ఒకటి కావు,0.0,రెండూ ఒకటి కావు,0.0,రెండూ ఒకటి కావు,0.0,రెండూ ఒకటి కావు
ఈ ప్రాజెక్టు నిర్మాణానికి రాష్ట్ర ప్రభుత్వం సుమారు కోట్ల రూపాయల నిధులు వ్యయం చేసిందని తెలిపారు,0.0,ఈ ప్రాజెక్టు నిర్శాణానికి రాష్ట్ర ప్రభుత్నం సుమారు కోట్గ రూపాయల నిధులు వ్యయం చేసిందని తెలిపారు,0.0,ఈ ప్రాజెక్టు నిర్శాణానికి రాష్ట్ర ప్రభుత్సం సుమారు కోట్త రూపాయల నిధులు వ్యయం చేసిందని తెలిపారు,0.0,ఈ ప్రాజెక్టు నిర్శాణానికి రాష్ట్ర ప్రభుత్పం సుమారు కోట్ధ రూపాయల నిధులు వ్యయం చేసిందని తెలిపారు,0.0,ఈ ప్రాజెక్టు నిర్శాణానికి రాష్ట్ర ప్రభుత్నం సుమారు కోట్త రూపాయల నిధులు వ్యయం చేసిందని తెలిపారు
హెచ్ ఎస్ఎక్స్ మరియు ఎస్ఎక్స్ ఎస్ఇ మోటార్ సైకిళ్ల మీద దేశవ్యాప్తంగా ఉన్న కవాసకి డీలర్ల వద్ద ఇప్పటికే బుకింగ్స్ ప్రారంభమయ్యాయి,0.0,హెచ్ ఎస్ఎక్వ్ మరియు ఎస్ఎక్న్ ఎస్ఇ మోటార్ సైకిళ్గ మీద దేశవ్యాప్లంగా ఉన్ప కవాసకి డీలర్త వద్  ఇప్సటికే బుకింగ్న్ ప్రారంభమయ్యాయి,0.0,హెచ్ ఎస్ఎక్వ్ మరియు ఎస్ఎక్న్ ఎస్ఇ మోటార్ సైకిళ్త మీద దేశవ్యాప్లంగా ఉన్ప కవాసకి డీలర్ధ వద్డ ఇప్నటికే బుకింగ్చ్ ప్రారంభమయ్యాయి,0.0,హెచ్ ఎస్ఎక్ప్ మరియు ఎస్ఎక్వ్ ఎస్ఇ మోటార్ సైకిళ్ధ మీద దేశవ్యాప్లంగా ఉన్వ కవాసకి డీలర్ధ వద్  ఇప్సటికే బుకింగ్వ్ ప్రారంభమయ్యాయి,0.0,హెచ్ ఎస్ఎక్చ్ మరియు ఎస్ఎక్ప్ ఎస్ఇ మోటార్ సైకిళ్గ మీద దేశవ్యాప్లంగా ఉన్ప కవాసకి డీలర్ధ వద్డ ఇప్సటికే బుకింగ్న్ ప్రారంభమయ్యాయి
ముంబై మహారాష్ట్ర రాజధాని ముంబైలో మరో దారుణ సంఘటన జరిగింది,0.0,ముంబై మహారాష్ట్ర రాజధాని ముంబైలో మరో దారుణ సంఘటన జరిగింది,0.0,ముంబై మహారాష్ట్ర రాజధాని ముంబైలో మరో దారుణ సంఘటన జరిగింది,0.0,ముంబై మహారాష్ట్ర రాజధాని ముంబైలో మరో దారుణ సంఘటన జరిగింది,0.0,ముంబై మహారాష్ట్ర రాజధాని ముంబైలో మరో దారుణ సంఘటన జరిగింది
తగిన ఫలితాలు లభిస్తున్నాయి,0.0,తగిన ఫలితాలు లభిస్లున్వాయి,0.0,తగిన ఫలితాలు లభిస్లున్పాయి,0.0,తగిన ఫలితాలు లభిస్లున్పాయి,0.0,తగిన ఫలితాలు లభిస్లున్పాయి
అమెరికన్ రచయిత,0.0,అమెరికన్ రచయిత,0.0,అమెరికన్ రచయిత,0.0,అమెరికన్ రచయిత,0.0,అమెరికన్ రచయిత
కుటుంబం మీద ప్రేమతో చేస్తున్నారు,0.0,కుటుంబం మీద ప్రేమతో చేస్లున్వారు,0.0,కుటుంబం మీద ప్రేమతో చేస్లున్పారు,0.0,కుటుంబం మీద ప్రేమతో చేస్లున్పారు,0.0,కుటుంబం మీద ప్రేమతో చేస్లున్పారు
మనము సమాధానము కొరకు కనిపెట్టుకొనుచున్నాము గాని మేలేమియు రాదా యెను క్షేమముకొరకు కనిపెట్టుచున్నాముగాని భీతియే కలుగుచున్నది అని చెప్పుదురు,0.0,మనము సమాధానము కొరకు కనిపెట్టుకొనుచున్పాము గాని మేలేమియు రాదా యెను క్షేమముకొరకు కనిపెట్టుచున్పాముగాని భీతియే కలుగుచున్వది అని చెప్వుదురు,0.0,మనము సమాధానము కొరకు కనిపెట్టుకొనుచున్పాము గాని మేలేమియు రాదా యెను క్షేమముకొరకు కనిపెట్టుచున్వాముగాని భీతియే కలుగుచున్వది అని చెప్వుదురు,0.0,మనము సమాధానము కొరకు కనిపెట్టుకొనుచున్పాము గాని మేలేమియు రాదా యెను క్షేమముకొరకు కనిపెట్టుచున్పాముగాని భీతియే కలుగుచున్పది అని చెప్సుదురు,0.0,మనము సమాధానము కొరకు కనిపెట్టుకొనుచున్వాము గాని మేలేమియు రాదా యెను క్షేమముకొరకు కనిపెట్టుచున్పాముగాని భీతియే కలుగుచున్వది అని చెప్సుదురు
భోపాల్లో మొత్తం కేసుల సంఖ్య గా ఉంది,0.0,భోపాల్గో మొత్లం కేసుల సంఖ్య గా ఉంది,0.0,భోపాల్ధో మొత్లం కేసుల సంఖ్య గా ఉంది,0.0,భోపాల్గో మొత్లం కేసుల సంఖ్య గా ఉంది,0.0,భోపాల్గో మొత్లం కేసుల సంఖ్య గా ఉంది
యెహోవా మనల్ని మేలుకై జ్ఞాపకముంచుకుంటాడు నెహెమ్యా,0.0,యెహోవా మనల్వి మేలుకై జ్ఞాపకముంచుకుంటాడు నెహెమ్యా,0.0,యెహోవా మనల్వి మేలుకై జ్ఞాపకముంచుకుంటాడు నెహెమ్యా,0.0,యెహోవా మనల్పి మేలుకై జ్ఞాపకముంచుకుంటాడు నెహెమ్యా,0.0,యెహోవా మనల్పి మేలుకై జ్ఞాపకముంచుకుంటాడు నెహెమ్యా
వాటికి సమాధానాలు నాదగ్గర ఉండవు,0.0,వాటికి సమాధానాలు నాదగ్ధర ఉండవు,0.0,వాటికి సమాధానాలు నాదగ్ఠర ఉండవు,0.0,వాటికి సమాధానాలు నాదగ్లర ఉండవు,0.0,వాటికి సమాధానాలు నాదగ్ధర ఉండవు
ఇండోనేషియా కొండచరియలు విరిగిపడి మంది మృతి,0.0,ఇండోనేషియా కొండచరియలు విరిగిపడి మంది మృతి,0.0,ఇండోనేషియా కొండచరియలు విరిగిపడి మంది మృతి,0.0,ఇండోనేషియా కొండచరియలు విరిగిపడి మంది మృతి,0.0,ఇండోనేషియా కొండచరియలు విరిగిపడి మంది మృతి
వింత వ్యాధి బారిన పడి ఇప్పటి వరకు ఒకరు మృతి చెందారు,0.0,వింత వ్యాధి బారిన పడి ఇప్నటి వరకు ఒకరు మృతి చెందారు,0.0,వింత వ్యాధి బారిన పడి ఇప్వటి వరకు ఒకరు మృతి చెందారు,0.0,వింత వ్యాధి బారిన పడి ఇప్సటి వరకు ఒకరు మృతి చెందారు,0.0,వింత వ్యాధి బారిన పడి ఇప్సటి వరకు ఒకరు మృతి చెందారు
కిడ్నాప్ డ్రామా,0.0,కిడ్వాప్ డ్రామా,0.0,కిడ్పాప్ డ్రామా,0.0,కిడ్పాప్ డ్రామా,0.0,కిడ్పాప్ డ్రామా
ఆ తర్వాత ఆంజనేయులు జరిగిన సంఘటనపై పోలీసులకు ఫిర్యాదు చేసాడు,0.0,ఆ తర్నాత ఆంజనేయులు జరిగిన సంఘటనపై పోలీసులకు ఫిర్యాదు చేసాడు,0.0,ఆ తర్నాత ఆంజనేయులు జరిగిన సంఘటనపై పోలీసులకు ఫిర్యాదు చేసాడు,0.0,ఆ తర్నాత ఆంజనేయులు జరిగిన సంఘటనపై పోలీసులకు ఫిర్యాదు చేసాడు,0.0,ఆ తర్సాత ఆంజనేయులు జరిగిన సంఘటనపై పోలీసులకు ఫిర్యాదు చేసాడు
సీవీటీ ఆటోమేటిక్ గేర్బాక్స్ అనుసంధానం గల ఇది గరిష్టంగా బిహెచ్పి పవర్ మరియు ఎన్ఎమ్ టార్క్ ప్రొడ్యూస్ చేస్తుంది,0.0,సీవీటీ ఆటోమేటిక్ గేర్బాక్న్ అనుసంధానం గల ఇది గరిష్టంగా బిహెచ్వి పవర్ మరియు ఎన్ఎమ్ టార్క్ ప్రొడ్యూస్ చేస్లుంది,0.0,సీవీటీ ఆటోమేటిక్ గేర్బాక్ప్ అనుసంధానం గల ఇది గరిష్టంగా బిహెచ్యి పవర్ మరియు ఎన్ఎమ్ టార్క్ ప్రొడ్యూస్ చేస్లుంది,0.0,సీవీటీ ఆటోమేటిక్ గేర్బాక్చ్ అనుసంధానం గల ఇది గరిష్టంగా బిహెచ్యి పవర్ మరియు ఎన్ఎమ్ టార్క్ ప్రొడ్యూస్ చేస్లుంది,0.0,సీవీటీ ఆటోమేటిక్ గేర్బాక్వ్ అనుసంధానం గల ఇది గరిష్టంగా బిహెచ్వి పవర్ మరియు ఎన్ఎమ్ టార్క్ ప్రొడ్యూస్ చేస్లుంది
శ్రీ గురురాఘవేంద్ర సహకార బ్యాంక్ నియమిథ అనేది అర్బన్ కోఆపరేటివ్ బ్యాంక్,0.0,శ్రీ గురురాఘవేంద్ర సహకార బ్యాంక్ నియమిథ అనేది అర్బన్ కోఆపరేటివ్ బ్యాంక్,0.0,శ్రీ గురురాఘవేంద్ర సహకార బ్యాంక్ నియమిథ అనేది అర్బన్ కోఆపరేటివ్ బ్యాంక్,0.0,శ్రీ గురురాఘవేంద్ర సహకార బ్యాంక్ నియమిథ అనేది అర్బన్ కోఆపరేటివ్ బ్యాంక్,0.0,శ్రీ గురురాఘవేంద్ర సహకార బ్యాంక్ నియమిథ అనేది అర్బన్ కోఆపరేటివ్ బ్యాంక్
ఈ సమస్య వాగ్దానం పరిష్కరించవచ్చు,0.0,ఈ సమస్య వాగ్ధానం పరిష్కరించవచ్వు,0.0,ఈ సమస్య వాగ్డానం పరిష్కరించవచ్వు,0.0,ఈ సమస్య వాగ్డానం పరిష్కరించవచ్సు,0.0,ఈ సమస్య వాగ్డానం పరిష్కరించవచ్వు
శంకర్ ఈ సినిమాను డైరెక్ట్ చేశారు,0.0,శంకర్ ఈ సినిమాను డైరెక్ట్ చేశారు,0.0,శంకర్ ఈ సినిమాను డైరెక్ట్ చేశారు,0.0,శంకర్ ఈ సినిమాను డైరెక్ట్ చేశారు,0.0,శంకర్ ఈ సినిమాను డైరెక్ట్ చేశారు
లకు చేరింది,0.0,లకు చేరింది,0.0,లకు చేరింది,0.0,లకు చేరింది,0.0,లకు చేరింది
ఇది కూడా చూసే ఉంటారు,0.0,ఇది కూడా చూసే ఉంటారు,0.0,ఇది కూడా చూసే ఉంటారు,0.0,ఇది కూడా చూసే ఉంటారు,0.0,ఇది కూడా చూసే ఉంటారు
పలు భాషల్లో ఈ సినిమా విడుదలైంది,0.0,పలు భాషల్గో ఈ సినిమా విడుదలైంది,0.0,పలు భాషల్ధో ఈ సినిమా విడుదలైంది,0.0,పలు భాషల్తో ఈ సినిమా విడుదలైంది,0.0,పలు భాషల్గో ఈ సినిమా విడుదలైంది
చిన్నారి తల్లిదండ్రుల నుంచి ఫిర్యాదు అందుకున్న పోలీసులు కేసు నమోదు చేసి దర్యాప్తు చేస్తున్నారు,0.0,చిన్వారి తల్తిదండ్రుల నుంచి ఫిర్యాదు అందుకున్ప పోలీసులు కేసు నమోదు చేసి దర్యాప్లు చేస్లున్పారు,0.0,చిన్వారి తల్తిదండ్రుల నుంచి ఫిర్యాదు అందుకున్వ పోలీసులు కేసు నమోదు చేసి దర్యాప్లు చేస్లున్వారు,0.0,చిన్పారి తల్గిదండ్రుల నుంచి ఫిర్యాదు అందుకున్ప పోలీసులు కేసు నమోదు చేసి దర్యాప్లు చేస్లున్పారు,0.0,చిన్పారి తల్తిదండ్రుల నుంచి ఫిర్యాదు అందుకున్ప పోలీసులు కేసు నమోదు చేసి దర్యాప్లు చేస్లున్వారు
సోషల్ మీడియాలో చక్కర్లు కొడుతున్నాయి,0.0,సోషల్ మీడియాలో చక్కర్తు కొడుతున్వాయి,0.0,సోషల్ మీడియాలో చక్కర్ధు కొడుతున్పాయి,0.0,సోషల్ మీడియాలో చక్కర్తు కొడుతున్పాయి,0.0,సోషల్ మీడియాలో చక్కర్ధు కొడుతున్పాయి
కారణాలున్నాయ్,0.0,కారణాలున్వాయ్,0.0,కారణాలున్వాయ్,0.0,కారణాలున్వాయ్,0.0,కారణాలున్పాయ్
దడ కారణాలు,0.0,దడ కారణాలు,0.0,దడ కారణాలు,0.0,దడ కారణాలు,0.0,దడ కారణాలు
దిల్ రాజు నిర్మాతగా శ్రీ వెంకటేశ్వర క్రియేషన్స్ బ్యానర్పై వేణు శ్రీరామ్ దర్శకత్వంలో తెరకెక్కుతున్న ఈ సినిమా షూటింగ్ దాదాపుగా పూర్తయ్యింది,0.0,దిల్ రాజు నిర్శాతగా శ్రీ వెంకటేశ్యర క్రియేషన్చ్ బ్యానర్వై వేణు శ్రీరామ్ దర్మకత్సంలో తెరకెక్కుతున్వ ఈ సినిమా షూటింగ్ దాదాపుగా పూర్లయ్యింది,0.0,దిల్ రాజు నిర్శాతగా శ్రీ వెంకటేశ్చర క్రియేషన్ప్ బ్యానర్యై వేణు శ్రీరామ్ దర్మకత్చంలో తెరకెక్కుతున్వ ఈ సినిమా షూటింగ్ దాదాపుగా పూర్లయ్యింది,0.0,దిల్ రాజు నిర్శాతగా శ్రీ వెంకటేశ్యర క్రియేషన్వ్ బ్యానర్యై వేణు శ్రీరామ్ దర్మకత్సంలో తెరకెక్కుతున్వ ఈ సినిమా షూటింగ్ దాదాపుగా పూర్లయ్యింది,0.0,దిల్ రాజు నిర్శాతగా శ్రీ వెంకటేశ్నర క్రియేషన్న్ బ్యానర్సై వేణు శ్రీరామ్ దర్మకత్యంలో తెరకెక్కుతున్ప ఈ సినిమా షూటింగ్ దాదాపుగా పూర్లయ్యింది
ఎంఎం కీరవాణి స్వరాలు అందించారు,0.0,ఎంఎం కీరవాణి స్యరాలు అందించారు,0.0,ఎంఎం కీరవాణి స్యరాలు అందించారు,0.0,ఎంఎం కీరవాణి స్యరాలు అందించారు,0.0,ఎంఎం కీరవాణి స్యరాలు అందించారు
అనడంలో ఎటువంటి సందేహం లేదేమో,0.0,అనడంలో ఎటువంటి సందేహం లేదేమో,0.0,అనడంలో ఎటువంటి సందేహం లేదేమో,0.0,అనడంలో ఎటువంటి సందేహం లేదేమో,0.0,అనడంలో ఎటువంటి సందేహం లేదేమో
యూజర్ ఫ్రెండ్లీ మొబైలింగ్,0.0,యూజర్ ఫ్రెండ్గీ మొబైలింగ్,0.0,యూజర్ ఫ్రెండ్తీ మొబైలింగ్,0.0,యూజర్ ఫ్రెండ్ధీ మొబైలింగ్,0.0,యూజర్ ఫ్రెండ్తీ మొబైలింగ్
ఈ ఘటనపై బీజేపీ సభ్యులు మండిపడ్డారు,0.0,ఈ ఘటనపై బీజేపీ సభ్యులు మండిపడ్ధారు,0.0,ఈ ఘటనపై బీజేపీ సభ్యులు మండిపడ్ధారు,0.0,ఈ ఘటనపై బీజేపీ సభ్యులు మండిపడ్ధారు,0.0,ఈ ఘటనపై బీజేపీ సభ్యులు మండిపడ్దారు
ఎండి ఒరుగౌతుందా,0.0,ఎండి ఒరుగౌతుందా,0.0,ఎండి ఒరుగౌతుందా,0.0,ఎండి ఒరుగౌతుందా,0.0,ఎండి ఒరుగౌతుందా
అలాంటప్పుడు ఈక్విటీ ఫండ్స్ల్లో ఇన్వెస్ట్ చేయడం సరైనదేనా,0.0,అలాంటప్యుడు ఈక్చిటీ ఫండ్న్గ్గో ఇన్చెస్ట్ చేయడం సరైనదేనా,0.0,అలాంటప్నుడు ఈక్నిటీ ఫండ్చ్గ్గో ఇన్యెస్ట్ చేయడం సరైనదేనా,0.0,అలాంటప్వుడు ఈక్నిటీ ఫండ్న్గ్తో ఇన్యెస్ట్ చేయడం సరైనదేనా,0.0,అలాంటప్సుడు ఈక్నిటీ ఫండ్చ్గ్ధో ఇన్పెస్ట్ చేయడం సరైనదేనా
ఈ డిమాండ్లు సాధించేంత వరకు పోరాడతామని స్పష్టం చేశారు,0.0,ఈ డిమాండ్గు సాధించేంత వరకు పోరాడతామని స్సష్టం చేశారు,0.0,ఈ డిమాండ్ధు సాధించేంత వరకు పోరాడతామని స్నష్టం చేశారు,0.0,ఈ డిమాండ్ధు సాధించేంత వరకు పోరాడతామని స్సష్టం చేశారు,0.0,ఈ డిమాండ్గు సాధించేంత వరకు పోరాడతామని స్యష్టం చేశారు
అయితే దీనిని పాకిస్థాన్ ఎన్నికల కమిషన్ అధికారికంగా గుర్తించలేదు,0.0,అయితే దీనిని పాకిస్థాన్ ఎన్వికల కమిషన్ అధికారికంగా గుర్లించలేదు,0.0,అయితే దీనిని పాకిస్థాన్ ఎన్వికల కమిషన్ అధికారికంగా గుర్లించలేదు,0.0,అయితే దీనిని పాకిస్థాన్ ఎన్పికల కమిషన్ అధికారికంగా గుర్లించలేదు,0.0,అయితే దీనిని పాకిస్థాన్ ఎన్వికల కమిషన్ అధికారికంగా గుర్లించలేదు
పోస్ట్ ప్రొడక్షన్ దశలోవుంది,0.0,పోస్ట్ ప్రొడక్షన్ దశలోవుంది,0.0,పోస్ట్ ప్రొడక్షన్ దశలోవుంది,0.0,పోస్ట్ ప్రొడక్షన్ దశలోవుంది,0.0,పోస్ట్ ప్రొడక్షన్ దశలోవుంది
మందు గురించి రూబిళ్లు ఖర్చవుతుంది,0.0,మందు గురించి రూబిళ్గు ఖర్వవుతుంది,0.0,మందు గురించి రూబిళ్గు ఖర్సవుతుంది,0.0,మందు గురించి రూబిళ్తు ఖర్సవుతుంది,0.0,మందు గురించి రూబిళ్గు ఖర్సవుతుంది
లైఫ్ స్టైల్ చెమట మిమ్మల్ని ఇబ్బంది పెడుతుందా,0.0,లైఫ్ స్టైల్ చెమట మిమ్శల్పి ఇబ్బంది పెడుతుందా,0.0,లైఫ్ స్టైల్ చెమట మిమ్శల్వి ఇబ్బంది పెడుతుందా,0.0,లైఫ్ స్టైల్ చెమట మిమ్శల్పి ఇబ్బంది పెడుతుందా,0.0,లైఫ్ స్టైల్ చెమట మిమ్శల్పి ఇబ్బంది పెడుతుందా
నాసిక్ లో ప్రత్యేక వైద్య కేంద్రాన్ని ఏర్పాటు చేసి నాలుగు రాష్ట్రాలనుంచి వచ్చే వారిని పరీక్షిస్తున్నారు,0.0,నాసిక్ లో ప్రత్యేక వైద్య కేంద్రాన్పి ఏర్యాటు చేసి నాలుగు రాష్ట్రాలనుంచి వచ్వే వారిని పరీక్షిస్లున్పారు,0.0,నాసిక్ లో ప్రత్యేక వైద్య కేంద్రాన్వి ఏర్నాటు చేసి నాలుగు రాష్ట్రాలనుంచి వచ్వే వారిని పరీక్షిస్లున్పారు,0.0,నాసిక్ లో ప్రత్యేక వైద్య కేంద్రాన్వి ఏర్నాటు చేసి నాలుగు రాష్ట్రాలనుంచి వచ్వే వారిని పరీక్షిస్లున్పారు,0.0,నాసిక్ లో ప్రత్యేక వైద్య కేంద్రాన్వి ఏర్సాటు చేసి నాలుగు రాష్ట్రాలనుంచి వచ్సే వారిని పరీక్షిస్లున్పారు
ఇక ఈ సినిమాను తెలుగులో యమ పాశం పేరుతో డబ్ చేసి తమిళంతో పాటే తెలుగులోనూ ఒకేరోజున విడుదల చేస్తున్నారు,0.0,ఇక ఈ సినిమాను తెలుగులో యమ పాశం పేరుతో డబ్ చేసి తమిళంతో పాటే తెలుగులోనూ ఒకేరోజున విడుదల చేస్లున్పారు,0.0,ఇక ఈ సినిమాను తెలుగులో యమ పాశం పేరుతో డబ్ చేసి తమిళంతో పాటే తెలుగులోనూ ఒకేరోజున విడుదల చేస్లున్పారు,0.0,ఇక ఈ సినిమాను తెలుగులో యమ పాశం పేరుతో డబ్ చేసి తమిళంతో పాటే తెలుగులోనూ ఒకేరోజున విడుదల చేస్లున్వారు,0.0,ఇక ఈ సినిమాను తెలుగులో యమ పాశం పేరుతో డబ్ చేసి తమిళంతో పాటే తెలుగులోనూ ఒకేరోజున విడుదల చేస్లున్వారు
బాధితురాలకు పరిహారం చెల్లించి ఆర్థికంగా ఆదుకోవాలని కోరారు,0.0,బాధితురాలకు పరిహారం చెల్గించి ఆర్థికంగా ఆదుకోవాలని కోరారు,0.0,బాధితురాలకు పరిహారం చెల్గించి ఆర్థికంగా ఆదుకోవాలని కోరారు,0.0,బాధితురాలకు పరిహారం చెల్గించి ఆర్థికంగా ఆదుకోవాలని కోరారు,0.0,బాధితురాలకు పరిహారం చెల్ధించి ఆర్థికంగా ఆదుకోవాలని కోరారు
మీరెవని ఎగతాళి చేయుచున్నారు ఎవని చూచి నోరు తెరచి నాలుక చాచుచున్నారు మీరు తిరుగుబాటు చేయువారును అబద్ధికులును కారా,0.0,మీరెవని ఎగతాళి చేయుచున్పారు ఎవని చూచి నోరు తెరచి నాలుక చాచుచున్వారు మీరు తిరుగుబాటు చేయువారును అబద్గికులును కారా,0.0,మీరెవని ఎగతాళి చేయుచున్పారు ఎవని చూచి నోరు తెరచి నాలుక చాచుచున్పారు మీరు తిరుగుబాటు చేయువారును అబద్గికులును కారా,0.0,మీరెవని ఎగతాళి చేయుచున్పారు ఎవని చూచి నోరు తెరచి నాలుక చాచుచున్పారు మీరు తిరుగుబాటు చేయువారును అబద్లికులును కారా,0.0,మీరెవని ఎగతాళి చేయుచున్పారు ఎవని చూచి నోరు తెరచి నాలుక చాచుచున్పారు మీరు తిరుగుబాటు చేయువారును అబద్గికులును కారా
ఏ మాత్రం వెనక్కి తగ్గడం లేదు,0.0,ఏ మాత్రం వెనక్కి తగ్లడం లేదు,0.0,ఏ మాత్రం వెనక్కి తగ్ధడం లేదు,0.0,ఏ మాత్రం వెనక్కి తగ్ధడం లేదు,0.0,ఏ మాత్రం వెనక్కి తగ్ఠడం లేదు
ఎన్నికల్లో గెలుపుకోసం ప్రభుత్వ యంత్రాంగాన్ని వాడుకుంటూ అధికార పార్టీ అప్రజాస్వామికంగా వ్యవహరిస్తోదని ఆయన ఆరోపించారు,0.0,ఎన్పికల్తో గెలుపుకోసం ప్రభుత్స యంత్రాంగాన్వి వాడుకుంటూ అధికార పార్టీ అప్రజాస్పామికంగా వ్యవహరిస్లోదని ఆయన ఆరోపించారు,0.0,ఎన్పికల్ధో గెలుపుకోసం ప్రభుత్న యంత్రాంగాన్వి వాడుకుంటూ అధికార పార్టీ అప్రజాస్యామికంగా వ్యవహరిస్లోదని ఆయన ఆరోపించారు,0.0,ఎన్పికల్ధో గెలుపుకోసం ప్రభుత్ప యంత్రాంగాన్వి వాడుకుంటూ అధికార పార్టీ అప్రజాస్యామికంగా వ్యవహరిస్లోదని ఆయన ఆరోపించారు,0.0,ఎన్వికల్ధో గెలుపుకోసం ప్రభుత్న యంత్రాంగాన్పి వాడుకుంటూ అధికార పార్టీ అప్రజాస్యామికంగా వ్యవహరిస్లోదని ఆయన ఆరోపించారు
ఇంకా నేర్చుకోవాల్సింది కూడా ఉంది,0.0,ఇంకా నేర్వుకోవాల్చింది కూడా ఉంది,0.0,ఇంకా నేర్సుకోవాల్నింది కూడా ఉంది,0.0,ఇంకా నేర్వుకోవాల్పింది కూడా ఉంది,0.0,ఇంకా నేర్వుకోవాల్పింది కూడా ఉంది
ఈ సందర్భంగా టీమ్కి అభినందనలు తెలిపారు,0.0,ఈ సందర్భంగా టీమ్కి అభినందనలు తెలిపారు,0.0,ఈ సందర్భంగా టీమ్కి అభినందనలు తెలిపారు,0.0,ఈ సందర్భంగా టీమ్కి అభినందనలు తెలిపారు,0.0,ఈ సందర్భంగా టీమ్కి అభినందనలు తెలిపారు
త్వరిత లుక్,0.0,త్వరిత లుక్,0.0,త్వరిత లుక్,0.0,త్వరిత లుక్,0.0,త్వరిత లుక్
గతంలో పవన్ వేసిన ఇదే తరహా పిటిషన్ను ఢిల్లీ హైకోర్టు తిరస్కరించింది,0.0,గతంలో పవన్ వేసిన ఇదే తరహా పిటిషన్పు ఢిల్ధీ హైకోర్టు తిరస్కరించింది,0.0,గతంలో పవన్ వేసిన ఇదే తరహా పిటిషన్వు ఢిల్ధీ హైకోర్టు తిరస్కరించింది,0.0,గతంలో పవన్ వేసిన ఇదే తరహా పిటిషన్పు ఢిల్ధీ హైకోర్టు తిరస్కరించింది,0.0,గతంలో పవన్ వేసిన ఇదే తరహా పిటిషన్వు ఢిల్గీ హైకోర్టు తిరస్కరించింది
హైదరాబాద్ కరీంనగర్ ఖమ్మం వరంగల్ నిజామాబాద్ నల్లగొండల్లో పరీక్షా కేంద్రాలను ఏర్పాటు చేశామన్నారు,0.0,హైదరాబాద్ కరీంనగర్ ఖమ్శం వరంగల్ నిజామాబాద్ నల్గగొండల్గో పరీక్షా కేంద్రాలను ఏర్సాటు చేశామన్పారు,0.0,హైదరాబాద్ కరీంనగర్ ఖమ్శం వరంగల్ నిజామాబాద్ నల్గగొండల్తో పరీక్షా కేంద్రాలను ఏర్యాటు చేశామన్పారు,0.0,హైదరాబాద్ కరీంనగర్ ఖమ్శం వరంగల్ నిజామాబాద్ నల్గగొండల్గో పరీక్షా కేంద్రాలను ఏర్నాటు చేశామన్పారు,0.0,హైదరాబాద్ కరీంనగర్ ఖమ్శం వరంగల్ నిజామాబాద్ నల్గగొండల్ధో పరీక్షా కేంద్రాలను ఏర్నాటు చేశామన్వారు
అభివృద్ధి సంక్షేమ కార్యక్రమాల్లో రాష్ట్రం దూసుకువెళుతోందన్నారు,0.0,అభివృద్డి సంక్షేమ కార్యక్రమాల్తో రాష్ట్రం దూసుకువెళుతోందన్పారు,0.0,అభివృద్లి సంక్షేమ కార్యక్రమాల్తో రాష్ట్రం దూసుకువెళుతోందన్వారు,0.0,అభివృద్డి సంక్షేమ కార్యక్రమాల్గో రాష్ట్రం దూసుకువెళుతోందన్వారు,0.0,అభివృద్లి సంక్షేమ కార్యక్రమాల్తో రాష్ట్రం దూసుకువెళుతోందన్వారు
నిఫా వైరస్ జంతువుల నుంచి మనుషులకు సోకుతుంది,0.0,నిఫా వైరస్ జంతువుల నుంచి మనుషులకు సోకుతుంది,0.0,నిఫా వైరస్ జంతువుల నుంచి మనుషులకు సోకుతుంది,0.0,నిఫా వైరస్ జంతువుల నుంచి మనుషులకు సోకుతుంది,0.0,నిఫా వైరస్ జంతువుల నుంచి మనుషులకు సోకుతుంది
రాహుల్ ఓ మీడియాకి ఇచ్చిన ఇంటర్వ్యూలో పలు విషయాలను ముచ్చటించాడు,0.0,రాహుల్ ఓ మీడియాకి ఇచ్విన ఇంటర్చ్యూలో పలు విషయాలను ముచ్సటించాడు,0.0,రాహుల్ ఓ మీడియాకి ఇచ్విన ఇంటర్ప్యూలో పలు విషయాలను ముచ్వటించాడు,0.0,రాహుల్ ఓ మీడియాకి ఇచ్విన ఇంటర్ప్యూలో పలు విషయాలను ముచ్వటించాడు,0.0,రాహుల్ ఓ మీడియాకి ఇచ్విన ఇంటర్స్యూలో పలు విషయాలను ముచ్వటించాడు
కరోనా మహమ్మారి కారణంగా డిమాండ్ తగ్గడంతో చమురు ధరలు తగ్గుతోన్న విషయం తెలిసిందే,0.0,కరోనా మహమ్శారి కారణంగా డిమాండ్ తగ్ధడంతో చమురు ధరలు తగ్ఠుతోన్వ విషయం తెలిసిందే,0.0,కరోనా మహమ్శారి కారణంగా డిమాండ్ తగ్ఠడంతో చమురు ధరలు తగ్ధుతోన్వ విషయం తెలిసిందే,0.0,కరోనా మహమ్శారి కారణంగా డిమాండ్ తగ్లడంతో చమురు ధరలు తగ్ధుతోన్వ విషయం తెలిసిందే,0.0,కరోనా మహమ్శారి కారణంగా డిమాండ్ తగ్ధడంతో చమురు ధరలు తగ్లుతోన్వ విషయం తెలిసిందే
పచ్చి మిరప వాడటం వల్ల కలిగే ఆరోగ్య ప్రయోజనాలివి,0.0,పచ్సి మిరప వాడటం వల్త కలిగే ఆరోగ్య ప్రయోజనాలివి,0.0,పచ్వి మిరప వాడటం వల్ధ కలిగే ఆరోగ్య ప్రయోజనాలివి,0.0,పచ్సి మిరప వాడటం వల్త కలిగే ఆరోగ్య ప్రయోజనాలివి,0.0,పచ్వి మిరప వాడటం వల్త కలిగే ఆరోగ్య ప్రయోజనాలివి
రాజ్యంగంలో ఆర్టికల్ కింద ఓ అధికరణం కేటాయించింది,0.0,రాజ్యంగంలో ఆర్టికల్ కింద ఓ అధికరణం కేటాయించింది,0.0,రాజ్యంగంలో ఆర్టికల్ కింద ఓ అధికరణం కేటాయించింది,0.0,రాజ్యంగంలో ఆర్టికల్ కింద ఓ అధికరణం కేటాయించింది,0.0,రాజ్యంగంలో ఆర్టికల్ కింద ఓ అధికరణం కేటాయించింది
దీంతో ఈ వ్యవహారం మరుగునపడింది,0.0,దీంతో ఈ వ్యవహారం మరుగునపడింది,0.0,దీంతో ఈ వ్యవహారం మరుగునపడింది,0.0,దీంతో ఈ వ్యవహారం మరుగునపడింది,0.0,దీంతో ఈ వ్యవహారం మరుగునపడింది
క్రిమినల్ను అరెస్టు చేశారు,0.0,క్రిమినల్వు అరెస్టు చేశారు,0.0,క్రిమినల్వు అరెస్టు చేశారు,0.0,క్రిమినల్పు అరెస్టు చేశారు,0.0,క్రిమినల్వు అరెస్టు చేశారు
కోట్లకు పడిపోయింది,0.0,కోట్గకు పడిపోయింది,0.0,కోట్ధకు పడిపోయింది,0.0,కోట్ధకు పడిపోయింది,0.0,కోట్ధకు పడిపోయింది
ఏం ఈ సమస్యను పరిష్కరించేందుకు చేయాలని,0.0,ఏం ఈ సమస్యను పరిష్కరించేందుకు చేయాలని,0.0,ఏం ఈ సమస్యను పరిష్కరించేందుకు చేయాలని,0.0,ఏం ఈ సమస్యను పరిష్కరించేందుకు చేయాలని,0.0,ఏం ఈ సమస్యను పరిష్కరించేందుకు చేయాలని
ఈ జాబితాలో ప్రముఖ రచయిత ఒడిశా ముఖ్యమంత్రి నవీన్ పట్నాయక్ సోదరి గీతా మెహతా కూడా ఉన్నారు,0.0,ఈ జాబితాలో ప్రముఖ రచయిత ఒడిశా ముఖ్యమంత్రి నవీన్ పట్పాయక్ సోదరి గీతా మెహతా కూడా ఉన్వారు,0.0,ఈ జాబితాలో ప్రముఖ రచయిత ఒడిశా ముఖ్యమంత్రి నవీన్ పట్పాయక్ సోదరి గీతా మెహతా కూడా ఉన్పారు,0.0,ఈ జాబితాలో ప్రముఖ రచయిత ఒడిశా ముఖ్యమంత్రి నవీన్ పట్వాయక్ సోదరి గీతా మెహతా కూడా ఉన్వారు,0.0,ఈ జాబితాలో ప్రముఖ రచయిత ఒడిశా ముఖ్యమంత్రి నవీన్ పట్పాయక్ సోదరి గీతా మెహతా కూడా ఉన్పారు
ఎవరి కోసం వెళ్లింది,0.0,ఎవరి కోసం వెళ్తింది,0.0,ఎవరి కోసం వెళ్గింది,0.0,ఎవరి కోసం వెళ్తింది,0.0,ఎవరి కోసం వెళ్ధింది
ఈ సందర్భంగా రహమాన్ విలేఖరులతో మాట్లాడారు,0.0,ఈ సందర్భంగా రహమాన్ విలేఖరులతో మాట్గాడారు,0.0,ఈ సందర్భంగా రహమాన్ విలేఖరులతో మాట్ధాడారు,0.0,ఈ సందర్భంగా రహమాన్ విలేఖరులతో మాట్తాడారు,0.0,ఈ సందర్భంగా రహమాన్ విలేఖరులతో మాట్తాడారు
ఆ మార్పులు ఏంటి అనేది,0.0,ఆ మార్యులు ఏంటి అనేది,0.0,ఆ మార్సులు ఏంటి అనేది,0.0,ఆ మార్నులు ఏంటి అనేది,0.0,ఆ మార్సులు ఏంటి అనేది
ప్రజలను ఉద్దేశించి ప్రసంగిస్తున్న కోమటిరెడ్డి వెంకట్ రెడ్డి,0.0,ప్రజలను ఉద్ధేశించి ప్రసంగిస్లున్ప కోమటిరెడ్ధి వెంకట్ రెడ్ధి,0.0,ప్రజలను ఉద్డేశించి ప్రసంగిస్లున్వ కోమటిరెడ్ది వెంకట్ రెడ్ది,0.0,ప్రజలను ఉద్ ేశించి ప్రసంగిస్లున్ప కోమటిరెడ్ది వెంకట్ రెడ్ది,0.0,ప్రజలను ఉద్ధేశించి ప్రసంగిస్లున్వ కోమటిరెడ్ది వెంకట్ రెడ్ది
ఇంతకీ సినిమా ఎలా ఉండబోతోంది,0.0,ఇంతకీ సినిమా ఎలా ఉండబోతోంది,0.0,ఇంతకీ సినిమా ఎలా ఉండబోతోంది,0.0,ఇంతకీ సినిమా ఎలా ఉండబోతోంది,0.0,ఇంతకీ సినిమా ఎలా ఉండబోతోంది
కానీ అది నాణానికి ఒక వైపు మాత్రమే,0.0,కానీ అది నాణానికి ఒక వైపు మాత్రమే,0.0,కానీ అది నాణానికి ఒక వైపు మాత్రమే,0.0,కానీ అది నాణానికి ఒక వైపు మాత్రమే,0.0,కానీ అది నాణానికి ఒక వైపు మాత్రమే
కాని పరిస్థితి చేయి దాటిపోయింది,0.0,కాని పరిస్థితి చేయి దాటిపోయింది,0.0,కాని పరిస్థితి చేయి దాటిపోయింది,0.0,కాని పరిస్థితి చేయి దాటిపోయింది,0.0,కాని పరిస్థితి చేయి దాటిపోయింది
ది చదవాల్సిందే,0.0,ది చదవాల్విందే,0.0,ది చదవాల్విందే,0.0,ది చదవాల్పిందే,0.0,ది చదవాల్చిందే
ట్విట్టర్ లో రిక్వెస్ట్ పెట్టారు,0.0,ట్విట్టర్ లో రిక్చెస్ట్ పెట్టారు,0.0,ట్విట్టర్ లో రిక్చెస్ట్ పెట్టారు,0.0,ట్విట్టర్ లో రిక్యెస్ట్ పెట్టారు,0.0,ట్విట్టర్ లో రిక్చెస్ట్ పెట్టారు
దీనికి సంబంధించిన వీడియో కూడా నెట్టింట హల్చల్ చేసింది,0.0,దీనికి సంబంధించిన వీడియో కూడా నెట్టింట హల్సల్ చేసింది,0.0,దీనికి సంబంధించిన వీడియో కూడా నెట్టింట హల్సల్ చేసింది,0.0,దీనికి సంబంధించిన వీడియో కూడా నెట్టింట హల్సల్ చేసింది,0.0,దీనికి సంబంధించిన వీడియో కూడా నెట్టింట హల్వల్ చేసింది
ప్రతి ఉత్పత్తులకు కనీస వ్యవస్థాపిత సామర్థ్యాన్ని మార్గదర్శకాలలో సూచించారు,0.0,ప్రతి ఉత్యత్లులకు కనీస వ్యవస్థాపిత సామర్థ్యాన్వి మార్లదర్మకాలలో సూచించారు,0.0,ప్రతి ఉత్వత్లులకు కనీస వ్యవస్థాపిత సామర్థ్యాన్పి మార్లదర్మకాలలో సూచించారు,0.0,ప్రతి ఉత్వత్లులకు కనీస వ్యవస్థాపిత సామర్థ్యాన్వి మార్ఠదర్మకాలలో సూచించారు,0.0,ప్రతి ఉత్నత్లులకు కనీస వ్యవస్థాపిత సామర్థ్యాన్వి మార్లదర్మకాలలో సూచించారు
కాని అతను ప్రతిదీ అధిగమించి,0.0,కాని అతను ప్రతిదీ అధిగమించి,0.0,కాని అతను ప్రతిదీ అధిగమించి,0.0,కాని అతను ప్రతిదీ అధిగమించి,0.0,కాని అతను ప్రతిదీ అధిగమించి
ఈ కేసును సీబీఐకి అప్పగిస్తూ బిహార్ ప్రభుత్వం తీసుకున్న నిర్ణయం కూడా సరైందేనని పేర్కొంది,0.0,ఈ కేసును సీబీఐకి అప్వగిస్లూ బిహార్ ప్రభుత్పం తీసుకున్ప నిర్ణయం కూడా సరైందేనని పేర్కొంది,0.0,ఈ కేసును సీబీఐకి అప్సగిస్లూ బిహార్ ప్రభుత్యం తీసుకున్వ నిర్ణయం కూడా సరైందేనని పేర్కొంది,0.0,ఈ కేసును సీబీఐకి అప్యగిస్లూ బిహార్ ప్రభుత్చం తీసుకున్వ నిర్ణయం కూడా సరైందేనని పేర్కొంది,0.0,ఈ కేసును సీబీఐకి అప్సగిస్లూ బిహార్ ప్రభుత్పం తీసుకున్ప నిర్ణయం కూడా సరైందేనని పేర్కొంది
ఎలాంటి ప్రాణ ఆస్తి నష్టం సంభవించలేదు,0.0,ఎలాంటి ప్రాణ ఆస్లి నష్టం సంభవించలేదు,0.0,ఎలాంటి ప్రాణ ఆస్లి నష్టం సంభవించలేదు,0.0,ఎలాంటి ప్రాణ ఆస్లి నష్టం సంభవించలేదు,0.0,ఎలాంటి ప్రాణ ఆస్లి నష్టం సంభవించలేదు
భారతనేపాల్ ప్రధానమంత్రుల మధ్య టెలిఫోన్ సంభాషణ,0.0,భారతనేపాల్ ప్రధానమంత్రుల మధ్య టెలిఫోన్ సంభాషణ,0.0,భారతనేపాల్ ప్రధానమంత్రుల మధ్య టెలిఫోన్ సంభాషణ,0.0,భారతనేపాల్ ప్రధానమంత్రుల మధ్య టెలిఫోన్ సంభాషణ,0.0,భారతనేపాల్ ప్రధానమంత్రుల మధ్య టెలిఫోన్ సంభాషణ
ఆడబోయే చలనచిత్రాలు,0.0,ఆడబోయే చలనచిత్రాలు,0.0,ఆడబోయే చలనచిత్రాలు,0.0,ఆడబోయే చలనచిత్రాలు,0.0,ఆడబోయే చలనచిత్రాలు
యన డబ్బు మాత్రం ఉంది,0.0,యన డబ్బు మాత్రం ఉంది,0.0,యన డబ్బు మాత్రం ఉంది,0.0,యన డబ్బు మాత్రం ఉంది,0.0,యన డబ్బు మాత్రం ఉంది
బాలీవుడ్ శోకసంద్రంలో మునిగిపోయింది,0.0,బాలీవుడ్ శోకసంద్రంలో మునిగిపోయింది,0.0,బాలీవుడ్ శోకసంద్రంలో మునిగిపోయింది,0.0,బాలీవుడ్ శోకసంద్రంలో మునిగిపోయింది,0.0,బాలీవుడ్ శోకసంద్రంలో మునిగిపోయింది
ఆయన కొన్ని ఉపనిషత్తులను కూడా బెంగాలీ భాషలోకి అను వదించారు,0.0,ఆయన కొన్పి ఉపనిషత్లులను కూడా బెంగాలీ భాషలోకి అను వదించారు,0.0,ఆయన కొన్వి ఉపనిషత్లులను కూడా బెంగాలీ భాషలోకి అను వదించారు,0.0,ఆయన కొన్వి ఉపనిషత్లులను కూడా బెంగాలీ భాషలోకి అను వదించారు,0.0,ఆయన కొన్పి ఉపనిషత్లులను కూడా బెంగాలీ భాషలోకి అను వదించారు
స్పీడ్ మ్యాన్యువల్ గేర్బాక్స్ లేదా సివిటి ట్రాన్స్మిషన్ ద్వారా పవర్ ముందు చక్రాలకు సరఫరా అవుతుంది,0.0,స్పీడ్ మ్యాన్యువల్ గేర్బాక్వ్ లేదా సివిటి ట్రాన్న్శిషన్ ద్యారా పవర్ ముందు చక్రాలకు సరఫరా అవుతుంది,0.0,స్పీడ్ మ్యాన్యువల్ గేర్బాక్ప్ లేదా సివిటి ట్రాన్వ్శిషన్ ద్నారా పవర్ ముందు చక్రాలకు సరఫరా అవుతుంది,0.0,స్పీడ్ మ్యాన్యువల్ గేర్బాక్చ్ లేదా సివిటి ట్రాన్చ్శిషన్ ద్పారా పవర్ ముందు చక్రాలకు సరఫరా అవుతుంది,0.0,స్పీడ్ మ్యాన్యువల్ గేర్బాక్వ్ లేదా సివిటి ట్రాన్వ్శిషన్ ద్చారా పవర్ ముందు చక్రాలకు సరఫరా అవుతుంది
అయితే అలాంటి మాటలకు భిన్నంగా అదే సామెత ఇలా చెబుతోంది జ్ఞానుల నాలుక ఆరోగ్యదాయకము,0.0,అయితే అలాంటి మాటలకు భిన్పంగా అదే సామెత ఇలా చెబుతోంది జ్ఞానుల నాలుక ఆరోగ్యదాయకము,0.0,అయితే అలాంటి మాటలకు భిన్పంగా అదే సామెత ఇలా చెబుతోంది జ్ఞానుల నాలుక ఆరోగ్యదాయకము,0.0,అయితే అలాంటి మాటలకు భిన్పంగా అదే సామెత ఇలా చెబుతోంది జ్ఞానుల నాలుక ఆరోగ్యదాయకము,0.0,అయితే అలాంటి మాటలకు భిన్వంగా అదే సామెత ఇలా చెబుతోంది జ్ఞానుల నాలుక ఆరోగ్యదాయకము
కొందరైనా రక్షణ పొందాలని ఆయన హృదయపూర్వకంగా అభిలషించాడు ఆ మేరకు ఆయన దేవునికి ప్రార్థన చేశాడు,0.0,కొందరైనా రక్షణ పొందాలని ఆయన హృదయపూర్చకంగా అభిలషించాడు ఆ మేరకు ఆయన దేవునికి ప్రార్థన చేశాడు,0.0,కొందరైనా రక్షణ పొందాలని ఆయన హృదయపూర్నకంగా అభిలషించాడు ఆ మేరకు ఆయన దేవునికి ప్రార్థన చేశాడు,0.0,కొందరైనా రక్షణ పొందాలని ఆయన హృదయపూర్పకంగా అభిలషించాడు ఆ మేరకు ఆయన దేవునికి ప్రార్థన చేశాడు,0.0,కొందరైనా రక్షణ పొందాలని ఆయన హృదయపూర్పకంగా అభిలషించాడు ఆ మేరకు ఆయన దేవునికి ప్రార్థన చేశాడు
అది భ్రమ మాత్రమే,0.0,అది భ్రమ మాత్రమే,0.0,అది భ్రమ మాత్రమే,0.0,అది భ్రమ మాత్రమే,0.0,అది భ్రమ మాత్రమే
ఇది నాకు తెలుసు కానీ నేను చెప్పేది కాదు,0.0,ఇది నాకు తెలుసు కానీ నేను చెప్యేది కాదు,0.0,ఇది నాకు తెలుసు కానీ నేను చెప్వేది కాదు,0.0,ఇది నాకు తెలుసు కానీ నేను చెప్వేది కాదు,0.0,ఇది నాకు తెలుసు కానీ నేను చెప్యేది కాదు
ఎన్నో చట్టాలున్నాయ్,0.0,ఎన్పో చట్టాలున్పాయ్,0.0,ఎన్వో చట్టాలున్వాయ్,0.0,ఎన్పో చట్టాలున్వాయ్,0.0,ఎన్పో చట్టాలున్వాయ్
తగ్గించబడిన తనఖా వడ్డీ,0.0,తగ్లించబడిన తనఖా వడ్ధీ,0.0,తగ్ఠించబడిన తనఖా వడ్దీ,0.0,తగ్ఠించబడిన తనఖా వడ్ధీ,0.0,తగ్లించబడిన తనఖా వడ్దీ
ఈ క్రీడలకు ఆతిథ్యం ఇచ్చిన మొదటి అరబ్ దేశంగా గుర్తించబడుతుంది,0.0,ఈ క్రీడలకు ఆతిథ్యం ఇచ్సిన మొదటి అరబ్ దేశంగా గుర్లించబడుతుంది,0.0,ఈ క్రీడలకు ఆతిథ్యం ఇచ్సిన మొదటి అరబ్ దేశంగా గుర్లించబడుతుంది,0.0,ఈ క్రీడలకు ఆతిథ్యం ఇచ్సిన మొదటి అరబ్ దేశంగా గుర్లించబడుతుంది,0.0,ఈ క్రీడలకు ఆతిథ్యం ఇచ్విన మొదటి అరబ్ దేశంగా గుర్లించబడుతుంది
ఇందులో కనీసం గ్రాముల నుంచి గరిష్ఠంగా గ్రాముల వరకు బంగారం కొనుక్కోవచ్చు,0.0,ఇందులో కనీసం గ్రాముల నుంచి గరిష్గంగా గ్రాముల వరకు బంగారం కొనుక్కోవచ్సు,0.0,ఇందులో కనీసం గ్రాముల నుంచి గరిష్గంగా గ్రాముల వరకు బంగారం కొనుక్కోవచ్సు,0.0,ఇందులో కనీసం గ్రాముల నుంచి గరిష్గంగా గ్రాముల వరకు బంగారం కొనుక్కోవచ్సు,0.0,ఇందులో కనీసం గ్రాముల నుంచి గరిష్గంగా గ్రాముల వరకు బంగారం కొనుక్కోవచ్వు
ఈ సీక్వెల్కు కూడా అనిల్ రావిపూడే దర్శకుడు,0.0,ఈ సీక్యెల్కు కూడా అనిల్ రావిపూడే దర్మకుడు,0.0,ఈ సీక్నెల్కు కూడా అనిల్ రావిపూడే దర్మకుడు,0.0,ఈ సీక్చెల్కు కూడా అనిల్ రావిపూడే దర్మకుడు,0.0,ఈ సీక్సెల్కు కూడా అనిల్ రావిపూడే దర్మకుడు
పలు హిందీ మరాఠీ చిత్రాల్లో మెరిసింది,0.0,పలు హిందీ మరాఠీ చిత్రాల్ధో మెరిసింది,0.0,పలు హిందీ మరాఠీ చిత్రాల్ధో మెరిసింది,0.0,పలు హిందీ మరాఠీ చిత్రాల్గో మెరిసింది,0.0,పలు హిందీ మరాఠీ చిత్రాల్తో మెరిసింది
మెగాపిక్సల్ సామర్థ్యంతో రెండు కెమెరాల్ని నిక్షిప్తం చేశారు,0.0,మెగాపిక్చల్ సామర్థ్యంతో రెండు కెమెరాల్పి నిక్షిప్లం చేశారు,0.0,మెగాపిక్వల్ సామర్థ్యంతో రెండు కెమెరాల్వి నిక్షిప్లం చేశారు,0.0,మెగాపిక్వల్ సామర్థ్యంతో రెండు కెమెరాల్వి నిక్షిప్లం చేశారు,0.0,మెగాపిక్నల్ సామర్థ్యంతో రెండు కెమెరాల్వి నిక్షిప్లం చేశారు
ఆడినప్పటికీ,0.0,ఆడినప్సటికీ,0.0,ఆడినప్నటికీ,0.0,ఆడినప్వటికీ,0.0,ఆడినప్నటికీ
పాలిటిక్స్ విషయంలో పక్కన పెడితే సినిమాల్లో మాత్రం కెరీర్ మొత్తం మీద కూడా ఎప్పుడు లేనంత స్పీడుతో ఉన్నాడు పవన్,0.0,పాలిటిక్న్ విషయంలో పక్కన పెడితే సినిమాల్ధో మాత్రం కెరీర్ మొత్లం మీద కూడా ఎప్సుడు లేనంత స్సీడుతో ఉన్వాడు పవన్,0.0,పాలిటిక్ప్ విషయంలో పక్కన పెడితే సినిమాల్గో మాత్రం కెరీర్ మొత్లం మీద కూడా ఎప్సుడు లేనంత స్నీడుతో ఉన్పాడు పవన్,0.0,పాలిటిక్చ్ విషయంలో పక్కన పెడితే సినిమాల్గో మాత్రం కెరీర్ మొత్లం మీద కూడా ఎప్నుడు లేనంత స్యీడుతో ఉన్పాడు పవన్,0.0,పాలిటిక్చ్ విషయంలో పక్కన పెడితే సినిమాల్గో మాత్రం కెరీర్ మొత్లం మీద కూడా ఎప్యుడు లేనంత స్యీడుతో ఉన్పాడు పవన్
ఆయన ఇంటి నుంచి బయటకు వచ్చేశారు,0.0,ఆయన ఇంటి నుంచి బయటకు వచ్వేశారు,0.0,ఆయన ఇంటి నుంచి బయటకు వచ్వేశారు,0.0,ఆయన ఇంటి నుంచి బయటకు వచ్సేశారు,0.0,ఆయన ఇంటి నుంచి బయటకు వచ్సేశారు
చెన్నైలోని ఓ ప్రైవేటు ఆస్పత్రిలో చికిత్స పొందుతున్న ఆయన కరోనా బారినపడినట్లు వార్తలు వినిపిస్తున్నాయి,0.0,చెన్పైలోని ఓ ప్రైవేటు ఆస్సత్రిలో చికిత్వ పొందుతున్ప ఆయన కరోనా బారినపడినట్గు వార్లలు వినిపిస్లున్వాయి,0.0,చెన్పైలోని ఓ ప్రైవేటు ఆస్యత్రిలో చికిత్న పొందుతున్ప ఆయన కరోనా బారినపడినట్తు వార్లలు వినిపిస్లున్పాయి,0.0,చెన్వైలోని ఓ ప్రైవేటు ఆస్నత్రిలో చికిత్న పొందుతున్ప ఆయన కరోనా బారినపడినట్ధు వార్లలు వినిపిస్లున్వాయి,0.0,చెన్పైలోని ఓ ప్రైవేటు ఆస్సత్రిలో చికిత్చ పొందుతున్ప ఆయన కరోనా బారినపడినట్గు వార్లలు వినిపిస్లున్పాయి
ఐరాస బడ్జెట్లో అత్యధికంగా శాతం నిధుల్ని అమెరికాయే సమకూరుస్తోంది,0.0,ఐరాస బడ్జెట్ధో అత్యధికంగా శాతం నిధుల్వి అమెరికాయే సమకూరుస్లోంది,0.0,ఐరాస బడ్జెట్తో అత్యధికంగా శాతం నిధుల్వి అమెరికాయే సమకూరుస్లోంది,0.0,ఐరాస బడ్జెట్తో అత్యధికంగా శాతం నిధుల్పి అమెరికాయే సమకూరుస్లోంది,0.0,ఐరాస బడ్జెట్తో అత్యధికంగా శాతం నిధుల్వి అమెరికాయే సమకూరుస్లోంది
టాటా మోటార్స్ ఎస్బిఐలు తమ స్థానాలను పెంచుకోగలిగాయి,0.0,టాటా మోటార్ప్ ఎస్బిఐలు తమ స్థానాలను పెంచుకోగలిగాయి,0.0,టాటా మోటార్వ్ ఎస్బిఐలు తమ స్థానాలను పెంచుకోగలిగాయి,0.0,టాటా మోటార్వ్ ఎస్బిఐలు తమ స్థానాలను పెంచుకోగలిగాయి,0.0,టాటా మోటార్వ్ ఎస్బిఐలు తమ స్థానాలను పెంచుకోగలిగాయి
దీనికి సంబంధించిన నిర్మాణ పనులు చకాచగా జరిగిపోతున్నాయి,0.0,దీనికి సంబంధించిన నిర్శాణ పనులు చకాచగా జరిగిపోతున్వాయి,0.0,దీనికి సంబంధించిన నిర్శాణ పనులు చకాచగా జరిగిపోతున్వాయి,0.0,దీనికి సంబంధించిన నిర్శాణ పనులు చకాచగా జరిగిపోతున్వాయి,0.0,దీనికి సంబంధించిన నిర్శాణ పనులు చకాచగా జరిగిపోతున్వాయి
దయచేసి మిస్టర్ వెల్స్ మేం,0.0,దయచేసి మిస్టర్ వెల్న్ మేం,0.0,దయచేసి మిస్టర్ వెల్న్ మేం,0.0,దయచేసి మిస్టర్ వెల్వ్ మేం,0.0,దయచేసి మిస్టర్ వెల్ప్ మేం
ఇక్కడ ఆమె జీవితం యొక్క అవలోకనం ఉంది,0.0,ఇక్కడ ఆమె జీవితం యొక్క అవలోకనం ఉంది,0.0,ఇక్కడ ఆమె జీవితం యొక్క అవలోకనం ఉంది,0.0,ఇక్కడ ఆమె జీవితం యొక్క అవలోకనం ఉంది,0.0,ఇక్కడ ఆమె జీవితం యొక్క అవలోకనం ఉంది
అలాగే ఎముకలను బలంగా ఉంచుతుంది,0.0,అలాగే ఎముకలను బలంగా ఉంచుతుంది,0.0,అలాగే ఎముకలను బలంగా ఉంచుతుంది,0.0,అలాగే ఎముకలను బలంగా ఉంచుతుంది,0.0,అలాగే ఎముకలను బలంగా ఉంచుతుంది
కొన్ని సాహసోపేత నిర్ణయాలు మహిళలకు ఆస్తి హక్కు వెనుకబడినకులాల వారికి రిజర్వేషన్లు పురోహితులుగా ఎవరైనా ఉండవచ్చుననే అంశం,0.0,కొన్వి సాహసోపేత నిర్ణయాలు మహిళలకు ఆస్లి హక్కు వెనుకబడినకులాల వారికి రిజర్నేషన్తు పురోహితులుగా ఎవరైనా ఉండవచ్వుననే అంశం,0.0,కొన్పి సాహసోపేత నిర్ణయాలు మహిళలకు ఆస్లి హక్కు వెనుకబడినకులాల వారికి రిజర్యేషన్ధు పురోహితులుగా ఎవరైనా ఉండవచ్వుననే అంశం,0.0,కొన్వి సాహసోపేత నిర్ణయాలు మహిళలకు ఆస్లి హక్కు వెనుకబడినకులాల వారికి రిజర్సేషన్ధు పురోహితులుగా ఎవరైనా ఉండవచ్వుననే అంశం,0.0,కొన్పి సాహసోపేత నిర్ణయాలు మహిళలకు ఆస్లి హక్కు వెనుకబడినకులాల వారికి రిజర్యేషన్గు పురోహితులుగా ఎవరైనా ఉండవచ్సుననే అంశం
మంచిర్యాల పట్టణంలోని మూడు వార్డుల్లోనూ ఇదే పరిస్థితి నెలకొంది,0.0,మంచిర్యాల పట్టణంలోని మూడు వార్దుల్ధోనూ ఇదే పరిస్థితి నెలకొంది,0.0,మంచిర్యాల పట్టణంలోని మూడు వార్ధుల్ధోనూ ఇదే పరిస్థితి నెలకొంది,0.0,మంచిర్యాల పట్టణంలోని మూడు వార్ధుల్గోనూ ఇదే పరిస్థితి నెలకొంది,0.0,మంచిర్యాల పట్టణంలోని మూడు వార్ధుల్గోనూ ఇదే పరిస్థితి నెలకొంది
ందుకే ఈ పని చేస్తున్నట్లు తెలిపింది,0.0,ందుకే ఈ పని చేస్లున్పట్తు తెలిపింది,0.0,ందుకే ఈ పని చేస్లున్పట్తు తెలిపింది,0.0,ందుకే ఈ పని చేస్లున్పట్తు తెలిపింది,0.0,ందుకే ఈ పని చేస్లున్వట్తు తెలిపింది
ఆస్తులను ధ్వంసం చేశారు,0.0,ఆస్లులను ధ్యంసం చేశారు,0.0,ఆస్లులను ధ్నంసం చేశారు,0.0,ఆస్లులను ధ్నంసం చేశారు,0.0,ఆస్లులను ధ్చంసం చేశారు
నాకు కూడా ఈ అనుభవం ఎదురైంది,0.0,నాకు కూడా ఈ అనుభవం ఎదురైంది,0.0,నాకు కూడా ఈ అనుభవం ఎదురైంది,0.0,నాకు కూడా ఈ అనుభవం ఎదురైంది,0.0,నాకు కూడా ఈ అనుభవం ఎదురైంది
ప్రయాణికులకు తగినంత ఆహారం నీరు తదితరాలను అందించడంతోపాటు రైలు టిక్కెట్లుసహా మొత్తం ఖర్చులను యంత్రాంగం భరించడంపై ఆయన హర్షం వ్యక్తం చేశారు,0.0,ప్రయాణికులకు తగినంత ఆహారం నీరు తదితరాలను అందించడంతోపాటు రైలు టిక్కెట్తుసహా మొత్లం ఖర్వులను యంత్రాంగం భరించడంపై ఆయన హర్షం వ్యక్లం చేశారు,0.0,ప్రయాణికులకు తగినంత ఆహారం నీరు తదితరాలను అందించడంతోపాటు రైలు టిక్కెట్గుసహా మొత్లం ఖర్సులను యంత్రాంగం భరించడంపై ఆయన హర్షం వ్యక్లం చేశారు,0.0,ప్రయాణికులకు తగినంత ఆహారం నీరు తదితరాలను అందించడంతోపాటు రైలు టిక్కెట్గుసహా మొత్లం ఖర్సులను యంత్రాంగం భరించడంపై ఆయన హర్షం వ్యక్లం చేశారు,0.0,ప్రయాణికులకు తగినంత ఆహారం నీరు తదితరాలను అందించడంతోపాటు రైలు టిక్కెట్ధుసహా మొత్లం ఖర్వులను యంత్రాంగం భరించడంపై ఆయన హర్షం వ్యక్లం చేశారు
లక్షల కోట్ల ప్రాజెక్టుకు పునాదిరాయి వేశారు,0.0,లక్షల కోట్త ప్రాజెక్టుకు పునాదిరాయి వేశారు,0.0,లక్షల కోట్త ప్రాజెక్టుకు పునాదిరాయి వేశారు,0.0,లక్షల కోట్ధ ప్రాజెక్టుకు పునాదిరాయి వేశారు,0.0,లక్షల కోట్ధ ప్రాజెక్టుకు పునాదిరాయి వేశారు
ఇప్పుడు ఈ డ్రామా ఏంటి,0.0,ఇప్నుడు ఈ డ్రామా ఏంటి,0.0,ఇప్యుడు ఈ డ్రామా ఏంటి,0.0,ఇప్వుడు ఈ డ్రామా ఏంటి,0.0,ఇప్వుడు ఈ డ్రామా ఏంటి
ఇలాంటి ఘటనలు మరోసారి జరగకుండా కట్టుదిట్టమైన చర్యలు తీసుకోవాలని రాష్ట్ర డీజీపీ పోలీసు ఉన్నతాధికారులకు సూచించారు,0.0,ఇలాంటి ఘటనలు మరోసారి జరగకుండా కట్టుదిట్టమైన చర్యలు తీసుకోవాలని రాష్ట్ర డీజీపీ పోలీసు ఉన్పతాధికారులకు సూచించారు,0.0,ఇలాంటి ఘటనలు మరోసారి జరగకుండా కట్టుదిట్టమైన చర్యలు తీసుకోవాలని రాష్ట్ర డీజీపీ పోలీసు ఉన్వతాధికారులకు సూచించారు,0.0,ఇలాంటి ఘటనలు మరోసారి జరగకుండా కట్టుదిట్టమైన చర్యలు తీసుకోవాలని రాష్ట్ర డీజీపీ పోలీసు ఉన్వతాధికారులకు సూచించారు,0.0,ఇలాంటి ఘటనలు మరోసారి జరగకుండా కట్టుదిట్టమైన చర్యలు తీసుకోవాలని రాష్ట్ర డీజీపీ పోలీసు ఉన్వతాధికారులకు సూచించారు
వ పేజీలోని చిత్రం,0.0,వ పేజీలోని చిత్రం,0.0,వ పేజీలోని చిత్రం,0.0,వ పేజీలోని చిత్రం,0.0,వ పేజీలోని చిత్రం
కానీ ఈ పిటిషన్ను అంగీకరించలేం,0.0,కానీ ఈ పిటిషన్పు అంగీకరించలేం,0.0,కానీ ఈ పిటిషన్పు అంగీకరించలేం,0.0,కానీ ఈ పిటిషన్పు అంగీకరించలేం,0.0,కానీ ఈ పిటిషన్వు అంగీకరించలేం
సమాన నిష్పత్తిలో ఆలివ్ నూనె మరియు ఆముదము కలపండి,0.0,సమాన నిష్నత్లిలో ఆలివ్ నూనె మరియు ఆముదము కలపండి,0.0,సమాన నిష్వత్లిలో ఆలివ్ నూనె మరియు ఆముదము కలపండి,0.0,సమాన నిష్యత్లిలో ఆలివ్ నూనె మరియు ఆముదము కలపండి,0.0,సమాన నిష్సత్లిలో ఆలివ్ నూనె మరియు ఆముదము కలపండి
ఆర్ట్ మీద ప్రభావం,0.0,ఆర్ట్ మీద ప్రభావం,0.0,ఆర్ట్ మీద ప్రభావం,0.0,ఆర్ట్ మీద ప్రభావం,0.0,ఆర్ట్ మీద ప్రభావం
ఈ తరుగుదల వయస్సుతో పాటు తగ్గుతుంది,0.0,ఈ తరుగుదల వయస్వుతో పాటు తగ్ధుతుంది,0.0,ఈ తరుగుదల వయస్చుతో పాటు తగ్ఠుతుంది,0.0,ఈ తరుగుదల వయస్నుతో పాటు తగ్ఠుతుంది,0.0,ఈ తరుగుదల వయస్వుతో పాటు తగ్ధుతుంది
భారత రాజ్యాంగంలోని ఆర్టికల్ ప్రకారం భావప్రకటన స్వేచ్ఛ తెలియజేస్తుంది,0.0,భారత రాజ్యాంగంలోని ఆర్టికల్ ప్రకారం భావప్రకటన స్సేచ్ఛ తెలియజేస్లుంది,0.0,భారత రాజ్యాంగంలోని ఆర్టికల్ ప్రకారం భావప్రకటన స్నేచ్ఛ తెలియజేస్లుంది,0.0,భారత రాజ్యాంగంలోని ఆర్టికల్ ప్రకారం భావప్రకటన స్యేచ్ఛ తెలియజేస్లుంది,0.0,భారత రాజ్యాంగంలోని ఆర్టికల్ ప్రకారం భావప్రకటన స్చేచ్ఛ తెలియజేస్లుంది
దీంతో ఈ ఫొటో సోషల్ మీడియాలో వైరల్గా మారింది,0.0,దీంతో ఈ ఫొటో సోషల్ మీడియాలో వైరల్లా మారింది,0.0,దీంతో ఈ ఫొటో సోషల్ మీడియాలో వైరల్ధా మారింది,0.0,దీంతో ఈ ఫొటో సోషల్ మీడియాలో వైరల్ధా మారింది,0.0,దీంతో ఈ ఫొటో సోషల్ మీడియాలో వైరల్లా మారింది
భర్తది పాకిస్తాన్ కాగా భార్యది భారత్,0.0,భర్లది పాకిస్లాన్ కాగా భార్యది భారత్,0.0,భర్లది పాకిస్లాన్ కాగా భార్యది భారత్,0.0,భర్లది పాకిస్లాన్ కాగా భార్యది భారత్,0.0,భర్లది పాకిస్లాన్ కాగా భార్యది భారత్
కొన్ని సౌకర్య లోపాలు,0.0,కొన్పి సౌకర్య లోపాలు,0.0,కొన్వి సౌకర్య లోపాలు,0.0,కొన్వి సౌకర్య లోపాలు,0.0,కొన్వి సౌకర్య లోపాలు
విచారణ జరిపి తగిన సాక్ష్యాధారాలతో అన్నదమ్ములిద్దరినీ అరెస్టు చేశారు పోలీసులు,0.0,విచారణ జరిపి తగిన సాక్ష్యాధారాలతో అన్పదమ్శులిద్డరినీ అరెస్టు చేశారు పోలీసులు,0.0,విచారణ జరిపి తగిన సాక్ష్యాధారాలతో అన్పదమ్శులిద్ రినీ అరెస్టు చేశారు పోలీసులు,0.0,విచారణ జరిపి తగిన సాక్ష్యాధారాలతో అన్వదమ్శులిద్ధరినీ అరెస్టు చేశారు పోలీసులు,0.0,విచారణ జరిపి తగిన సాక్ష్యాధారాలతో అన్వదమ్శులిద్ రినీ అరెస్టు చేశారు పోలీసులు
అంతా ఆన్లైన్లోనే టైమ్ లైవ్ స్ట్రీమింగ్ డిటైల్స్,0.0,అంతా ఆన్గైన్తోనే టైమ్ లైవ్ స్ట్రీమింగ్ డిటైల్వ్,0.0,అంతా ఆన్గైన్తోనే టైమ్ లైవ్ స్ట్రీమింగ్ డిటైల్వ్,0.0,అంతా ఆన్గైన్గోనే టైమ్ లైవ్ స్ట్రీమింగ్ డిటైల్వ్,0.0,అంతా ఆన్తైన్గోనే టైమ్ లైవ్ స్ట్రీమింగ్ డిటైల్న్
మృతుల్లో ఓ మహిళతోపాటు ఇద్దరు చిన్నారులున్నారు,0.0,మృతుల్తో ఓ మహిళతోపాటు ఇద్ రు చిన్వారులున్వారు,0.0,మృతుల్తో ఓ మహిళతోపాటు ఇద్ధరు చిన్వారులున్వారు,0.0,మృతుల్తో ఓ మహిళతోపాటు ఇద్ రు చిన్పారులున్వారు,0.0,మృతుల్గో ఓ మహిళతోపాటు ఇద్ రు చిన్పారులున్పారు
గోపాలమిత్రల గౌరవ వేతనాన్ని రూ,0.0,గోపాలమిత్రల గౌరవ వేతనాన్పి రూ,0.0,గోపాలమిత్రల గౌరవ వేతనాన్వి రూ,0.0,గోపాలమిత్రల గౌరవ వేతనాన్పి రూ,0.0,గోపాలమిత్రల గౌరవ వేతనాన్వి రూ
దానికే కాదు,0.0,దానికే కాదు,0.0,దానికే కాదు,0.0,దానికే కాదు,0.0,దానికే కాదు
ప్రభుత్వ పాఠశాలలో వంట మనిషిగా దళిత మహిళను నియమించడాన్ని దళితేతర విద్యార్థుల తల్లిదండ్రులు తీవ్రంగా వ్యతిరేకిస్తున్నారు,0.0,ప్రభుత్న పాఠశాలలో వంట మనిషిగా దళిత మహిళను నియమించడాన్వి దళితేతర విద్యార్థుల తల్గిదండ్రులు తీవ్రంగా వ్యతిరేకిస్లున్వారు,0.0,ప్రభుత్య పాఠశాలలో వంట మనిషిగా దళిత మహిళను నియమించడాన్పి దళితేతర విద్యార్థుల తల్ధిదండ్రులు తీవ్రంగా వ్యతిరేకిస్లున్వారు,0.0,ప్రభుత్య పాఠశాలలో వంట మనిషిగా దళిత మహిళను నియమించడాన్పి దళితేతర విద్యార్థుల తల్గిదండ్రులు తీవ్రంగా వ్యతిరేకిస్లున్వారు,0.0,ప్రభుత్న పాఠశాలలో వంట మనిషిగా దళిత మహిళను నియమించడాన్పి దళితేతర విద్యార్థుల తల్ధిదండ్రులు తీవ్రంగా వ్యతిరేకిస్లున్వారు
అటాచ్మెంట్లతో సహా మెగాబైట్ల వరకు వినియోగదారులు ఇమెయిల్లను స్వీకరించగలరు కాని వారు మెగాబైట్ల వరకు ఇమెయిల్లను పంపగలరు,0.0,అటాచ్శెంట్ధతో సహా మెగాబైట్ధ వరకు వినియోగదారులు ఇమెయిల్తను స్పీకరించగలరు కాని వారు మెగాబైట్త వరకు ఇమెయిల్ధను పంపగలరు,0.0,అటాచ్శెంట్తతో సహా మెగాబైట్ధ వరకు వినియోగదారులు ఇమెయిల్గను స్యీకరించగలరు కాని వారు మెగాబైట్ధ వరకు ఇమెయిల్తను పంపగలరు,0.0,అటాచ్శెంట్తతో సహా మెగాబైట్త వరకు వినియోగదారులు ఇమెయిల్తను స్నీకరించగలరు కాని వారు మెగాబైట్ధ వరకు ఇమెయిల్తను పంపగలరు,0.0,అటాచ్శెంట్ధతో సహా మెగాబైట్గ వరకు వినియోగదారులు ఇమెయిల్ధను స్సీకరించగలరు కాని వారు మెగాబైట్ధ వరకు ఇమెయిల్ధను పంపగలరు
వెంటనే స్థానిక ఆస్పత్రికి తరలించి వైద్యం అందిస్తున్నారు,0.0,వెంటనే స్థానిక ఆస్నత్రికి తరలించి వైద్యం అందిస్లున్పారు,0.0,వెంటనే స్థానిక ఆస్యత్రికి తరలించి వైద్యం అందిస్లున్పారు,0.0,వెంటనే స్థానిక ఆస్వత్రికి తరలించి వైద్యం అందిస్లున్వారు,0.0,వెంటనే స్థానిక ఆస్వత్రికి తరలించి వైద్యం అందిస్లున్పారు
సదరు వ్యక్తి హత్యకు గురికావడానికి కారణాలపై పోలీసులు ఆరా తీస్తున్నారు,0.0,సదరు వ్యక్లి హత్యకు గురికావడానికి కారణాలపై పోలీసులు ఆరా తీస్లున్పారు,0.0,సదరు వ్యక్లి హత్యకు గురికావడానికి కారణాలపై పోలీసులు ఆరా తీస్లున్పారు,0.0,సదరు వ్యక్లి హత్యకు గురికావడానికి కారణాలపై పోలీసులు ఆరా తీస్లున్పారు,0.0,సదరు వ్యక్లి హత్యకు గురికావడానికి కారణాలపై పోలీసులు ఆరా తీస్లున్పారు
ఎలక్ట్రానిక్ ఉత్తరము లో రెండు భాగాలు ఉంటాయి హెడర్ మరియు బాడీ,0.0,ఎలక్ట్రానిక్ ఉత్లరము లో రెండు భాగాలు ఉంటాయి హెడర్ మరియు బాడీ,0.0,ఎలక్ట్రానిక్ ఉత్లరము లో రెండు భాగాలు ఉంటాయి హెడర్ మరియు బాడీ,0.0,ఎలక్ట్రానిక్ ఉత్లరము లో రెండు భాగాలు ఉంటాయి హెడర్ మరియు బాడీ,0.0,ఎలక్ట్రానిక్ ఉత్లరము లో రెండు భాగాలు ఉంటాయి హెడర్ మరియు బాడీ
హైదరాబాద్ మెట్రో రైలు నగరవాసుల అభిమానాన్ని చూరగొంది,0.0,హైదరాబాద్ మెట్రో రైలు నగరవాసుల అభిమానాన్పి చూరగొంది,0.0,హైదరాబాద్ మెట్రో రైలు నగరవాసుల అభిమానాన్పి చూరగొంది,0.0,హైదరాబాద్ మెట్రో రైలు నగరవాసుల అభిమానాన్వి చూరగొంది,0.0,హైదరాబాద్ మెట్రో రైలు నగరవాసుల అభిమానాన్వి చూరగొంది
మరింత మీరు సాధన మంచి మీరు పొందండి,0.0,మరింత మీరు సాధన మంచి మీరు పొందండి,0.0,మరింత మీరు సాధన మంచి మీరు పొందండి,0.0,మరింత మీరు సాధన మంచి మీరు పొందండి,0.0,మరింత మీరు సాధన మంచి మీరు పొందండి
మిగతావన్నీ తర్వాతే,0.0,మిగతావన్వీ తర్యాతే,0.0,మిగతావన్వీ తర్సాతే,0.0,మిగతావన్వీ తర్యాతే,0.0,మిగతావన్పీ తర్సాతే
సామెతలు వేరే మాటల్లో చెప్పాలంటే చివరకు మంచి చెడుపై తప్పక విజయం సాధిస్తుంది,0.0,సామెతలు వేరే మాటల్తో చెప్సాలంటే చివరకు మంచి చెడుపై తప్సక విజయం సాధిస్లుంది,0.0,సామెతలు వేరే మాటల్తో చెప్సాలంటే చివరకు మంచి చెడుపై తప్యక విజయం సాధిస్లుంది,0.0,సామెతలు వేరే మాటల్గో చెప్వాలంటే చివరకు మంచి చెడుపై తప్యక విజయం సాధిస్లుంది,0.0,సామెతలు వేరే మాటల్తో చెప్వాలంటే చివరకు మంచి చెడుపై తప్వక విజయం సాధిస్లుంది
ఆయా పార్టీలకు చెందిన నాయకులంతా ఈ సమావేశానికి హాజరయ్యారు,0.0,ఆయా పార్టీలకు చెందిన నాయకులంతా ఈ సమావేశానికి హాజరయ్యారు,0.0,ఆయా పార్టీలకు చెందిన నాయకులంతా ఈ సమావేశానికి హాజరయ్యారు,0.0,ఆయా పార్టీలకు చెందిన నాయకులంతా ఈ సమావేశానికి హాజరయ్యారు,0.0,ఆయా పార్టీలకు చెందిన నాయకులంతా ఈ సమావేశానికి హాజరయ్యారు
నేను అదంతా చూస్తూనే ఉన్నా,0.0,నేను అదంతా చూస్లూనే ఉన్వా,0.0,నేను అదంతా చూస్లూనే ఉన్వా,0.0,నేను అదంతా చూస్లూనే ఉన్పా,0.0,నేను అదంతా చూస్లూనే ఉన్పా
నాకేం అర్ధం కావడంలేదు,0.0,నాకేం అర్దం కావడంలేదు,0.0,నాకేం అర్లం కావడంలేదు,0.0,నాకేం అర్గం కావడంలేదు,0.0,నాకేం అర్దం కావడంలేదు
ఇది ఉపయోగకరంగా ఉన్నందున,0.0,ఇది ఉపయోగకరంగా ఉన్పందున,0.0,ఇది ఉపయోగకరంగా ఉన్పందున,0.0,ఇది ఉపయోగకరంగా ఉన్వందున,0.0,ఇది ఉపయోగకరంగా ఉన్పందున
భాజపా అధిష్టానం ఆయనని ఉపముఖ్యమంత్రిగా నియమించింది,0.0,భాజపా అధిష్టానం ఆయనని ఉపముఖ్యమంత్రిగా నియమించింది,0.0,భాజపా అధిష్టానం ఆయనని ఉపముఖ్యమంత్రిగా నియమించింది,0.0,భాజపా అధిష్టానం ఆయనని ఉపముఖ్యమంత్రిగా నియమించింది,0.0,భాజపా అధిష్టానం ఆయనని ఉపముఖ్యమంత్రిగా నియమించింది
వాకింగ్ బూట్లు,0.0,వాకింగ్ బూట్తు,0.0,వాకింగ్ బూట్గు,0.0,వాకింగ్ బూట్గు,0.0,వాకింగ్ బూట్తు
ఆనంద్ రంగా దర్శకత్వం వహిస్తున్నారు,0.0,ఆనంద్ రంగా దర్మకత్పం వహిస్లున్వారు,0.0,ఆనంద్ రంగా దర్మకత్చం వహిస్లున్పారు,0.0,ఆనంద్ రంగా దర్మకత్పం వహిస్లున్పారు,0.0,ఆనంద్ రంగా దర్మకత్పం వహిస్లున్పారు
ఆయన ఇంకా మాట్లాడుతూ ఎన్నికల సమయంలో మేనిఫెస్టోలో పెట్టిన హామీలు అన్నింటినీ నెరవేరుస్తామని స్పష్టం చేశారు,0.0,ఆయన ఇంకా మాట్ధాడుతూ ఎన్వికల సమయంలో మేనిఫెస్టోలో పెట్టిన హామీలు అన్పింటినీ నెరవేరుస్లామని స్నష్టం చేశారు,0.0,ఆయన ఇంకా మాట్ధాడుతూ ఎన్పికల సమయంలో మేనిఫెస్టోలో పెట్టిన హామీలు అన్పింటినీ నెరవేరుస్లామని స్యష్టం చేశారు,0.0,ఆయన ఇంకా మాట్ధాడుతూ ఎన్వికల సమయంలో మేనిఫెస్టోలో పెట్టిన హామీలు అన్పింటినీ నెరవేరుస్లామని స్వష్టం చేశారు,0.0,ఆయన ఇంకా మాట్తాడుతూ ఎన్వికల సమయంలో మేనిఫెస్టోలో పెట్టిన హామీలు అన్వింటినీ నెరవేరుస్లామని స్సష్టం చేశారు
ంకా కొందరు అయితే,0.0,ంకా కొందరు అయితే,0.0,ంకా కొందరు అయితే,0.0,ంకా కొందరు అయితే,0.0,ంకా కొందరు అయితే
బ్యాటరీ జీవితకాల మెరుగుపరచడానికి చిట్కాలు,0.0,బ్యాటరీ జీవితకాల మెరుగుపరచడానికి చిట్కాలు,0.0,బ్యాటరీ జీవితకాల మెరుగుపరచడానికి చిట్కాలు,0.0,బ్యాటరీ జీవితకాల మెరుగుపరచడానికి చిట్కాలు,0.0,బ్యాటరీ జీవితకాల మెరుగుపరచడానికి చిట్కాలు
దర్శకుడు విధులు క్రింది అవసరాలు ఉన్నాయి,0.0,దర్మకుడు విధులు క్రింది అవసరాలు ఉన్పాయి,0.0,దర్మకుడు విధులు క్రింది అవసరాలు ఉన్వాయి,0.0,దర్మకుడు విధులు క్రింది అవసరాలు ఉన్పాయి,0.0,దర్మకుడు విధులు క్రింది అవసరాలు ఉన్వాయి
గాయపడిన వారిలో పలువురి పరిస్థితి విషమంగా ఉందని పోలీసులు తెలిపారు,0.0,గాయపడిన వారిలో పలువురి పరిస్థితి విషమంగా ఉందని పోలీసులు తెలిపారు,0.0,గాయపడిన వారిలో పలువురి పరిస్థితి విషమంగా ఉందని పోలీసులు తెలిపారు,0.0,గాయపడిన వారిలో పలువురి పరిస్థితి విషమంగా ఉందని పోలీసులు తెలిపారు,0.0,గాయపడిన వారిలో పలువురి పరిస్థితి విషమంగా ఉందని పోలీసులు తెలిపారు
కాగా ఒకసారి ఒక ఓచర్ను మాత్రమే వాడుకునేందుకు వీలుంటుంది,0.0,కాగా ఒకసారి ఒక ఓచర్వు మాత్రమే వాడుకునేందుకు వీలుంటుంది,0.0,కాగా ఒకసారి ఒక ఓచర్వు మాత్రమే వాడుకునేందుకు వీలుంటుంది,0.0,కాగా ఒకసారి ఒక ఓచర్పు మాత్రమే వాడుకునేందుకు వీలుంటుంది,0.0,కాగా ఒకసారి ఒక ఓచర్వు మాత్రమే వాడుకునేందుకు వీలుంటుంది
నిజానికి సుకుమాలో తాజా మెరుపు దాడికి గ్రామస్థుల మద్దతు ఉందని కూడా వినిపిస్తోంది,0.0,నిజానికి సుకుమాలో తాజా మెరుపు దాడికి గ్రామస్థుల మద్ధతు ఉందని కూడా వినిపిస్లోంది,0.0,నిజానికి సుకుమాలో తాజా మెరుపు దాడికి గ్రామస్థుల మద్ధతు ఉందని కూడా వినిపిస్లోంది,0.0,నిజానికి సుకుమాలో తాజా మెరుపు దాడికి గ్రామస్థుల మద్ధతు ఉందని కూడా వినిపిస్లోంది,0.0,నిజానికి సుకుమాలో తాజా మెరుపు దాడికి గ్రామస్థుల మద్ తు ఉందని కూడా వినిపిస్లోంది
మీరు ఇక్కడ ఎవరూ చూడరు,0.0,మీరు ఇక్కడ ఎవరూ చూడరు,0.0,మీరు ఇక్కడ ఎవరూ చూడరు,0.0,మీరు ఇక్కడ ఎవరూ చూడరు,0.0,మీరు ఇక్కడ ఎవరూ చూడరు
రాజు నివ్వెరపోయాడు,0.0,రాజు నివ్యెరపోయాడు,0.0,రాజు నివ్యెరపోయాడు,0.0,రాజు నివ్చెరపోయాడు,0.0,రాజు నివ్పెరపోయాడు
హువావీ మేట్ ప్రో స్మార్ట్ఫోన్లో ఐపీ వాటర్ డస్ట్ రెసిస్టెన్స్ను ఇచ్చారు,0.0,హువావీ మేట్ ప్రో స్శార్ట్ఫోన్ధో ఐపీ వాటర్ డస్ట్ రెసిస్టెన్వ్పు ఇచ్సారు,0.0,హువావీ మేట్ ప్రో స్శార్ట్ఫోన్తో ఐపీ వాటర్ డస్ట్ రెసిస్టెన్ప్వు ఇచ్వారు,0.0,హువావీ మేట్ ప్రో స్శార్ట్ఫోన్ధో ఐపీ వాటర్ డస్ట్ రెసిస్టెన్చ్వు ఇచ్వారు,0.0,హువావీ మేట్ ప్రో స్శార్ట్ఫోన్తో ఐపీ వాటర్ డస్ట్ రెసిస్టెన్ప్వు ఇచ్సారు
కాబట్టి అప్ సంక్షిప్తం ఏమి చెప్పవచ్చు,0.0,కాబట్టి అప్ సంక్షిప్లం ఏమి చెప్సవచ్సు,0.0,కాబట్టి అప్ సంక్షిప్లం ఏమి చెప్వవచ్సు,0.0,కాబట్టి అప్ సంక్షిప్లం ఏమి చెప్యవచ్సు,0.0,కాబట్టి అప్ సంక్షిప్లం ఏమి చెప్వవచ్సు
ఈ ప్రదేశం రాష్ట్ర ప్రభుత్వం నిర్వహించే ప్రధాన భారతీయ పండుగ అయిన నాలుగు బుద్ధుల మహోత్సవానికి ఆతిథ్యం ఇస్తుంది,0.0,ఈ ప్రదేశం రాష్ట్ర ప్రభుత్యం నిర్నహించే ప్రధాన భారతీయ పండుగ అయిన నాలుగు బుద్గుల మహోత్చవానికి ఆతిథ్యం ఇస్లుంది,0.0,ఈ ప్రదేశం రాష్ట్ర ప్రభుత్నం నిర్పహించే ప్రధాన భారతీయ పండుగ అయిన నాలుగు బుద్దుల మహోత్వవానికి ఆతిథ్యం ఇస్లుంది,0.0,ఈ ప్రదేశం రాష్ట్ర ప్రభుత్నం నిర్పహించే ప్రధాన భారతీయ పండుగ అయిన నాలుగు బుద్డుల మహోత్వవానికి ఆతిథ్యం ఇస్లుంది,0.0,ఈ ప్రదేశం రాష్ట్ర ప్రభుత్యం నిర్సహించే ప్రధాన భారతీయ పండుగ అయిన నాలుగు బుద్గుల మహోత్వవానికి ఆతిథ్యం ఇస్లుంది
కొరవడనున్న ఆహారభద్రత,0.0,కొరవడనున్ప ఆహారభద్రత,0.0,కొరవడనున్ప ఆహారభద్రత,0.0,కొరవడనున్ప ఆహారభద్రత,0.0,కొరవడనున్వ ఆహారభద్రత
కోట్ల నిధులు అందాయి,0.0,కోట్ధ నిధులు అందాయి,0.0,కోట్గ నిధులు అందాయి,0.0,కోట్త నిధులు అందాయి,0.0,కోట్ధ నిధులు అందాయి
అది మాత్రమే కాదు,0.0,అది మాత్రమే కాదు,0.0,అది మాత్రమే కాదు,0.0,అది మాత్రమే కాదు,0.0,అది మాత్రమే కాదు
ఈ సినిమాలో చరణ్ జోడీగా కైరా అద్వాని కనిపించనుంది,0.0,ఈ సినిమాలో చరణ్ జోడీగా కైరా అద్నాని కనిపించనుంది,0.0,ఈ సినిమాలో చరణ్ జోడీగా కైరా అద్నాని కనిపించనుంది,0.0,ఈ సినిమాలో చరణ్ జోడీగా కైరా అద్యాని కనిపించనుంది,0.0,ఈ సినిమాలో చరణ్ జోడీగా కైరా అద్సాని కనిపించనుంది
అతను రాజధాని వెలుపల తన అధికారాన్ని స్థిరపరచలేక పోయాడు,0.0,అతను రాజధాని వెలుపల తన అధికారాన్పి స్థిరపరచలేక పోయాడు,0.0,అతను రాజధాని వెలుపల తన అధికారాన్పి స్థిరపరచలేక పోయాడు,0.0,అతను రాజధాని వెలుపల తన అధికారాన్వి స్థిరపరచలేక పోయాడు,0.0,అతను రాజధాని వెలుపల తన అధికారాన్వి స్థిరపరచలేక పోయాడు
అలా పుష్కరకాలం గడిచిపోయింది,0.0,అలా పుష్కరకాలం గడిచిపోయింది,0.0,అలా పుష్కరకాలం గడిచిపోయింది,0.0,అలా పుష్కరకాలం గడిచిపోయింది,0.0,అలా పుష్కరకాలం గడిచిపోయింది
ఆమెకి న్యాయం చేయాలని డిమాండ్ చేస్తున్నారు,0.0,ఆమెకి న్యాయం చేయాలని డిమాండ్ చేస్లున్పారు,0.0,ఆమెకి న్యాయం చేయాలని డిమాండ్ చేస్లున్వారు,0.0,ఆమెకి న్యాయం చేయాలని డిమాండ్ చేస్లున్వారు,0.0,ఆమెకి న్యాయం చేయాలని డిమాండ్ చేస్లున్పారు
మనిషి సంఘజీవే కాదు,0.0,మనిషి సంఘజీవే కాదు,0.0,మనిషి సంఘజీవే కాదు,0.0,మనిషి సంఘజీవే కాదు,0.0,మనిషి సంఘజీవే కాదు
సెనగ పిండి గ్రాములు,0.0,సెనగ పిండి గ్రాములు,0.0,సెనగ పిండి గ్రాములు,0.0,సెనగ పిండి గ్రాములు,0.0,సెనగ పిండి గ్రాములు
కానీ దాని గురించి ఆలోచించండి,0.0,కానీ దాని గురించి ఆలోచించండి,0.0,కానీ దాని గురించి ఆలోచించండి,0.0,కానీ దాని గురించి ఆలోచించండి,0.0,కానీ దాని గురించి ఆలోచించండి
న్యూజిలాండ్ తో జరుగుతోన్న ఐదు టీల సిరీస్లో టీమిండియా బోణి కొట్టింది,0.0,న్యూజిలాండ్ తో జరుగుతోన్వ ఐదు టీల సిరీస్ధో టీమిండియా బోణి కొట్టింది,0.0,న్యూజిలాండ్ తో జరుగుతోన్ప ఐదు టీల సిరీస్గో టీమిండియా బోణి కొట్టింది,0.0,న్యూజిలాండ్ తో జరుగుతోన్వ ఐదు టీల సిరీస్ధో టీమిండియా బోణి కొట్టింది,0.0,న్యూజిలాండ్ తో జరుగుతోన్వ ఐదు టీల సిరీస్గో టీమిండియా బోణి కొట్టింది
ఆర్జేడీ నాయకుడు లాలూ ప్రసాద్ యాదవ్ కూడా ట్వీట్ చేస్తూ డాక్టర్ మన్మోహన్ సింగ్ జి ఆసుపత్రిలో చేరిన వార్తలను చూశాను,0.0,ఆర్జేడీ నాయకుడు లాలూ ప్రసాద్ యాదవ్ కూడా ట్యీట్ చేస్లూ డాక్టర్ మన్శోహన్ సింగ్ జి ఆసుపత్రిలో చేరిన వార్లలను చూశాను,0.0,ఆర్జేడీ నాయకుడు లాలూ ప్రసాద్ యాదవ్ కూడా ట్నీట్ చేస్లూ డాక్టర్ మన్శోహన్ సింగ్ జి ఆసుపత్రిలో చేరిన వార్లలను చూశాను,0.0,ఆర్జేడీ నాయకుడు లాలూ ప్రసాద్ యాదవ్ కూడా ట్పీట్ చేస్లూ డాక్టర్ మన్శోహన్ సింగ్ జి ఆసుపత్రిలో చేరిన వార్లలను చూశాను,0.0,ఆర్జేడీ నాయకుడు లాలూ ప్రసాద్ యాదవ్ కూడా ట్సీట్ చేస్లూ డాక్టర్ మన్శోహన్ సింగ్ జి ఆసుపత్రిలో చేరిన వార్లలను చూశాను
వ్యాసకర్త డైరెక్టర్ సెంటర్ ఫర్ స్టడీ ఆఫ్ సోషల్ ఎక్స్క్లూజన్ అండ్ ఇంక్లూజివ్ పాలసీ,0.0,వ్యాసకర్ల డైరెక్టర్ సెంటర్ ఫర్ స్టడీ ఆఫ్ సోషల్ ఎక్చ్క్తూజన్ అండ్ ఇంక్ధూజివ్ పాలసీ,0.0,వ్యాసకర్ల డైరెక్టర్ సెంటర్ ఫర్ స్టడీ ఆఫ్ సోషల్ ఎక్వ్క్ధూజన్ అండ్ ఇంక్ధూజివ్ పాలసీ,0.0,వ్యాసకర్ల డైరెక్టర్ సెంటర్ ఫర్ స్టడీ ఆఫ్ సోషల్ ఎక్వ్క్తూజన్ అండ్ ఇంక్గూజివ్ పాలసీ,0.0,వ్యాసకర్ల డైరెక్టర్ సెంటర్ ఫర్ స్టడీ ఆఫ్ సోషల్ ఎక్న్క్తూజన్ అండ్ ఇంక్ధూజివ్ పాలసీ
అది అదృష్ట అవును,0.0,అది అదృష్ట అవును,0.0,అది అదృష్ట అవును,0.0,అది అదృష్ట అవును,0.0,అది అదృష్ట అవును
ఇదిగో బంగారం,0.0,ఇదిగో బంగారం,0.0,ఇదిగో బంగారం,0.0,ఇదిగో బంగారం,0.0,ఇదిగో బంగారం
వెంటనే వైద్య సహాయాన్ని అందించకుండా అశ్రద్ధ చేస్తే అది ప్రాణాంతకంగా మారుతుంది,0.0,వెంటనే వైద్య సహాయాన్వి అందించకుండా అశ్రద్ల చేస్లే అది ప్రాణాంతకంగా మారుతుంది,0.0,వెంటనే వైద్య సహాయాన్పి అందించకుండా అశ్రద్డ చేస్లే అది ప్రాణాంతకంగా మారుతుంది,0.0,వెంటనే వైద్య సహాయాన్వి అందించకుండా అశ్రద్గ చేస్లే అది ప్రాణాంతకంగా మారుతుంది,0.0,వెంటనే వైద్య సహాయాన్పి అందించకుండా అశ్రద్గ చేస్లే అది ప్రాణాంతకంగా మారుతుంది
ఉలిక్కిపడి ఆమెవైపు సందేహంగా చూశాను,0.0,ఉలిక్కిపడి ఆమెవైపు సందేహంగా చూశాను,0.0,ఉలిక్కిపడి ఆమెవైపు సందేహంగా చూశాను,0.0,ఉలిక్కిపడి ఆమెవైపు సందేహంగా చూశాను,0.0,ఉలిక్కిపడి ఆమెవైపు సందేహంగా చూశాను
రైతులకు మద్దతు ధరే తమ లక్ష్యమన్నారు,0.0,రైతులకు మద్ధతు ధరే తమ లక్ష్యమన్పారు,0.0,రైతులకు మద్ధతు ధరే తమ లక్ష్యమన్వారు,0.0,రైతులకు మద్ధతు ధరే తమ లక్ష్యమన్వారు,0.0,రైతులకు మద్డతు ధరే తమ లక్ష్యమన్వారు
చిరంజీవి అక్టోబర్ లో చిరంజీవి చారిటబుల్ ట్రస్ట్ స్థాపించాడు,0.0,చిరంజీవి అక్టోబర్ లో చిరంజీవి చారిటబుల్ ట్రస్ట్ స్థాపించాడు,0.0,చిరంజీవి అక్టోబర్ లో చిరంజీవి చారిటబుల్ ట్రస్ట్ స్థాపించాడు,0.0,చిరంజీవి అక్టోబర్ లో చిరంజీవి చారిటబుల్ ట్రస్ట్ స్థాపించాడు,0.0,చిరంజీవి అక్టోబర్ లో చిరంజీవి చారిటబుల్ ట్రస్ట్ స్థాపించాడు
అయితే పాలకపార్టీ చొరవ తీసుకోవాలి,0.0,అయితే పాలకపార్టీ చొరవ తీసుకోవాలి,0.0,అయితే పాలకపార్టీ చొరవ తీసుకోవాలి,0.0,అయితే పాలకపార్టీ చొరవ తీసుకోవాలి,0.0,అయితే పాలకపార్టీ చొరవ తీసుకోవాలి
కానీ వారి ధైర్యం చెదరలేదు,0.0,కానీ వారి ధైర్యం చెదరలేదు,0.0,కానీ వారి ధైర్యం చెదరలేదు,0.0,కానీ వారి ధైర్యం చెదరలేదు,0.0,కానీ వారి ధైర్యం చెదరలేదు
ఈ నిరసన లో అధిక సంఖ్యలో తెలుగుదేశం పార్టీ నాయకులు కార్యకర్తలు పాల్గన్నారు,0.0,ఈ నిరసన లో అధిక సంఖ్యలో తెలుగుదేశం పార్టీ నాయకులు కార్యకర్లలు పాల్ఠన్వారు,0.0,ఈ నిరసన లో అధిక సంఖ్యలో తెలుగుదేశం పార్టీ నాయకులు కార్యకర్లలు పాల్లన్వారు,0.0,ఈ నిరసన లో అధిక సంఖ్యలో తెలుగుదేశం పార్టీ నాయకులు కార్యకర్లలు పాల్లన్పారు,0.0,ఈ నిరసన లో అధిక సంఖ్యలో తెలుగుదేశం పార్టీ నాయకులు కార్యకర్లలు పాల్ధన్వారు
ఆ విషయం కూడా పరిగణనలోకి తీసుకోవాలి కదా అన్నాడతను,0.0,ఆ విషయం కూడా పరిగణనలోకి తీసుకోవాలి కదా అన్వాడతను,0.0,ఆ విషయం కూడా పరిగణనలోకి తీసుకోవాలి కదా అన్వాడతను,0.0,ఆ విషయం కూడా పరిగణనలోకి తీసుకోవాలి కదా అన్వాడతను,0.0,ఆ విషయం కూడా పరిగణనలోకి తీసుకోవాలి కదా అన్వాడతను
ఈ చిత్రంలో అమితాబ్ బచ్చన్తోపాటు మన్మథుడు నాగార్జున కూడా కీలక పాత్రను పోషించడం గమనార్హం,0.0,ఈ చిత్రంలో అమితాబ్ బచ్సన్లోపాటు మన్శథుడు నాగార్జున కూడా కీలక పాత్రను పోషించడం గమనార్హం,0.0,ఈ చిత్రంలో అమితాబ్ బచ్సన్లోపాటు మన్శథుడు నాగార్జున కూడా కీలక పాత్రను పోషించడం గమనార్హం,0.0,ఈ చిత్రంలో అమితాబ్ బచ్సన్లోపాటు మన్శథుడు నాగార్జున కూడా కీలక పాత్రను పోషించడం గమనార్హం,0.0,ఈ చిత్రంలో అమితాబ్ బచ్వన్లోపాటు మన్శథుడు నాగార్జున కూడా కీలక పాత్రను పోషించడం గమనార్హం
కవితలు పోస్టు చేస్తుంటాను,0.0,కవితలు పోస్టు చేస్లుంటాను,0.0,కవితలు పోస్టు చేస్లుంటాను,0.0,కవితలు పోస్టు చేస్లుంటాను,0.0,కవితలు పోస్టు చేస్లుంటాను
దాంతో వారిద్దరి మధ్య సాన్నిహిత్యం పెరుగుతుంది,0.0,దాంతో వారిద్డరి మధ్య సాన్విహిత్యం పెరుగుతుంది,0.0,దాంతో వారిద్డరి మధ్య సాన్విహిత్యం పెరుగుతుంది,0.0,దాంతో వారిద్ రి మధ్య సాన్పిహిత్యం పెరుగుతుంది,0.0,దాంతో వారిద్డరి మధ్య సాన్విహిత్యం పెరుగుతుంది
యన్టీఆర్ బయోపిక్లో రానా ఆంధ్రప్రదేశ్ ముఖ్యమంత్రి చంద్రబాబు నాయుడు పాత్రలో నటిస్తున్న సంగతి తెలిసిందే,0.0,యన్టీఆర్ బయోపిక్గో రానా ఆంధ్రప్రదేశ్ ముఖ్యమంత్రి చంద్రబాబు నాయుడు పాత్రలో నటిస్లున్వ సంగతి తెలిసిందే,0.0,యన్టీఆర్ బయోపిక్ధో రానా ఆంధ్రప్రదేశ్ ముఖ్యమంత్రి చంద్రబాబు నాయుడు పాత్రలో నటిస్లున్వ సంగతి తెలిసిందే,0.0,యన్టీఆర్ బయోపిక్తో రానా ఆంధ్రప్రదేశ్ ముఖ్యమంత్రి చంద్రబాబు నాయుడు పాత్రలో నటిస్లున్వ సంగతి తెలిసిందే,0.0,యన్టీఆర్ బయోపిక్ధో రానా ఆంధ్రప్రదేశ్ ముఖ్యమంత్రి చంద్రబాబు నాయుడు పాత్రలో నటిస్లున్ప సంగతి తెలిసిందే
ముఖ్యమంత్రి సంగతి సరే సరి,0.0,ముఖ్యమంత్రి సంగతి సరే సరి,0.0,ముఖ్యమంత్రి సంగతి సరే సరి,0.0,ముఖ్యమంత్రి సంగతి సరే సరి,0.0,ముఖ్యమంత్రి సంగతి సరే సరి
దాని లక్షణాలు లక్షణాలు మరియు సమీక్షలు వివరాలు పరిగణించండి,0.0,దాని లక్షణాలు లక్షణాలు మరియు సమీక్షలు వివరాలు పరిగణించండి,0.0,దాని లక్షణాలు లక్షణాలు మరియు సమీక్షలు వివరాలు పరిగణించండి,0.0,దాని లక్షణాలు లక్షణాలు మరియు సమీక్షలు వివరాలు పరిగణించండి,0.0,దాని లక్షణాలు లక్షణాలు మరియు సమీక్షలు వివరాలు పరిగణించండి
కర్నూలు ఎగువన కురుస్తున్న వర్షాలకు శ్రీశైలం జలాశయానికి వరద ప్రవాహం కొనసాగుతోంది,0.0,కర్వూలు ఎగువన కురుస్లున్వ వర్షాలకు శ్రీశైలం జలాశయానికి వరద ప్రవాహం కొనసాగుతోంది,0.0,కర్పూలు ఎగువన కురుస్లున్ప వర్షాలకు శ్రీశైలం జలాశయానికి వరద ప్రవాహం కొనసాగుతోంది,0.0,కర్పూలు ఎగువన కురుస్లున్ప వర్షాలకు శ్రీశైలం జలాశయానికి వరద ప్రవాహం కొనసాగుతోంది,0.0,కర్పూలు ఎగువన కురుస్లున్వ వర్షాలకు శ్రీశైలం జలాశయానికి వరద ప్రవాహం కొనసాగుతోంది
ఆ అమ్మాయి యితన్ని ఓ ఆట ఆడించింది,0.0,ఆ అమ్శాయి యితన్వి ఓ ఆట ఆడించింది,0.0,ఆ అమ్శాయి యితన్వి ఓ ఆట ఆడించింది,0.0,ఆ అమ్శాయి యితన్వి ఓ ఆట ఆడించింది,0.0,ఆ అమ్శాయి యితన్పి ఓ ఆట ఆడించింది
ఒక వ్యక్తిని అరెస్టు చేసినట్లు ఇతరులను పట్టుకునేందుకు సోదాలు చేపట్టినట్లు వివరించారు,0.0,ఒక వ్యక్లిని అరెస్టు చేసినట్ధు ఇతరులను పట్టుకునేందుకు సోదాలు చేపట్టినట్ధు వివరించారు,0.0,ఒక వ్యక్లిని అరెస్టు చేసినట్గు ఇతరులను పట్టుకునేందుకు సోదాలు చేపట్టినట్గు వివరించారు,0.0,ఒక వ్యక్లిని అరెస్టు చేసినట్తు ఇతరులను పట్టుకునేందుకు సోదాలు చేపట్టినట్గు వివరించారు,0.0,ఒక వ్యక్లిని అరెస్టు చేసినట్తు ఇతరులను పట్టుకునేందుకు సోదాలు చేపట్టినట్ధు వివరించారు
స్విఫ్ట్ మీద బోల్తా పడిన టన్నుల బరువున్న లారీ ఐదుగురితో సహా రోడ్డుకు అతుక్కుపోయిన కారు,0.0,స్విఫ్ట్ మీద బోల్లా పడిన టన్పుల బరువున్వ లారీ ఐదుగురితో సహా రోడ్దుకు అతుక్కుపోయిన కారు,0.0,స్విఫ్ట్ మీద బోల్లా పడిన టన్వుల బరువున్ప లారీ ఐదుగురితో సహా రోడ్దుకు అతుక్కుపోయిన కారు,0.0,స్విఫ్ట్ మీద బోల్లా పడిన టన్పుల బరువున్ప లారీ ఐదుగురితో సహా రోడ్ధుకు అతుక్కుపోయిన కారు,0.0,స్విఫ్ట్ మీద బోల్లా పడిన టన్వుల బరువున్వ లారీ ఐదుగురితో సహా రోడ్దుకు అతుక్కుపోయిన కారు
రాజస్థాన్ రాష్ట్రంలో కొత్త కరోనా వైరస్ కేసులు నమోదవడంతో మొత్తం కేసుల సంఖ్య కు చేరింది,0.0,రాజస్థాన్ రాష్ట్రంలో కొత్ల కరోనా వైరస్ కేసులు నమోదవడంతో మొత్లం కేసుల సంఖ్య కు చేరింది,0.0,రాజస్థాన్ రాష్ట్రంలో కొత్ల కరోనా వైరస్ కేసులు నమోదవడంతో మొత్లం కేసుల సంఖ్య కు చేరింది,0.0,రాజస్థాన్ రాష్ట్రంలో కొత్ల కరోనా వైరస్ కేసులు నమోదవడంతో మొత్లం కేసుల సంఖ్య కు చేరింది,0.0,రాజస్థాన్ రాష్ట్రంలో కొత్ల కరోనా వైరస్ కేసులు నమోదవడంతో మొత్లం కేసుల సంఖ్య కు చేరింది
రోదనము మోయాబు సరిహద్దులలో వ్యాపించెను అంగలార్పు ఎగ్లయీమువరకును బెయేరేలీమువరకును వినబడెను,0.0,రోదనము మోయాబు సరిహద్డులలో వ్యాపించెను అంగలార్వు ఎగ్గయీమువరకును బెయేరేలీమువరకును వినబడెను,0.0,రోదనము మోయాబు సరిహద్ ులలో వ్యాపించెను అంగలార్సు ఎగ్తయీమువరకును బెయేరేలీమువరకును వినబడెను,0.0,రోదనము మోయాబు సరిహద్డులలో వ్యాపించెను అంగలార్సు ఎగ్తయీమువరకును బెయేరేలీమువరకును వినబడెను,0.0,రోదనము మోయాబు సరిహద్డులలో వ్యాపించెను అంగలార్ను ఎగ్తయీమువరకును బెయేరేలీమువరకును వినబడెను
సడన్ గా కారు ఆపాను,0.0,సడన్ గా కారు ఆపాను,0.0,సడన్ గా కారు ఆపాను,0.0,సడన్ గా కారు ఆపాను,0.0,సడన్ గా కారు ఆపాను
స్టేట్ పబ్లిక్ సర్వీస్ కమిషన్,0.0,స్టేట్ పబ్ధిక్ సర్యీస్ కమిషన్,0.0,స్టేట్ పబ్ధిక్ సర్యీస్ కమిషన్,0.0,స్టేట్ పబ్తిక్ సర్యీస్ కమిషన్,0.0,స్టేట్ పబ్ధిక్ సర్పీస్ కమిషన్
దీంతో ఇరు జట్ల మధ్య పోరు కఠినంగా కొనసాగనుంది,0.0,దీంతో ఇరు జట్ధ మధ్య పోరు కఠినంగా కొనసాగనుంది,0.0,దీంతో ఇరు జట్ధ మధ్య పోరు కఠినంగా కొనసాగనుంది,0.0,దీంతో ఇరు జట్ధ మధ్య పోరు కఠినంగా కొనసాగనుంది,0.0,దీంతో ఇరు జట్గ మధ్య పోరు కఠినంగా కొనసాగనుంది
పండ్లు మరియు కూరగాయలు ప్రకాశవంతమైన పసుపు కాలేయం జల్దారు పండ్లు ఉన్నాయి చేప నూనె వెన్న క్యారట్లు గుడ్లు మరియు పాలు,0.0,పండ్తు మరియు కూరగాయలు ప్రకాశవంతమైన పసుపు కాలేయం జల్డారు పండ్ధు ఉన్పాయి చేప నూనె వెన్వ క్యారట్ధు గుడ్ధు మరియు పాలు,0.0,పండ్ధు మరియు కూరగాయలు ప్రకాశవంతమైన పసుపు కాలేయం జల్ధారు పండ్గు ఉన్వాయి చేప నూనె వెన్వ క్యారట్గు గుడ్తు మరియు పాలు,0.0,పండ్ధు మరియు కూరగాయలు ప్రకాశవంతమైన పసుపు కాలేయం జల్ ారు పండ్తు ఉన్పాయి చేప నూనె వెన్వ క్యారట్ధు గుడ్తు మరియు పాలు,0.0,పండ్గు మరియు కూరగాయలు ప్రకాశవంతమైన పసుపు కాలేయం జల్డారు పండ్ధు ఉన్వాయి చేప నూనె వెన్ప క్యారట్ధు గుడ్గు మరియు పాలు
దానికోసం ఖైదీలు కిటికీల నుండి ఇనుప కడ్డీలను ఊడదీసి ఆ లోహంతో కత్తులను ఇతర ఆయుధాలను తయారుచేసుకున్నారు,0.0,దానికోసం ఖైదీలు కిటికీల నుండి ఇనుప కడ్ధీలను ఊడదీసి ఆ లోహంతో కత్లులను ఇతర ఆయుధాలను తయారుచేసుకున్వారు,0.0,దానికోసం ఖైదీలు కిటికీల నుండి ఇనుప కడ్ధీలను ఊడదీసి ఆ లోహంతో కత్లులను ఇతర ఆయుధాలను తయారుచేసుకున్వారు,0.0,దానికోసం ఖైదీలు కిటికీల నుండి ఇనుప కడ్ధీలను ఊడదీసి ఆ లోహంతో కత్లులను ఇతర ఆయుధాలను తయారుచేసుకున్పారు,0.0,దానికోసం ఖైదీలు కిటికీల నుండి ఇనుప కడ్దీలను ఊడదీసి ఆ లోహంతో కత్లులను ఇతర ఆయుధాలను తయారుచేసుకున్వారు
నిజాలు చెప్పి కాదు,0.0,నిజాలు చెప్వి కాదు,0.0,నిజాలు చెప్సి కాదు,0.0,నిజాలు చెప్యి కాదు,0.0,నిజాలు చెప్సి కాదు
బిలియన్ డాలర్ల విలువైన,0.0,బిలియన్ డాలర్గ విలువైన,0.0,బిలియన్ డాలర్ధ విలువైన,0.0,బిలియన్ డాలర్ధ విలువైన,0.0,బిలియన్ డాలర్గ విలువైన
తన పుట్టినరోజును ఆయన చాలా నిరాడంబరంగా జరుపుకున్నారు,0.0,తన పుట్టినరోజును ఆయన చాలా నిరాడంబరంగా జరుపుకున్పారు,0.0,తన పుట్టినరోజును ఆయన చాలా నిరాడంబరంగా జరుపుకున్పారు,0.0,తన పుట్టినరోజును ఆయన చాలా నిరాడంబరంగా జరుపుకున్వారు,0.0,తన పుట్టినరోజును ఆయన చాలా నిరాడంబరంగా జరుపుకున్పారు
దీంతో వాహనాన్ని పోలీసులు స్వాధీనం చేసుకున్నారు,0.0,దీంతో వాహనాన్పి పోలీసులు స్యాధీనం చేసుకున్వారు,0.0,దీంతో వాహనాన్పి పోలీసులు స్సాధీనం చేసుకున్వారు,0.0,దీంతో వాహనాన్వి పోలీసులు స్చాధీనం చేసుకున్పారు,0.0,దీంతో వాహనాన్పి పోలీసులు స్చాధీనం చేసుకున్పారు
గూగుల్ లెన్స్తో దీనిని అనుసంధానం చేశారు,0.0,గూగుల్ లెన్వ్లో దీనిని అనుసంధానం చేశారు,0.0,గూగుల్ లెన్చ్లో దీనిని అనుసంధానం చేశారు,0.0,గూగుల్ లెన్ప్లో దీనిని అనుసంధానం చేశారు,0.0,గూగుల్ లెన్చ్లో దీనిని అనుసంధానం చేశారు
ఆ సినిమాలో ప్రతి పాట వీనుల విందుగానే ఉంటుంది,0.0,ఆ సినిమాలో ప్రతి పాట వీనుల విందుగానే ఉంటుంది,0.0,ఆ సినిమాలో ప్రతి పాట వీనుల విందుగానే ఉంటుంది,0.0,ఆ సినిమాలో ప్రతి పాట వీనుల విందుగానే ఉంటుంది,0.0,ఆ సినిమాలో ప్రతి పాట వీనుల విందుగానే ఉంటుంది
భారత సినీ పరిశ్రమకు ఆయన అందించిన సేవలు అద్భుతం,0.0,భారత సినీ పరిశ్రమకు ఆయన అందించిన సేవలు అద్భుతం,0.0,భారత సినీ పరిశ్రమకు ఆయన అందించిన సేవలు అద్భుతం,0.0,భారత సినీ పరిశ్రమకు ఆయన అందించిన సేవలు అద్భుతం,0.0,భారత సినీ పరిశ్రమకు ఆయన అందించిన సేవలు అద్భుతం
ఈ సినిమాలో సూర్య సరసన సాయిపల్లవి రకుల్ ప్రీత్ సింగ్ హీరోయిన్లుగా నటిస్తున్నారు,0.0,ఈ సినిమాలో సూర్య సరసన సాయిపల్తవి రకుల్ ప్రీత్ సింగ్ హీరోయిన్తుగా నటిస్లున్పారు,0.0,ఈ సినిమాలో సూర్య సరసన సాయిపల్ధవి రకుల్ ప్రీత్ సింగ్ హీరోయిన్గుగా నటిస్లున్పారు,0.0,ఈ సినిమాలో సూర్య సరసన సాయిపల్ధవి రకుల్ ప్రీత్ సింగ్ హీరోయిన్ధుగా నటిస్లున్పారు,0.0,ఈ సినిమాలో సూర్య సరసన సాయిపల్ధవి రకుల్ ప్రీత్ సింగ్ హీరోయిన్తుగా నటిస్లున్వారు
కనుక కయీను హేబెలు పొలంలోకి వెళ్ళారు,0.0,కనుక కయీను హేబెలు పొలంలోకి వెళ్ళారు,0.0,కనుక కయీను హేబెలు పొలంలోకి వెళ్ళారు,0.0,కనుక కయీను హేబెలు పొలంలోకి వెళ్ళారు,0.0,కనుక కయీను హేబెలు పొలంలోకి వెళ్ళారు
గోదావరి పెన్నా లింక్ వయా బొల్లాపల్లి రిజర్వాయర్ ప్రాజెక్టుకు తగిన నిధులు ఇచ్చేలా సహాయపడగలరు,0.0,గోదావరి పెన్వా లింక్ వయా బొల్ధాపల్గి రిజర్సాయర్ ప్రాజెక్టుకు తగిన నిధులు ఇచ్వేలా సహాయపడగలరు,0.0,గోదావరి పెన్పా లింక్ వయా బొల్ధాపల్ధి రిజర్నాయర్ ప్రాజెక్టుకు తగిన నిధులు ఇచ్వేలా సహాయపడగలరు,0.0,గోదావరి పెన్పా లింక్ వయా బొల్గాపల్తి రిజర్చాయర్ ప్రాజెక్టుకు తగిన నిధులు ఇచ్వేలా సహాయపడగలరు,0.0,గోదావరి పెన్వా లింక్ వయా బొల్తాపల్ధి రిజర్చాయర్ ప్రాజెక్టుకు తగిన నిధులు ఇచ్వేలా సహాయపడగలరు
అయింది,0.0,అయింది,0.0,అయింది,0.0,అయింది,0.0,అయింది
అన్నారు సీరియస్ గా,0.0,అన్పారు సీరియస్ గా,0.0,అన్పారు సీరియస్ గా,0.0,అన్పారు సీరియస్ గా,0.0,అన్పారు సీరియస్ గా
నిందితులను కటినంగా శిక్షించాలి,0.0,నిందితులను కటినంగా శిక్షించాలి,0.0,నిందితులను కటినంగా శిక్షించాలి,0.0,నిందితులను కటినంగా శిక్షించాలి,0.0,నిందితులను కటినంగా శిక్షించాలి
లేవీ,0.0,లేవీ,0.0,లేవీ,0.0,లేవీ,0.0,లేవీ
కచ్చితంగా సక్సెస్ కొడతాం అన్న నమ్మకంతో ఉన్నాం అన్నారు,0.0,కచ్వితంగా సక్పెస్ కొడతాం అన్ప నమ్శకంతో ఉన్పాం అన్వారు,0.0,కచ్సితంగా సక్నెస్ కొడతాం అన్ప నమ్శకంతో ఉన్వాం అన్వారు,0.0,కచ్వితంగా సక్పెస్ కొడతాం అన్ప నమ్శకంతో ఉన్పాం అన్వారు,0.0,కచ్సితంగా సక్నెస్ కొడతాం అన్ప నమ్శకంతో ఉన్వాం అన్వారు
కాపు నేతలతో చర్చించండి పవన్ కళ్యాణ్,0.0,కాపు నేతలతో చర్సించండి పవన్ కళ్యాణ్,0.0,కాపు నేతలతో చర్సించండి పవన్ కళ్యాణ్,0.0,కాపు నేతలతో చర్సించండి పవన్ కళ్యాణ్,0.0,కాపు నేతలతో చర్వించండి పవన్ కళ్యాణ్
పోలీసు విచారణలో కానీ ఏం జరిగిందో బయటకు రాలేదు,0.0,పోలీసు విచారణలో కానీ ఏం జరిగిందో బయటకు రాలేదు,0.0,పోలీసు విచారణలో కానీ ఏం జరిగిందో బయటకు రాలేదు,0.0,పోలీసు విచారణలో కానీ ఏం జరిగిందో బయటకు రాలేదు,0.0,పోలీసు విచారణలో కానీ ఏం జరిగిందో బయటకు రాలేదు
ఈ కోర్సులో చేరేవారు కనీసం ఇంటర్ లేదా డిగ్రీ పాసై పుండాలి,0.0,ఈ కోర్వులో చేరేవారు కనీసం ఇంటర్ లేదా డిగ్రీ పాసై పుండాలి,0.0,ఈ కోర్నులో చేరేవారు కనీసం ఇంటర్ లేదా డిగ్రీ పాసై పుండాలి,0.0,ఈ కోర్చులో చేరేవారు కనీసం ఇంటర్ లేదా డిగ్రీ పాసై పుండాలి,0.0,ఈ కోర్వులో చేరేవారు కనీసం ఇంటర్ లేదా డిగ్రీ పాసై పుండాలి
మరో ఇద్దరు అరెస్ట్,0.0,మరో ఇద్ధరు అరెస్ట్,0.0,మరో ఇద్ధరు అరెస్ట్,0.0,మరో ఇద్ధరు అరెస్ట్,0.0,మరో ఇద్ రు అరెస్ట్
సముద్రం అల్లకల్లోలంగా ఉన్నందున మత్స్యకారులు చేపల వేటకు వెళ్లవద్దని వాతావరణ శాఖ అధికారులు సూచించారు,0.0,సముద్రం అల్గకల్తోలంగా ఉన్పందున మత్న్యకారులు చేపల వేటకు వెళ్ధవద్డని వాతావరణ శాఖ అధికారులు సూచించారు,0.0,సముద్రం అల్గకల్గోలంగా ఉన్పందున మత్చ్యకారులు చేపల వేటకు వెళ్తవద్ ని వాతావరణ శాఖ అధికారులు సూచించారు,0.0,సముద్రం అల్ధకల్ధోలంగా ఉన్వందున మత్చ్యకారులు చేపల వేటకు వెళ్గవద్ ని వాతావరణ శాఖ అధికారులు సూచించారు,0.0,సముద్రం అల్గకల్గోలంగా ఉన్పందున మత్న్యకారులు చేపల వేటకు వెళ్గవద్డని వాతావరణ శాఖ అధికారులు సూచించారు
అతిపెద్ద ఓటమి,0.0,అతిపెద్డ ఓటమి,0.0,అతిపెద్డ ఓటమి,0.0,అతిపెద్ధ ఓటమి,0.0,అతిపెద్డ ఓటమి
అస్సలు కాదు,0.0,అస్నలు కాదు,0.0,అస్వలు కాదు,0.0,అస్వలు కాదు,0.0,అస్చలు కాదు
సైన్స్లోని ఏ బ్రాంచ్లోనైనా నోబెల్ అందుకున్న ఆసియా ఖండానికి చెందిన మొట్టమొదటి వ్యక్తిగా రామన్ రికార్డు సృష్టించారు,0.0,సైన్న్తోని ఏ బ్రాంచ్గోనైనా నోబెల్ అందుకున్ప ఆసియా ఖండానికి చెందిన మొట్టమొదటి వ్యక్లిగా రామన్ రికార్ధు సృష్టించారు,0.0,సైన్న్ధోని ఏ బ్రాంచ్గోనైనా నోబెల్ అందుకున్ప ఆసియా ఖండానికి చెందిన మొట్టమొదటి వ్యక్లిగా రామన్ రికార్దు సృష్టించారు,0.0,సైన్చ్గోని ఏ బ్రాంచ్ధోనైనా నోబెల్ అందుకున్ప ఆసియా ఖండానికి చెందిన మొట్టమొదటి వ్యక్లిగా రామన్ రికార్దు సృష్టించారు,0.0,సైన్చ్గోని ఏ బ్రాంచ్తోనైనా నోబెల్ అందుకున్ప ఆసియా ఖండానికి చెందిన మొట్టమొదటి వ్యక్లిగా రామన్ రికార్దు సృష్టించారు
దీంతో పాటుగా విజయ్ దేవరకొండ హీరోగా చేస్తున్న వరల్డ్ ఫేమస్ లవర్ సినిమాలో నటిస్తున్నది,0.0,దీంతో పాటుగా విజయ్ దేవరకొండ హీరోగా చేస్లున్ప వరల్ధ్ ఫేమస్ లవర్ సినిమాలో నటిస్లున్వది,0.0,దీంతో పాటుగా విజయ్ దేవరకొండ హీరోగా చేస్లున్ప వరల్ధ్ ఫేమస్ లవర్ సినిమాలో నటిస్లున్వది,0.0,దీంతో పాటుగా విజయ్ దేవరకొండ హీరోగా చేస్లున్ప వరల్ధ్ ఫేమస్ లవర్ సినిమాలో నటిస్లున్వది,0.0,దీంతో పాటుగా విజయ్ దేవరకొండ హీరోగా చేస్లున్వ వరల్ధ్ ఫేమస్ లవర్ సినిమాలో నటిస్లున్పది
గత ఎన్నికల్లో పోటీ చేసి ఓడిపోయారు కూడా,0.0,గత ఎన్పికల్గో పోటీ చేసి ఓడిపోయారు కూడా,0.0,గత ఎన్వికల్ధో పోటీ చేసి ఓడిపోయారు కూడా,0.0,గత ఎన్వికల్గో పోటీ చేసి ఓడిపోయారు కూడా,0.0,గత ఎన్వికల్గో పోటీ చేసి ఓడిపోయారు కూడా
ప్రాప్యత ముఖ్యం,0.0,ప్రాప్యత ముఖ్యం,0.0,ప్రాప్యత ముఖ్యం,0.0,ప్రాప్యత ముఖ్యం,0.0,ప్రాప్యత ముఖ్యం
ఒకేసారి మంది ప్రయాణిచేందుకు వీలుంది,0.0,ఒకేసారి మంది ప్రయాణిచేందుకు వీలుంది,0.0,ఒకేసారి మంది ప్రయాణిచేందుకు వీలుంది,0.0,ఒకేసారి మంది ప్రయాణిచేందుకు వీలుంది,0.0,ఒకేసారి మంది ప్రయాణిచేందుకు వీలుంది
ఒక కొత్త ఇల్లును కట్టడంకన్నా దాన్ని పడగొట్టడమే చాలా సులభం,0.0,ఒక కొత్ల ఇల్తును కట్టడంకన్వా దాన్పి పడగొట్టడమే చాలా సులభం,0.0,ఒక కొత్ల ఇల్ధును కట్టడంకన్వా దాన్పి పడగొట్టడమే చాలా సులభం,0.0,ఒక కొత్ల ఇల్గును కట్టడంకన్వా దాన్వి పడగొట్టడమే చాలా సులభం,0.0,ఒక కొత్ల ఇల్గును కట్టడంకన్పా దాన్పి పడగొట్టడమే చాలా సులభం
ముంబయి పుణె ఇండోర్ జైపుర్ కోల్కతా పశ్చిమ్బంగాలోని మరికొన్ని ప్రాంతాల్లో కొవిడ్ పరిస్థితి అత్యంత ప్రమాదకరంగా ఉందని కేంద్ర ప్రభుత్వం తెలిపింది,0.0,ముంబయి పుణె ఇండోర్ జైపుర్ కోల్కతా పశ్విమ్బంగాలోని మరికొన్వి ప్రాంతాల్గో కొవిడ్ పరిస్థితి అత్యంత ప్రమాదకరంగా ఉందని కేంద్ర ప్రభుత్పం తెలిపింది,0.0,ముంబయి పుణె ఇండోర్ జైపుర్ కోల్కతా పశ్సిమ్బంగాలోని మరికొన్పి ప్రాంతాల్గో కొవిడ్ పరిస్థితి అత్యంత ప్రమాదకరంగా ఉందని కేంద్ర ప్రభుత్పం తెలిపింది,0.0,ముంబయి పుణె ఇండోర్ జైపుర్ కోల్కతా పశ్సిమ్బంగాలోని మరికొన్వి ప్రాంతాల్ధో కొవిడ్ పరిస్థితి అత్యంత ప్రమాదకరంగా ఉందని కేంద్ర ప్రభుత్సం తెలిపింది,0.0,ముంబయి పుణె ఇండోర్ జైపుర్ కోల్కతా పశ్సిమ్బంగాలోని మరికొన్పి ప్రాంతాల్గో కొవిడ్ పరిస్థితి అత్యంత ప్రమాదకరంగా ఉందని కేంద్ర ప్రభుత్యం తెలిపింది
చెరువులో పడి ఇద్దరు పిల్లలు చనిపోయారు,0.0,చెరువులో పడి ఇద్డరు పిల్గలు చనిపోయారు,0.0,చెరువులో పడి ఇద్డరు పిల్తలు చనిపోయారు,0.0,చెరువులో పడి ఇద్డరు పిల్గలు చనిపోయారు,0.0,చెరువులో పడి ఇద్ రు పిల్గలు చనిపోయారు
కాలీఫ్లవర్ సలాడ్ అరటి తో,0.0,కాలీఫ్ధవర్ సలాడ్ అరటి తో,0.0,కాలీఫ్తవర్ సలాడ్ అరటి తో,0.0,కాలీఫ్తవర్ సలాడ్ అరటి తో,0.0,కాలీఫ్తవర్ సలాడ్ అరటి తో
ఫలాని దేశానికి లేదా దేశాలకు ప్రతినిధులను పంపమని ఆహ్వానించబడిన బ్రాంచీల ద్వారా ఈ ఏర్పాట్లను గురించిన మరిన్ని వివరాలు అందజేయబడతాయి,0.0,ఫలాని దేశానికి లేదా దేశాలకు ప్రతినిధులను పంపమని ఆహ్చానించబడిన బ్రాంచీల ద్నారా ఈ ఏర్వాట్గను గురించిన మరిన్పి వివరాలు అందజేయబడతాయి,0.0,ఫలాని దేశానికి లేదా దేశాలకు ప్రతినిధులను పంపమని ఆహ్పానించబడిన బ్రాంచీల ద్పారా ఈ ఏర్సాట్గను గురించిన మరిన్వి వివరాలు అందజేయబడతాయి,0.0,ఫలాని దేశానికి లేదా దేశాలకు ప్రతినిధులను పంపమని ఆహ్పానించబడిన బ్రాంచీల ద్నారా ఈ ఏర్సాట్తను గురించిన మరిన్పి వివరాలు అందజేయబడతాయి,0.0,ఫలాని దేశానికి లేదా దేశాలకు ప్రతినిధులను పంపమని ఆహ్సానించబడిన బ్రాంచీల ద్చారా ఈ ఏర్నాట్గను గురించిన మరిన్పి వివరాలు అందజేయబడతాయి
గుంపులో ఒకరిగా ఉండాలని వారి గుర్తింపు పొందాలని కోరుకోవడం సహజమే,0.0,గుంపులో ఒకరిగా ఉండాలని వారి గుర్లింపు పొందాలని కోరుకోవడం సహజమే,0.0,గుంపులో ఒకరిగా ఉండాలని వారి గుర్లింపు పొందాలని కోరుకోవడం సహజమే,0.0,గుంపులో ఒకరిగా ఉండాలని వారి గుర్లింపు పొందాలని కోరుకోవడం సహజమే,0.0,గుంపులో ఒకరిగా ఉండాలని వారి గుర్లింపు పొందాలని కోరుకోవడం సహజమే
వారిని గురించి నీవు చింత పడవద్దు అని ఓదార్చాడు,0.0,వారిని గురించి నీవు చింత పడవద్డు అని ఓదార్సాడు,0.0,వారిని గురించి నీవు చింత పడవద్డు అని ఓదార్వాడు,0.0,వారిని గురించి నీవు చింత పడవద్డు అని ఓదార్వాడు,0.0,వారిని గురించి నీవు చింత పడవద్ ు అని ఓదార్సాడు
ఆ సమయంలో ఆమె ఇంట్లో ఒంటరిగా ఉంది,0.0,ఆ సమయంలో ఆమె ఇంట్గో ఒంటరిగా ఉంది,0.0,ఆ సమయంలో ఆమె ఇంట్ధో ఒంటరిగా ఉంది,0.0,ఆ సమయంలో ఆమె ఇంట్గో ఒంటరిగా ఉంది,0.0,ఆ సమయంలో ఆమె ఇంట్తో ఒంటరిగా ఉంది
వాళ్లను యెహోవా చూస్తున్నట్లు అంటే ఆయన చేతిలో మలచబడుతూ ఉన్న వ్యక్తులుగా చూస్తాం,0.0,వాళ్గను యెహోవా చూస్లున్పట్గు అంటే ఆయన చేతిలో మలచబడుతూ ఉన్ప వ్యక్లులుగా చూస్లాం,0.0,వాళ్ధను యెహోవా చూస్లున్పట్తు అంటే ఆయన చేతిలో మలచబడుతూ ఉన్ప వ్యక్లులుగా చూస్లాం,0.0,వాళ్గను యెహోవా చూస్లున్పట్గు అంటే ఆయన చేతిలో మలచబడుతూ ఉన్వ వ్యక్లులుగా చూస్లాం,0.0,వాళ్తను యెహోవా చూస్లున్పట్ధు అంటే ఆయన చేతిలో మలచబడుతూ ఉన్ప వ్యక్లులుగా చూస్లాం
అయితే అలవాటు తప్పకుండా చూసుకోవడం అవసరం,0.0,అయితే అలవాటు తప్వకుండా చూసుకోవడం అవసరం,0.0,అయితే అలవాటు తప్యకుండా చూసుకోవడం అవసరం,0.0,అయితే అలవాటు తప్వకుండా చూసుకోవడం అవసరం,0.0,అయితే అలవాటు తప్నకుండా చూసుకోవడం అవసరం
నువ్వు మాట్లాడుతున్నదేంటి,0.0,నువ్చు మాట్ధాడుతున్వదేంటి,0.0,నువ్పు మాట్ధాడుతున్వదేంటి,0.0,నువ్యు మాట్ధాడుతున్వదేంటి,0.0,నువ్ను మాట్ధాడుతున్పదేంటి
హ్యాపీ బర్త్డే నందినీ,0.0,హ్యాపీ బర్ల్ధే నందినీ,0.0,హ్యాపీ బర్ల్దే నందినీ,0.0,హ్యాపీ బర్ల్ధే నందినీ,0.0,హ్యాపీ బర్ల్దే నందినీ
మరొక రెండు రోజులు పట్టేలా ఉంది,0.0,మరొక రెండు రోజులు పట్టేలా ఉంది,0.0,మరొక రెండు రోజులు పట్టేలా ఉంది,0.0,మరొక రెండు రోజులు పట్టేలా ఉంది,0.0,మరొక రెండు రోజులు పట్టేలా ఉంది
ఇలాంటి దుశ్చర్యలకు పాల్పడడం పాక్కి కొత్తేమీ కాదు,0.0,ఇలాంటి దుశ్సర్యలకు పాల్సడడం పాక్కి కొత్లేమీ కాదు,0.0,ఇలాంటి దుశ్సర్యలకు పాల్వడడం పాక్కి కొత్లేమీ కాదు,0.0,ఇలాంటి దుశ్వర్యలకు పాల్సడడం పాక్కి కొత్లేమీ కాదు,0.0,ఇలాంటి దుశ్సర్యలకు పాల్వడడం పాక్కి కొత్లేమీ కాదు
గ్రామస్తులు పాల్గొన్నారు,0.0,గ్రామస్లులు పాల్లొన్వారు,0.0,గ్రామస్లులు పాల్లొన్వారు,0.0,గ్రామస్లులు పాల్ధొన్పారు,0.0,గ్రామస్లులు పాల్ఠొన్వారు
ఆహారమే ఔషధం,0.0,ఆహారమే ఔషధం,0.0,ఆహారమే ఔషధం,0.0,ఆహారమే ఔషధం,0.0,ఆహారమే ఔషధం
తొమ్మిది మంది క్షతగాత్రులయ్యారు,0.0,తొమ్శిది మంది క్షతగాత్రులయ్యారు,0.0,తొమ్శిది మంది క్షతగాత్రులయ్యారు,0.0,తొమ్శిది మంది క్షతగాత్రులయ్యారు,0.0,తొమ్శిది మంది క్షతగాత్రులయ్యారు
ఈ శ్రమలో ఆయన ఆరోగ్యము బాగా దెబ్బ తిన్నది,0.0,ఈ శ్రమలో ఆయన ఆరోగ్యము బాగా దెబ్బ తిన్పది,0.0,ఈ శ్రమలో ఆయన ఆరోగ్యము బాగా దెబ్బ తిన్పది,0.0,ఈ శ్రమలో ఆయన ఆరోగ్యము బాగా దెబ్బ తిన్పది,0.0,ఈ శ్రమలో ఆయన ఆరోగ్యము బాగా దెబ్బ తిన్పది
పర్భాని జిల్లా పర్భాని,0.0,పర్భాని జిల్తా పర్భాని,0.0,పర్భాని జిల్గా పర్భాని,0.0,పర్భాని జిల్తా పర్భాని,0.0,పర్భాని జిల్ధా పర్భాని
ఇక్కడ కాదు అక్కడ,0.0,ఇక్కడ కాదు అక్కడ,0.0,ఇక్కడ కాదు అక్కడ,0.0,ఇక్కడ కాదు అక్కడ,0.0,ఇక్కడ కాదు అక్కడ
మెగాస్టార్ చిరంజీవి హీరోగా ఉయ్యాలవాడ నరసింహారెడ్డి జీవితం ఆధారంగా సురేందర్ రెడ్డి తెరకెక్కిస్తోన్న చిత్రం సైరా నరసింహారెడ్డి,0.0,మెగాస్టార్ చిరంజీవి హీరోగా ఉయ్యాలవాడ నరసింహారెడ్ది జీవితం ఆధారంగా సురేందర్ రెడ్ధి తెరకెక్కిస్లోన్వ చిత్రం సైరా నరసింహారెడ్ధి,0.0,మెగాస్టార్ చిరంజీవి హీరోగా ఉయ్యాలవాడ నరసింహారెడ్ధి జీవితం ఆధారంగా సురేందర్ రెడ్ది తెరకెక్కిస్లోన్వ చిత్రం సైరా నరసింహారెడ్ధి,0.0,మెగాస్టార్ చిరంజీవి హీరోగా ఉయ్యాలవాడ నరసింహారెడ్ది జీవితం ఆధారంగా సురేందర్ రెడ్ధి తెరకెక్కిస్లోన్ప చిత్రం సైరా నరసింహారెడ్ధి,0.0,మెగాస్టార్ చిరంజీవి హీరోగా ఉయ్యాలవాడ నరసింహారెడ్ది జీవితం ఆధారంగా సురేందర్ రెడ్ధి తెరకెక్కిస్లోన్వ చిత్రం సైరా నరసింహారెడ్ది
సచ్చిపోయిందా,0.0,సచ్సిపోయిందా,0.0,సచ్విపోయిందా,0.0,సచ్సిపోయిందా,0.0,సచ్సిపోయిందా
దీన్ని చేయటానికి బయపడకండి,0.0,దీన్పి చేయటానికి బయపడకండి,0.0,దీన్పి చేయటానికి బయపడకండి,0.0,దీన్వి చేయటానికి బయపడకండి,0.0,దీన్వి చేయటానికి బయపడకండి
దాని ప్రకారం ఛత్తీస్గఢ్కు అదనంగా రూ,0.0,దాని ప్రకారం ఛత్లీస్ధఢ్కు అదనంగా రూ,0.0,దాని ప్రకారం ఛత్లీస్లఢ్కు అదనంగా రూ,0.0,దాని ప్రకారం ఛత్లీస్ధఢ్కు అదనంగా రూ,0.0,దాని ప్రకారం ఛత్లీస్ఠఢ్కు అదనంగా రూ
అంతకముందు జరిగిన సెమీస్లో భవాని తో బ్రిటన్కే చెందిన జెస్సికా కోర్బీని ఓడించింది,0.0,అంతకముందు జరిగిన సెమీస్గో భవాని తో బ్రిటన్కే చెందిన జెస్పికా కోర్బీని ఓడించింది,0.0,అంతకముందు జరిగిన సెమీస్ధో భవాని తో బ్రిటన్కే చెందిన జెస్పికా కోర్బీని ఓడించింది,0.0,అంతకముందు జరిగిన సెమీస్ధో భవాని తో బ్రిటన్కే చెందిన జెస్చికా కోర్బీని ఓడించింది,0.0,అంతకముందు జరిగిన సెమీస్ధో భవాని తో బ్రిటన్కే చెందిన జెస్వికా కోర్బీని ఓడించింది
పవర్ ఉన్న కుర్రాడు అని అన్నారు,0.0,పవర్ ఉన్వ కుర్రాడు అని అన్పారు,0.0,పవర్ ఉన్వ కుర్రాడు అని అన్పారు,0.0,పవర్ ఉన్ప కుర్రాడు అని అన్వారు,0.0,పవర్ ఉన్వ కుర్రాడు అని అన్పారు
ట్రంప్కు ఇది కచ్చితంగా తీవ్ర పరాభవమే,0.0,ట్రంప్కు ఇది కచ్వితంగా తీవ్ర పరాభవమే,0.0,ట్రంప్కు ఇది కచ్సితంగా తీవ్ర పరాభవమే,0.0,ట్రంప్కు ఇది కచ్వితంగా తీవ్ర పరాభవమే,0.0,ట్రంప్కు ఇది కచ్వితంగా తీవ్ర పరాభవమే
వరదలకు రహదారులన్నీ జలమయం అయ్యాయి,0.0,వరదలకు రహదారులన్వీ జలమయం అయ్యాయి,0.0,వరదలకు రహదారులన్పీ జలమయం అయ్యాయి,0.0,వరదలకు రహదారులన్పీ జలమయం అయ్యాయి,0.0,వరదలకు రహదారులన్వీ జలమయం అయ్యాయి
రైతులను కలిసి వారి కష్టాలను తెలుసుకున్నారు,0.0,రైతులను కలిసి వారి కష్టాలను తెలుసుకున్వారు,0.0,రైతులను కలిసి వారి కష్టాలను తెలుసుకున్వారు,0.0,రైతులను కలిసి వారి కష్టాలను తెలుసుకున్వారు,0.0,రైతులను కలిసి వారి కష్టాలను తెలుసుకున్వారు
గూగుల్ ఆర్ట్స్ కల్చర్,0.0,గూగుల్ ఆర్ట్చ్ కల్సర్,0.0,గూగుల్ ఆర్ట్ప్ కల్వర్,0.0,గూగుల్ ఆర్ట్వ్ కల్వర్,0.0,గూగుల్ ఆర్ట్న్ కల్సర్
ప్రధాని మోడీ బీజేపీ జాతీయ అధ్యక్షులు అమిత్ షాలు సమీక్షించారన్నారు,0.0,ప్రధాని మోడీ బీజేపీ జాతీయ అధ్యక్షులు అమిత్ షాలు సమీక్షించారన్వారు,0.0,ప్రధాని మోడీ బీజేపీ జాతీయ అధ్యక్షులు అమిత్ షాలు సమీక్షించారన్పారు,0.0,ప్రధాని మోడీ బీజేపీ జాతీయ అధ్యక్షులు అమిత్ షాలు సమీక్షించారన్పారు,0.0,ప్రధాని మోడీ బీజేపీ జాతీయ అధ్యక్షులు అమిత్ షాలు సమీక్షించారన్పారు
బ్రిటీష్ పాలనలో ఉత్తర ప్రాంతాల లెఫ్టినెంట్ గవర్నర్ సర్ విలియం ముయిర్ ఒక కేంద్ర విద్యా సంస్థ ఆలోచనను ప్రారంభించారు,0.0,బ్రిటీష్ పాలనలో ఉత్లర ప్రాంతాల లెఫ్టినెంట్ గవర్పర్ సర్ విలియం ముయిర్ ఒక కేంద్ర విద్యా సంస్థ ఆలోచనను ప్రారంభించారు,0.0,బ్రిటీష్ పాలనలో ఉత్లర ప్రాంతాల లెఫ్టినెంట్ గవర్వర్ సర్ విలియం ముయిర్ ఒక కేంద్ర విద్యా సంస్థ ఆలోచనను ప్రారంభించారు,0.0,బ్రిటీష్ పాలనలో ఉత్లర ప్రాంతాల లెఫ్టినెంట్ గవర్పర్ సర్ విలియం ముయిర్ ఒక కేంద్ర విద్యా సంస్థ ఆలోచనను ప్రారంభించారు,0.0,బ్రిటీష్ పాలనలో ఉత్లర ప్రాంతాల లెఫ్టినెంట్ గవర్పర్ సర్ విలియం ముయిర్ ఒక కేంద్ర విద్యా సంస్థ ఆలోచనను ప్రారంభించారు
ఆ మ్యాచ్లో పడ్డ వికెట్లు,0.0,ఆ మ్యాచ్గో పడ్ధ వికెట్తు,0.0,ఆ మ్యాచ్ధో పడ్ద వికెట్తు,0.0,ఆ మ్యాచ్గో పడ్ద వికెట్గు,0.0,ఆ మ్యాచ్తో పడ్ద వికెట్ధు
ప్రస్తుతం ఈ సినిమా షూటింగ్ జరుపుకుంటోంది,0.0,ప్రస్లుతం ఈ సినిమా షూటింగ్ జరుపుకుంటోంది,0.0,ప్రస్లుతం ఈ సినిమా షూటింగ్ జరుపుకుంటోంది,0.0,ప్రస్లుతం ఈ సినిమా షూటింగ్ జరుపుకుంటోంది,0.0,ప్రస్లుతం ఈ సినిమా షూటింగ్ జరుపుకుంటోంది
ప్రమాదంలో ప్రాణనష్టం జరగలేదని అధికారులు చెప్పారు,0.0,ప్రమాదంలో ప్రాణనష్టం జరగలేదని అధికారులు చెప్సారు,0.0,ప్రమాదంలో ప్రాణనష్టం జరగలేదని అధికారులు చెప్యారు,0.0,ప్రమాదంలో ప్రాణనష్టం జరగలేదని అధికారులు చెప్వారు,0.0,ప్రమాదంలో ప్రాణనష్టం జరగలేదని అధికారులు చెప్యారు
ఉపాద్యాయులను గౌరవించడానికి ప్రత్యేకంగా జరుపుకునే పండుగ గురు పూజోత్సవం,0.0,ఉపాద్యాయులను గౌరవించడానికి ప్రత్యేకంగా జరుపుకునే పండుగ గురు పూజోత్వవం,0.0,ఉపాద్యాయులను గౌరవించడానికి ప్రత్యేకంగా జరుపుకునే పండుగ గురు పూజోత్పవం,0.0,ఉపాద్యాయులను గౌరవించడానికి ప్రత్యేకంగా జరుపుకునే పండుగ గురు పూజోత్వవం,0.0,ఉపాద్యాయులను గౌరవించడానికి ప్రత్యేకంగా జరుపుకునే పండుగ గురు పూజోత్పవం
ఎవరైనా ఆదేశాలను అతిక్రమిస్తే చట్టపరంగా చర్యలు తీసుకోవాల్సి ఉంటుందని సిపి హెచ్చరించారు,0.0,ఎవరైనా ఆదేశాలను అతిక్రమిస్లే చట్టపరంగా చర్యలు తీసుకోవాల్చి ఉంటుందని సిపి హెచ్వరించారు,0.0,ఎవరైనా ఆదేశాలను అతిక్రమిస్లే చట్టపరంగా చర్యలు తీసుకోవాల్వి ఉంటుందని సిపి హెచ్వరించారు,0.0,ఎవరైనా ఆదేశాలను అతిక్రమిస్లే చట్టపరంగా చర్యలు తీసుకోవాల్పి ఉంటుందని సిపి హెచ్సరించారు,0.0,ఎవరైనా ఆదేశాలను అతిక్రమిస్లే చట్టపరంగా చర్యలు తీసుకోవాల్చి ఉంటుందని సిపి హెచ్సరించారు
మేనక ఏమంటారో,0.0,మేనక ఏమంటారో,0.0,మేనక ఏమంటారో,0.0,మేనక ఏమంటారో,0.0,మేనక ఏమంటారో
భారత జట్టులో దీప్తి శర్మ శిఖా పాండే రాజేశ్వరీ గైక్వాడ్ పూనమ్ యాదవ్ రాధా యాదవ్ తలా ఒక వికెట్ తీశారు,0.0,భారత జట్టులో దీప్లి శర్శ శిఖా పాండే రాజేశ్సరీ గైక్చాడ్ పూనమ్ యాదవ్ రాధా యాదవ్ తలా ఒక వికెట్ తీశారు,0.0,భారత జట్టులో దీప్లి శర్శ శిఖా పాండే రాజేశ్సరీ గైక్చాడ్ పూనమ్ యాదవ్ రాధా యాదవ్ తలా ఒక వికెట్ తీశారు,0.0,భారత జట్టులో దీప్లి శర్శ శిఖా పాండే రాజేశ్యరీ గైక్నాడ్ పూనమ్ యాదవ్ రాధా యాదవ్ తలా ఒక వికెట్ తీశారు,0.0,భారత జట్టులో దీప్లి శర్శ శిఖా పాండే రాజేశ్చరీ గైక్యాడ్ పూనమ్ యాదవ్ రాధా యాదవ్ తలా ఒక వికెట్ తీశారు
మేము బయట గ్లూ,0.0,మేము బయట గ్ధూ,0.0,మేము బయట గ్గూ,0.0,మేము బయట గ్గూ,0.0,మేము బయట గ్తూ
కోట్ల ఆదాయం వచ్చిందని వెల్లడించారు,0.0,కోట్గ ఆదాయం వచ్విందని వెల్గడించారు,0.0,కోట్గ ఆదాయం వచ్సిందని వెల్తడించారు,0.0,కోట్గ ఆదాయం వచ్విందని వెల్ధడించారు,0.0,కోట్త ఆదాయం వచ్సిందని వెల్గడించారు
ఈ ప్రదర్శనలో కి పైగా చిత్రాల చిత్రకళ శిల్పం మరియు అనువర్తిత కళలు ఉన్నాయి,0.0,ఈ ప్రదర్మనలో కి పైగా చిత్రాల చిత్రకళ శిల్నం మరియు అనువర్లిత కళలు ఉన్వాయి,0.0,ఈ ప్రదర్మనలో కి పైగా చిత్రాల చిత్రకళ శిల్వం మరియు అనువర్లిత కళలు ఉన్పాయి,0.0,ఈ ప్రదర్మనలో కి పైగా చిత్రాల చిత్రకళ శిల్వం మరియు అనువర్లిత కళలు ఉన్వాయి,0.0,ఈ ప్రదర్మనలో కి పైగా చిత్రాల చిత్రకళ శిల్నం మరియు అనువర్లిత కళలు ఉన్పాయి
దీంట్లో పావు టీ స్పూన్ తేనె చిటికెడు రాళ్ల ఉప్పు వేయాలి,0.0,దీంట్తో పావు టీ స్వూన్ తేనె చిటికెడు రాళ్ధ ఉప్యు వేయాలి,0.0,దీంట్గో పావు టీ స్నూన్ తేనె చిటికెడు రాళ్త ఉప్యు వేయాలి,0.0,దీంట్గో పావు టీ స్సూన్ తేనె చిటికెడు రాళ్త ఉప్సు వేయాలి,0.0,దీంట్గో పావు టీ స్యూన్ తేనె చిటికెడు రాళ్ధ ఉప్ను వేయాలి
ఇది దురదృష్టకరమైన పరిణామం అని ఆమె అన్నారు,0.0,ఇది దురదృష్టకరమైన పరిణామం అని ఆమె అన్పారు,0.0,ఇది దురదృష్టకరమైన పరిణామం అని ఆమె అన్వారు,0.0,ఇది దురదృష్టకరమైన పరిణామం అని ఆమె అన్పారు,0.0,ఇది దురదృష్టకరమైన పరిణామం అని ఆమె అన్వారు
మనమూ అదే కోరుకొందాం,0.0,మనమూ అదే కోరుకొందాం,0.0,మనమూ అదే కోరుకొందాం,0.0,మనమూ అదే కోరుకొందాం,0.0,మనమూ అదే కోరుకొందాం
సీఎం పీఎం ఇద్దరూ ప్రజలను నమ్మించి మోసం చేశారని మండిపడ్డారు,0.0,సీఎం పీఎం ఇద్డరూ ప్రజలను నమ్శించి మోసం చేశారని మండిపడ్దారు,0.0,సీఎం పీఎం ఇద్ రూ ప్రజలను నమ్శించి మోసం చేశారని మండిపడ్దారు,0.0,సీఎం పీఎం ఇద్ రూ ప్రజలను నమ్శించి మోసం చేశారని మండిపడ్దారు,0.0,సీఎం పీఎం ఇద్డరూ ప్రజలను నమ్శించి మోసం చేశారని మండిపడ్దారు
ఆయన వస్తున్న కారు సూర్యాపేట వద్ద మొరాయించింది,0.0,ఆయన వస్లున్ప కారు సూర్యాపేట వద్  మొరాయించింది,0.0,ఆయన వస్లున్వ కారు సూర్యాపేట వద్  మొరాయించింది,0.0,ఆయన వస్లున్వ కారు సూర్యాపేట వద్ధ మొరాయించింది,0.0,ఆయన వస్లున్ప కారు సూర్యాపేట వద్  మొరాయించింది
ఈ ఎల్ఎక్స్ ధర రూ,0.0,ఈ ఎల్ఎక్ప్ ధర రూ,0.0,ఈ ఎల్ఎక్న్ ధర రూ,0.0,ఈ ఎల్ఎక్వ్ ధర రూ,0.0,ఈ ఎల్ఎక్న్ ధర రూ
స్విఫ్ట్ ఆన్ రోడ్ ప్రారంభ ధర దాదాపుగా రూ,0.0,స్విఫ్ట్ ఆన్ రోడ్ ప్రారంభ ధర దాదాపుగా రూ,0.0,స్విఫ్ట్ ఆన్ రోడ్ ప్రారంభ ధర దాదాపుగా రూ,0.0,స్విఫ్ట్ ఆన్ రోడ్ ప్రారంభ ధర దాదాపుగా రూ,0.0,స్విఫ్ట్ ఆన్ రోడ్ ప్రారంభ ధర దాదాపుగా రూ
వాటిపై రాసి ఉన్న కొన్ని మాటల్ని చూసినప్పుడు పరిశోధకులు చాలా ఆశ్చర్యపోయారు,0.0,వాటిపై రాసి ఉన్వ కొన్వి మాటల్పి చూసినప్వుడు పరిశోధకులు చాలా ఆశ్సర్యపోయారు,0.0,వాటిపై రాసి ఉన్ప కొన్వి మాటల్పి చూసినప్వుడు పరిశోధకులు చాలా ఆశ్వర్యపోయారు,0.0,వాటిపై రాసి ఉన్వ కొన్వి మాటల్వి చూసినప్నుడు పరిశోధకులు చాలా ఆశ్సర్యపోయారు,0.0,వాటిపై రాసి ఉన్ప కొన్పి మాటల్పి చూసినప్నుడు పరిశోధకులు చాలా ఆశ్సర్యపోయారు
ఇది అతని శైలి,0.0,ఇది అతని శైలి,0.0,ఇది అతని శైలి,0.0,ఇది అతని శైలి,0.0,ఇది అతని శైలి
తల్లులు చిన్నారుల అదనపు పౌష్టికాహారం,0.0,తల్గులు చిన్పారుల అదనపు పౌష్టికాహారం,0.0,తల్గులు చిన్పారుల అదనపు పౌష్టికాహారం,0.0,తల్తులు చిన్వారుల అదనపు పౌష్టికాహారం,0.0,తల్తులు చిన్పారుల అదనపు పౌష్టికాహారం
టాటా నెక్సాన్ క్రేజ్ వేరియంట్లు,0.0,టాటా నెక్పాన్ క్రేజ్ వేరియంట్ధు,0.0,టాటా నెక్చాన్ క్రేజ్ వేరియంట్తు,0.0,టాటా నెక్పాన్ క్రేజ్ వేరియంట్గు,0.0,టాటా నెక్చాన్ క్రేజ్ వేరియంట్ధు
చిన్నారిని పోలీసులు చైల్డ్ వెల్ఫేర్ కు అప్పగించారు,0.0,చిన్వారిని పోలీసులు చైల్ధ్ వెల్ఫేర్ కు అప్సగించారు,0.0,చిన్వారిని పోలీసులు చైల్ద్ వెల్ఫేర్ కు అప్సగించారు,0.0,చిన్వారిని పోలీసులు చైల్ధ్ వెల్ఫేర్ కు అప్నగించారు,0.0,చిన్పారిని పోలీసులు చైల్ధ్ వెల్ఫేర్ కు అప్నగించారు
ఇప్పటి ధర రూ,0.0,ఇప్సటి ధర రూ,0.0,ఇప్యటి ధర రూ,0.0,ఇప్వటి ధర రూ,0.0,ఇప్యటి ధర రూ
ఈ విషయంలో ప్రతిపక్ష పార్టీలను ఏకం చేస్తున్న టి టీడీపీ నేత ఎల్,0.0,ఈ విషయంలో ప్రతిపక్ష పార్టీలను ఏకం చేస్లున్వ టి టీడీపీ నేత ఎల్,0.0,ఈ విషయంలో ప్రతిపక్ష పార్టీలను ఏకం చేస్లున్ప టి టీడీపీ నేత ఎల్,0.0,ఈ విషయంలో ప్రతిపక్ష పార్టీలను ఏకం చేస్లున్ప టి టీడీపీ నేత ఎల్,0.0,ఈ విషయంలో ప్రతిపక్ష పార్టీలను ఏకం చేస్లున్ప టి టీడీపీ నేత ఎల్
కానీ జాబితాను చేయవద్దు,0.0,కానీ జాబితాను చేయవద్ ు,0.0,కానీ జాబితాను చేయవద్డు,0.0,కానీ జాబితాను చేయవద్డు,0.0,కానీ జాబితాను చేయవద్ ు
ముంబయి దేశీయ స్టాక్ మార్కెట్ సూచీలు నష్టాల్లో పయనిస్తున్నాయి,0.0,ముంబయి దేశీయ స్టాక్ మార్కెట్ సూచీలు నష్టాల్గో పయనిస్లున్వాయి,0.0,ముంబయి దేశీయ స్టాక్ మార్కెట్ సూచీలు నష్టాల్గో పయనిస్లున్వాయి,0.0,ముంబయి దేశీయ స్టాక్ మార్కెట్ సూచీలు నష్టాల్తో పయనిస్లున్పాయి,0.0,ముంబయి దేశీయ స్టాక్ మార్కెట్ సూచీలు నష్టాల్తో పయనిస్లున్పాయి
కాగా ఈ కేసును దర్యాఫ్తు చేస్తున్న పోలీసులు మందికి పైగా విచారించారు,0.0,కాగా ఈ కేసును దర్యాఫ్లు చేస్లున్వ పోలీసులు మందికి పైగా విచారించారు,0.0,కాగా ఈ కేసును దర్యాఫ్లు చేస్లున్వ పోలీసులు మందికి పైగా విచారించారు,0.0,కాగా ఈ కేసును దర్యాఫ్లు చేస్లున్వ పోలీసులు మందికి పైగా విచారించారు,0.0,కాగా ఈ కేసును దర్యాఫ్లు చేస్లున్ప పోలీసులు మందికి పైగా విచారించారు
ఏంటా అంటూ అలా తీసి పారేస్తారా,0.0,ఏంటా అంటూ అలా తీసి పారేస్లారా,0.0,ఏంటా అంటూ అలా తీసి పారేస్లారా,0.0,ఏంటా అంటూ అలా తీసి పారేస్లారా,0.0,ఏంటా అంటూ అలా తీసి పారేస్లారా
అందులోనూ ఆమె రాబర్ట్ వాద్రా భార్య అని ఆయన భూ కుంభకోణంతోపాటు పలు ఇతర అవినీతి కేసుల్లో చిక్కుకున్నారని గుర్తు చేశారు,0.0,అందులోనూ ఆమె రాబర్ట్ వాద్రా భార్య అని ఆయన భూ కుంభకోణంతోపాటు పలు ఇతర అవినీతి కేసుల్తో చిక్కుకున్వారని గుర్లు చేశారు,0.0,అందులోనూ ఆమె రాబర్ట్ వాద్రా భార్య అని ఆయన భూ కుంభకోణంతోపాటు పలు ఇతర అవినీతి కేసుల్గో చిక్కుకున్పారని గుర్లు చేశారు,0.0,అందులోనూ ఆమె రాబర్ట్ వాద్రా భార్య అని ఆయన భూ కుంభకోణంతోపాటు పలు ఇతర అవినీతి కేసుల్తో చిక్కుకున్వారని గుర్లు చేశారు,0.0,అందులోనూ ఆమె రాబర్ట్ వాద్రా భార్య అని ఆయన భూ కుంభకోణంతోపాటు పలు ఇతర అవినీతి కేసుల్ధో చిక్కుకున్పారని గుర్లు చేశారు
డేవిడ్ వార్నర్ అర్ధసెంచరీ చేశాడు,0.0,డేవిడ్ వార్పర్ అర్దసెంచరీ చేశాడు,0.0,డేవిడ్ వార్వర్ అర్దసెంచరీ చేశాడు,0.0,డేవిడ్ వార్పర్ అర్లసెంచరీ చేశాడు,0.0,డేవిడ్ వార్వర్ అర్డసెంచరీ చేశాడు
మరణించిన వారి కుటుంబాలకు ముఖ్యమంత్రి నితీశ్ కుమార్ రూ,0.0,మరణించిన వారి కుటుంబాలకు ముఖ్యమంత్రి నితీశ్ కుమార్ రూ,0.0,మరణించిన వారి కుటుంబాలకు ముఖ్యమంత్రి నితీశ్ కుమార్ రూ,0.0,మరణించిన వారి కుటుంబాలకు ముఖ్యమంత్రి నితీశ్ కుమార్ రూ,0.0,మరణించిన వారి కుటుంబాలకు ముఖ్యమంత్రి నితీశ్ కుమార్ రూ
సైబర్ క్రిమినల్స్,0.0,సైబర్ క్రిమినల్న్,0.0,సైబర్ క్రిమినల్వ్,0.0,సైబర్ క్రిమినల్న్,0.0,సైబర్ క్రిమినల్న్
అడగడం మరిచిపోయాను,0.0,అడగడం మరిచిపోయాను,0.0,అడగడం మరిచిపోయాను,0.0,అడగడం మరిచిపోయాను,0.0,అడగడం మరిచిపోయాను
సమాజంలో ఏ విధమైన మార్పు తీసుకుని రావాలన్నా విద్య ఒక పటిష్టమైన సాధనంగా ఉపయోగపడుతుంది,0.0,సమాజంలో ఏ విధమైన మార్సు తీసుకుని రావాలన్వా విద్య ఒక పటిష్టమైన సాధనంగా ఉపయోగపడుతుంది,0.0,సమాజంలో ఏ విధమైన మార్వు తీసుకుని రావాలన్పా విద్య ఒక పటిష్టమైన సాధనంగా ఉపయోగపడుతుంది,0.0,సమాజంలో ఏ విధమైన మార్యు తీసుకుని రావాలన్పా విద్య ఒక పటిష్టమైన సాధనంగా ఉపయోగపడుతుంది,0.0,సమాజంలో ఏ విధమైన మార్వు తీసుకుని రావాలన్వా విద్య ఒక పటిష్టమైన సాధనంగా ఉపయోగపడుతుంది
నేను సమాజాన్ని,0.0,నేను సమాజాన్పి,0.0,నేను సమాజాన్పి,0.0,నేను సమాజాన్వి,0.0,నేను సమాజాన్వి
వేగవంతమైన హృదయ స్పందన లేదా దద్దుర్లు,0.0,వేగవంతమైన హృదయ స్వందన లేదా దద్ ుర్ధు,0.0,వేగవంతమైన హృదయ స్యందన లేదా దద్ ుర్తు,0.0,వేగవంతమైన హృదయ స్యందన లేదా దద్డుర్తు,0.0,వేగవంతమైన హృదయ స్యందన లేదా దద్డుర్ధు
ఒక నర్సు తండ్రి ఒక ఫ్యాక్టరీ కార్మికుడు,0.0,ఒక నర్ను తండ్రి ఒక ఫ్యాక్టరీ కార్శికుడు,0.0,ఒక నర్చు తండ్రి ఒక ఫ్యాక్టరీ కార్శికుడు,0.0,ఒక నర్చు తండ్రి ఒక ఫ్యాక్టరీ కార్శికుడు,0.0,ఒక నర్పు తండ్రి ఒక ఫ్యాక్టరీ కార్శికుడు
బాలికల పాఠశాలల్లో మహిళా టీచర్లనే నియామకానికే ప్రాధాన్యం ఇస్తామని తెలిపారు ఆ రాష్ట్ర విద్యా శాఖ మంత్రి గోవింద్ సింగ్ దొతస్రా,0.0,బాలికల పాఠశాలల్ధో మహిళా టీచర్తనే నియామకానికే ప్రాధాన్యం ఇస్లామని తెలిపారు ఆ రాష్ట్ర విద్యా శాఖ మంత్రి గోవింద్ సింగ్ దొతస్రా,0.0,బాలికల పాఠశాలల్తో మహిళా టీచర్ధనే నియామకానికే ప్రాధాన్యం ఇస్లామని తెలిపారు ఆ రాష్ట్ర విద్యా శాఖ మంత్రి గోవింద్ సింగ్ దొతస్రా,0.0,బాలికల పాఠశాలల్గో మహిళా టీచర్ధనే నియామకానికే ప్రాధాన్యం ఇస్లామని తెలిపారు ఆ రాష్ట్ర విద్యా శాఖ మంత్రి గోవింద్ సింగ్ దొతస్రా,0.0,బాలికల పాఠశాలల్ధో మహిళా టీచర్గనే నియామకానికే ప్రాధాన్యం ఇస్లామని తెలిపారు ఆ రాష్ట్ర విద్యా శాఖ మంత్రి గోవింద్ సింగ్ దొతస్రా
అయితే దానిలో పాత విషయాలనే చెప్పారు,0.0,అయితే దానిలో పాత విషయాలనే చెప్సారు,0.0,అయితే దానిలో పాత విషయాలనే చెప్సారు,0.0,అయితే దానిలో పాత విషయాలనే చెప్వారు,0.0,అయితే దానిలో పాత విషయాలనే చెప్సారు
ఈ చుట్టు పక్కల ఉన్నట్టైతే ఒక సాయంత్రం ఈ కోటలో గడిపి సూర్యాస్తమయం చూసి ఇక్కడ సేద తీరాల్సిందే,0.0,ఈ చుట్టు పక్కల ఉన్పట్టైతే ఒక సాయంత్రం ఈ కోటలో గడిపి సూర్యాస్లమయం చూసి ఇక్కడ సేద తీరాల్విందే,0.0,ఈ చుట్టు పక్కల ఉన్వట్టైతే ఒక సాయంత్రం ఈ కోటలో గడిపి సూర్యాస్లమయం చూసి ఇక్కడ సేద తీరాల్పిందే,0.0,ఈ చుట్టు పక్కల ఉన్వట్టైతే ఒక సాయంత్రం ఈ కోటలో గడిపి సూర్యాస్లమయం చూసి ఇక్కడ సేద తీరాల్పిందే,0.0,ఈ చుట్టు పక్కల ఉన్పట్టైతే ఒక సాయంత్రం ఈ కోటలో గడిపి సూర్యాస్లమయం చూసి ఇక్కడ సేద తీరాల్నిందే
రంగు చక్రాలు,0.0,రంగు చక్రాలు,0.0,రంగు చక్రాలు,0.0,రంగు చక్రాలు,0.0,రంగు చక్రాలు
ఎవరెన్ని పరుగులు,0.0,ఎవరెన్వి పరుగులు,0.0,ఎవరెన్వి పరుగులు,0.0,ఎవరెన్పి పరుగులు,0.0,ఎవరెన్వి పరుగులు
సునీల్కుమార్ పిలుపునిచ్చారు,0.0,సునీల్కుమార్ పిలుపునిచ్సారు,0.0,సునీల్కుమార్ పిలుపునిచ్వారు,0.0,సునీల్కుమార్ పిలుపునిచ్వారు,0.0,సునీల్కుమార్ పిలుపునిచ్వారు
కాబట్టి కేసును సీబీఐకి అప్పగించాలన్నారు,0.0,కాబట్టి కేసును సీబీఐకి అప్యగించాలన్పారు,0.0,కాబట్టి కేసును సీబీఐకి అప్వగించాలన్వారు,0.0,కాబట్టి కేసును సీబీఐకి అప్నగించాలన్వారు,0.0,కాబట్టి కేసును సీబీఐకి అప్యగించాలన్వారు
ఈ సమావేశానికి అందరూ ఆహ్వానితులే,0.0,ఈ సమావేశానికి అందరూ ఆహ్చానితులే,0.0,ఈ సమావేశానికి అందరూ ఆహ్చానితులే,0.0,ఈ సమావేశానికి అందరూ ఆహ్యానితులే,0.0,ఈ సమావేశానికి అందరూ ఆహ్సానితులే
నన్ను చేరదీయ వస్తావని ఆశిస్తున్నా,0.0,నన్పు చేరదీయ వస్లావని ఆశిస్లున్వా,0.0,నన్పు చేరదీయ వస్లావని ఆశిస్లున్వా,0.0,నన్పు చేరదీయ వస్లావని ఆశిస్లున్వా,0.0,నన్పు చేరదీయ వస్లావని ఆశిస్లున్పా
ఇందుకు సంబంధించి పలు ఆధారాలను చూపారు,0.0,ఇందుకు సంబంధించి పలు ఆధారాలను చూపారు,0.0,ఇందుకు సంబంధించి పలు ఆధారాలను చూపారు,0.0,ఇందుకు సంబంధించి పలు ఆధారాలను చూపారు,0.0,ఇందుకు సంబంధించి పలు ఆధారాలను చూపారు
మేము న్యాయాన్నే నమ్ముతాం,0.0,మేము న్యాయాన్పే నమ్శుతాం,0.0,మేము న్యాయాన్పే నమ్శుతాం,0.0,మేము న్యాయాన్వే నమ్శుతాం,0.0,మేము న్యాయాన్పే నమ్శుతాం
తనికి కూడా అతి దారుణంగా నరికి చంపేశాడు,0.0,తనికి కూడా అతి దారుణంగా నరికి చంపేశాడు,0.0,తనికి కూడా అతి దారుణంగా నరికి చంపేశాడు,0.0,తనికి కూడా అతి దారుణంగా నరికి చంపేశాడు,0.0,తనికి కూడా అతి దారుణంగా నరికి చంపేశాడు
వారువీటిని చంపేసారు,0.0,వారువీటిని చంపేసారు,0.0,వారువీటిని చంపేసారు,0.0,వారువీటిని చంపేసారు,0.0,వారువీటిని చంపేసారు
ఈ వేడుకలో కరణ్ జోహార్ కూడా పాలుపంచుకున్నాడు,0.0,ఈ వేడుకలో కరణ్ జోహార్ కూడా పాలుపంచుకున్పాడు,0.0,ఈ వేడుకలో కరణ్ జోహార్ కూడా పాలుపంచుకున్పాడు,0.0,ఈ వేడుకలో కరణ్ జోహార్ కూడా పాలుపంచుకున్వాడు,0.0,ఈ వేడుకలో కరణ్ జోహార్ కూడా పాలుపంచుకున్వాడు
దే నిజాయితీ,0.0,దే నిజాయితీ,0.0,దే నిజాయితీ,0.0,దే నిజాయితీ,0.0,దే నిజాయితీ
ఈ మేరకు ఇప్పటికే కొన్ని దేశాలతో అటువంటి ద్వైపాక్షికఅవగాహనపూర్వక ఒప్పందాలు పూర్తి అయ్యాయి,0.0,ఈ మేరకు ఇప్యటికే కొన్వి దేశాలతో అటువంటి ద్చైపాక్షికఅవగాహనపూర్పక ఒప్నందాలు పూర్లి అయ్యాయి,0.0,ఈ మేరకు ఇప్యటికే కొన్వి దేశాలతో అటువంటి ద్చైపాక్షికఅవగాహనపూర్చక ఒప్వందాలు పూర్లి అయ్యాయి,0.0,ఈ మేరకు ఇప్వటికే కొన్పి దేశాలతో అటువంటి ద్సైపాక్షికఅవగాహనపూర్చక ఒప్యందాలు పూర్లి అయ్యాయి,0.0,ఈ మేరకు ఇప్నటికే కొన్పి దేశాలతో అటువంటి ద్చైపాక్షికఅవగాహనపూర్నక ఒప్నందాలు పూర్లి అయ్యాయి
రీసెంట్ గా విడుదలైన ఈ,0.0,రీసెంట్ గా విడుదలైన ఈ,0.0,రీసెంట్ గా విడుదలైన ఈ,0.0,రీసెంట్ గా విడుదలైన ఈ,0.0,రీసెంట్ గా విడుదలైన ఈ
ఇవాళ రాష్ట్ర వ్యాప్తంగా మోస్తరు వర్షాలు,0.0,ఇవాళ రాష్ట్ర వ్యాప్లంగా మోస్లరు వర్షాలు,0.0,ఇవాళ రాష్ట్ర వ్యాప్లంగా మోస్లరు వర్షాలు,0.0,ఇవాళ రాష్ట్ర వ్యాప్లంగా మోస్లరు వర్షాలు,0.0,ఇవాళ రాష్ట్ర వ్యాప్లంగా మోస్లరు వర్షాలు
మీరు నిశ్చింతగా నిద్ర పోవచ్చు,0.0,మీరు నిశ్వింతగా నిద్ర పోవచ్సు,0.0,మీరు నిశ్వింతగా నిద్ర పోవచ్వు,0.0,మీరు నిశ్సింతగా నిద్ర పోవచ్సు,0.0,మీరు నిశ్వింతగా నిద్ర పోవచ్సు
ఇది మానసికంగా సంపూర్ణ ఆధ్యాత్మిక చక్రం,0.0,ఇది మానసికంగా సంపూర్ణ ఆధ్యాత్శిక చక్రం,0.0,ఇది మానసికంగా సంపూర్ణ ఆధ్యాత్శిక చక్రం,0.0,ఇది మానసికంగా సంపూర్ణ ఆధ్యాత్శిక చక్రం,0.0,ఇది మానసికంగా సంపూర్ణ ఆధ్యాత్శిక చక్రం
సింగపూర్ ప్రధాని,0.0,సింగపూర్ ప్రధాని,0.0,సింగపూర్ ప్రధాని,0.0,సింగపూర్ ప్రధాని,0.0,సింగపూర్ ప్రధాని
వీరిని జయించుట సాధ్యం కాదు,0.0,వీరిని జయించుట సాధ్యం కాదు,0.0,వీరిని జయించుట సాధ్యం కాదు,0.0,వీరిని జయించుట సాధ్యం కాదు,0.0,వీరిని జయించుట సాధ్యం కాదు
జాజికాయ పొడిలో కాల్షియం ఐరన్ మాంగనీస్ పొటాషియం తదితర పోషకాలు సమృద్ధిగా ఉంటాయి,0.0,జాజికాయ పొడిలో కాల్షియం ఐరన్ మాంగనీస్ పొటాషియం తదితర పోషకాలు సమృద్దిగా ఉంటాయి,0.0,జాజికాయ పొడిలో కాల్షియం ఐరన్ మాంగనీస్ పొటాషియం తదితర పోషకాలు సమృద్గిగా ఉంటాయి,0.0,జాజికాయ పొడిలో కాల్షియం ఐరన్ మాంగనీస్ పొటాషియం తదితర పోషకాలు సమృద్దిగా ఉంటాయి,0.0,జాజికాయ పొడిలో కాల్షియం ఐరన్ మాంగనీస్ పొటాషియం తదితర పోషకాలు సమృద్లిగా ఉంటాయి
కెప్టెన్సీ పరంగానే కాకుండా బ్యాట్స్మన్గానూ రాణించాడు,0.0,కెప్టెన్చీ పరంగానే కాకుండా బ్యాట్ప్శన్ఠానూ రాణించాడు,0.0,కెప్టెన్చీ పరంగానే కాకుండా బ్యాట్న్శన్లానూ రాణించాడు,0.0,కెప్టెన్పీ పరంగానే కాకుండా బ్యాట్న్శన్ధానూ రాణించాడు,0.0,కెప్టెన్పీ పరంగానే కాకుండా బ్యాట్న్శన్ధానూ రాణించాడు
అక్కడ ఏమైనా జరగారని సంఘటన ఏమైనా జరిగిందా అని ఆగమేఘాల మీద అక్కడికి పోలీసులు చేరుకున్నారు,0.0,అక్కడ ఏమైనా జరగారని సంఘటన ఏమైనా జరిగిందా అని ఆగమేఘాల మీద అక్కడికి పోలీసులు చేరుకున్వారు,0.0,అక్కడ ఏమైనా జరగారని సంఘటన ఏమైనా జరిగిందా అని ఆగమేఘాల మీద అక్కడికి పోలీసులు చేరుకున్పారు,0.0,అక్కడ ఏమైనా జరగారని సంఘటన ఏమైనా జరిగిందా అని ఆగమేఘాల మీద అక్కడికి పోలీసులు చేరుకున్పారు,0.0,అక్కడ ఏమైనా జరగారని సంఘటన ఏమైనా జరిగిందా అని ఆగమేఘాల మీద అక్కడికి పోలీసులు చేరుకున్పారు
తెలంగాణ ప్రగతిలో బీజేపీ కీలకం,0.0,తెలంగాణ ప్రగతిలో బీజేపీ కీలకం,0.0,తెలంగాణ ప్రగతిలో బీజేపీ కీలకం,0.0,తెలంగాణ ప్రగతిలో బీజేపీ కీలకం,0.0,తెలంగాణ ప్రగతిలో బీజేపీ కీలకం
త్వరలోనే షెడ్యూల్ ప్రారంభం కానుంది,0.0,త్వరలోనే షెడ్యూల్ ప్రారంభం కానుంది,0.0,త్వరలోనే షెడ్యూల్ ప్రారంభం కానుంది,0.0,త్వరలోనే షెడ్యూల్ ప్రారంభం కానుంది,0.0,త్వరలోనే షెడ్యూల్ ప్రారంభం కానుంది
దీనికి ఉద్యోగావకాశాలు ఎలా ఉంటాయి,0.0,దీనికి ఉద్యోగావకాశాలు ఎలా ఉంటాయి,0.0,దీనికి ఉద్యోగావకాశాలు ఎలా ఉంటాయి,0.0,దీనికి ఉద్యోగావకాశాలు ఎలా ఉంటాయి,0.0,దీనికి ఉద్యోగావకాశాలు ఎలా ఉంటాయి
శ్రమ అధికంగా ఉన్నప్పటికీ ఫలితాలు మెరుగ్గా ఉంటాయి,0.0,శ్రమ అధికంగా ఉన్పప్వటికీ ఫలితాలు మెరుగ్ఠా ఉంటాయి,0.0,శ్రమ అధికంగా ఉన్పప్నటికీ ఫలితాలు మెరుగ్ధా ఉంటాయి,0.0,శ్రమ అధికంగా ఉన్పప్నటికీ ఫలితాలు మెరుగ్ధా ఉంటాయి,0.0,శ్రమ అధికంగా ఉన్వప్నటికీ ఫలితాలు మెరుగ్ఠా ఉంటాయి
అల్లంలో యాంటీ ఇన్ఫ్లమేటరీ లక్షణాలున్నాయి,0.0,అల్ధంలో యాంటీ ఇన్ఫ్గమేటరీ లక్షణాలున్పాయి,0.0,అల్తంలో యాంటీ ఇన్ఫ్ధమేటరీ లక్షణాలున్పాయి,0.0,అల్తంలో యాంటీ ఇన్ఫ్గమేటరీ లక్షణాలున్వాయి,0.0,అల్తంలో యాంటీ ఇన్ఫ్గమేటరీ లక్షణాలున్వాయి
లక్షలు అంతకంటే ఎక్కువ ఆదాయానికి శాతం పన్ను చెల్లించాల్సి ఉంటుంది,0.0,లక్షలు అంతకంటే ఎక్కువ ఆదాయానికి శాతం పన్పు చెల్ధించాల్ని ఉంటుంది,0.0,లక్షలు అంతకంటే ఎక్కువ ఆదాయానికి శాతం పన్వు చెల్గించాల్పి ఉంటుంది,0.0,లక్షలు అంతకంటే ఎక్కువ ఆదాయానికి శాతం పన్వు చెల్ధించాల్పి ఉంటుంది,0.0,లక్షలు అంతకంటే ఎక్కువ ఆదాయానికి శాతం పన్పు చెల్తించాల్ని ఉంటుంది
మందికి గాయాలు,0.0,మందికి గాయాలు,0.0,మందికి గాయాలు,0.0,మందికి గాయాలు,0.0,మందికి గాయాలు
ఈ సినిమా భారీ విజయాన్ని అందుకున్న విషయం తెలిసిందే,0.0,ఈ సినిమా భారీ విజయాన్పి అందుకున్వ విషయం తెలిసిందే,0.0,ఈ సినిమా భారీ విజయాన్వి అందుకున్ప విషయం తెలిసిందే,0.0,ఈ సినిమా భారీ విజయాన్పి అందుకున్ప విషయం తెలిసిందే,0.0,ఈ సినిమా భారీ విజయాన్పి అందుకున్ప విషయం తెలిసిందే
సహోదరులు దేవునికి నమ్మకంగా ఉన్నందుకు సాతానుకు కోపమొచ్చింది,0.0,సహోదరులు దేవునికి నమ్శకంగా ఉన్వందుకు సాతానుకు కోపమొచ్వింది,0.0,సహోదరులు దేవునికి నమ్శకంగా ఉన్పందుకు సాతానుకు కోపమొచ్సింది,0.0,సహోదరులు దేవునికి నమ్శకంగా ఉన్పందుకు సాతానుకు కోపమొచ్సింది,0.0,సహోదరులు దేవునికి నమ్శకంగా ఉన్వందుకు సాతానుకు కోపమొచ్సింది
వచ్చిన డబ్బును ఏం చేయాలి,0.0,వచ్విన డబ్బును ఏం చేయాలి,0.0,వచ్విన డబ్బును ఏం చేయాలి,0.0,వచ్విన డబ్బును ఏం చేయాలి,0.0,వచ్సిన డబ్బును ఏం చేయాలి
మాసిపోయిన బట్టలనూ పిల్లలు తమ గదుల్లో అటూ ఇటూ పడేసిన వస్తువులనూ తీసేది తరచూ తల్లేనని మీరు గమనించారా,0.0,మాసిపోయిన బట్టలనూ పిల్గలు తమ గదుల్ధో అటూ ఇటూ పడేసిన వస్లువులనూ తీసేది తరచూ తల్గేనని మీరు గమనించారా,0.0,మాసిపోయిన బట్టలనూ పిల్తలు తమ గదుల్తో అటూ ఇటూ పడేసిన వస్లువులనూ తీసేది తరచూ తల్గేనని మీరు గమనించారా,0.0,మాసిపోయిన బట్టలనూ పిల్గలు తమ గదుల్ధో అటూ ఇటూ పడేసిన వస్లువులనూ తీసేది తరచూ తల్గేనని మీరు గమనించారా,0.0,మాసిపోయిన బట్టలనూ పిల్గలు తమ గదుల్తో అటూ ఇటూ పడేసిన వస్లువులనూ తీసేది తరచూ తల్గేనని మీరు గమనించారా
వేల వరకు జీతభత్యాలు ఇవ్వబడుతుందన్నారు,0.0,వేల వరకు జీతభత్యాలు ఇవ్సబడుతుందన్వారు,0.0,వేల వరకు జీతభత్యాలు ఇవ్నబడుతుందన్వారు,0.0,వేల వరకు జీతభత్యాలు ఇవ్పబడుతుందన్వారు,0.0,వేల వరకు జీతభత్యాలు ఇవ్పబడుతుందన్పారు
అనేది నేనూ తెలుసుకొంటా,0.0,అనేది నేనూ తెలుసుకొంటా,0.0,అనేది నేనూ తెలుసుకొంటా,0.0,అనేది నేనూ తెలుసుకొంటా,0.0,అనేది నేనూ తెలుసుకొంటా
లక్షల కోట్లు,0.0,లక్షల కోట్ధు,0.0,లక్షల కోట్గు,0.0,లక్షల కోట్ధు,0.0,లక్షల కోట్గు
ఢిల్లీలోని స్టేడియాలను తాత్కాలిక జైళ్లుగా మార్చేందుకు అనుమతివ్వాలని ప్రభుత్వాన్ని కోరారు,0.0,ఢిల్తీలోని స్టేడియాలను తాత్కాలిక జైళ్గుగా మార్వేందుకు అనుమతివ్పాలని ప్రభుత్పాన్వి కోరారు,0.0,ఢిల్తీలోని స్టేడియాలను తాత్కాలిక జైళ్ధుగా మార్సేందుకు అనుమతివ్నాలని ప్రభుత్చాన్వి కోరారు,0.0,ఢిల్ధీలోని స్టేడియాలను తాత్కాలిక జైళ్ధుగా మార్వేందుకు అనుమతివ్నాలని ప్రభుత్నాన్పి కోరారు,0.0,ఢిల్తీలోని స్టేడియాలను తాత్కాలిక జైళ్గుగా మార్వేందుకు అనుమతివ్యాలని ప్రభుత్పాన్పి కోరారు
అల్లం ఆరోగ్యానికి చాలా మంచిది,0.0,అల్ధం ఆరోగ్యానికి చాలా మంచిది,0.0,అల్తం ఆరోగ్యానికి చాలా మంచిది,0.0,అల్తం ఆరోగ్యానికి చాలా మంచిది,0.0,అల్గం ఆరోగ్యానికి చాలా మంచిది
ఇక్కడ పరిస్థితి దానికి భిన్నం,0.0,ఇక్కడ పరిస్థితి దానికి భిన్వం,0.0,ఇక్కడ పరిస్థితి దానికి భిన్వం,0.0,ఇక్కడ పరిస్థితి దానికి భిన్పం,0.0,ఇక్కడ పరిస్థితి దానికి భిన్వం
పంట తెగులు మందు తిని కృష్ణ జింకలు మృతి,0.0,పంట తెగులు మందు తిని కృష్ణ జింకలు మృతి,0.0,పంట తెగులు మందు తిని కృష్ణ జింకలు మృతి,0.0,పంట తెగులు మందు తిని కృష్ణ జింకలు మృతి,0.0,పంట తెగులు మందు తిని కృష్ణ జింకలు మృతి
ఆమె నిరక్షరాస్యురాలు,0.0,ఆమె నిరక్షరాస్యురాలు,0.0,ఆమె నిరక్షరాస్యురాలు,0.0,ఆమె నిరక్షరాస్యురాలు,0.0,ఆమె నిరక్షరాస్యురాలు
శతాబ్దాల తరబడి మన సమాజాల మధ్య ఉన్న బాంధవ్యానికి నా ఈ పర్యటన ఒక వేడుకగా నిలుస్తుంది,0.0,శతాబ్ ాల తరబడి మన సమాజాల మధ్య ఉన్ప బాంధవ్యానికి నా ఈ పర్యటన ఒక వేడుకగా నిలుస్లుంది,0.0,శతాబ్ధాల తరబడి మన సమాజాల మధ్య ఉన్వ బాంధవ్యానికి నా ఈ పర్యటన ఒక వేడుకగా నిలుస్లుంది,0.0,శతాబ్డాల తరబడి మన సమాజాల మధ్య ఉన్ప బాంధవ్యానికి నా ఈ పర్యటన ఒక వేడుకగా నిలుస్లుంది,0.0,శతాబ్ ాల తరబడి మన సమాజాల మధ్య ఉన్వ బాంధవ్యానికి నా ఈ పర్యటన ఒక వేడుకగా నిలుస్లుంది
కాల్పులు జరిపింది,0.0,కాల్నులు జరిపింది,0.0,కాల్నులు జరిపింది,0.0,కాల్నులు జరిపింది,0.0,కాల్సులు జరిపింది
జెట్ ఎయిర్ వేస్ సంస్థ రోజుకు విమానాలను భారత్తో పాటు ఇతర దేశాల్లో నడుపుతోంది,0.0,జెట్ ఎయిర్ వేస్ సంస్థ రోజుకు విమానాలను భారత్లో పాటు ఇతర దేశాల్తో నడుపుతోంది,0.0,జెట్ ఎయిర్ వేస్ సంస్థ రోజుకు విమానాలను భారత్లో పాటు ఇతర దేశాల్తో నడుపుతోంది,0.0,జెట్ ఎయిర్ వేస్ సంస్థ రోజుకు విమానాలను భారత్లో పాటు ఇతర దేశాల్గో నడుపుతోంది,0.0,జెట్ ఎయిర్ వేస్ సంస్థ రోజుకు విమానాలను భారత్లో పాటు ఇతర దేశాల్ధో నడుపుతోంది
మునుపటి సంవత్సరాల్లో ఈ కార్యక్రమాన్ని ప్రజలు దేశ సంస్కృతి సాంప్రదాయం వేడుకగా స్వీకరించారు,0.0,మునుపటి సంవత్వరాల్తో ఈ కార్యక్రమాన్వి ప్రజలు దేశ సంస్కృతి సాంప్రదాయం వేడుకగా స్చీకరించారు,0.0,మునుపటి సంవత్వరాల్గో ఈ కార్యక్రమాన్వి ప్రజలు దేశ సంస్కృతి సాంప్రదాయం వేడుకగా స్సీకరించారు,0.0,మునుపటి సంవత్పరాల్తో ఈ కార్యక్రమాన్పి ప్రజలు దేశ సంస్కృతి సాంప్రదాయం వేడుకగా స్నీకరించారు,0.0,మునుపటి సంవత్పరాల్ధో ఈ కార్యక్రమాన్పి ప్రజలు దేశ సంస్కృతి సాంప్రదాయం వేడుకగా స్యీకరించారు
నేను ప్రజాహితం కోసం పనిచేస్తున్నాను,0.0,నేను ప్రజాహితం కోసం పనిచేస్లున్పాను,0.0,నేను ప్రజాహితం కోసం పనిచేస్లున్పాను,0.0,నేను ప్రజాహితం కోసం పనిచేస్లున్పాను,0.0,నేను ప్రజాహితం కోసం పనిచేస్లున్వాను
పండుగ సీజన్ నాటికి పెరగనున్న కార్ల ధరలు,0.0,పండుగ సీజన్ నాటికి పెరగనున్ప కార్గ ధరలు,0.0,పండుగ సీజన్ నాటికి పెరగనున్వ కార్ధ ధరలు,0.0,పండుగ సీజన్ నాటికి పెరగనున్ప కార్త ధరలు,0.0,పండుగ సీజన్ నాటికి పెరగనున్వ కార్త ధరలు
వెదకుడి మీకు దొరకును,0.0,వెదకుడి మీకు దొరకును,0.0,వెదకుడి మీకు దొరకును,0.0,వెదకుడి మీకు దొరకును,0.0,వెదకుడి మీకు దొరకును
కొత్త టాగ్ నామము,0.0,కొత్ల టాగ్ నామము,0.0,కొత్ల టాగ్ నామము,0.0,కొత్ల టాగ్ నామము,0.0,కొత్ల టాగ్ నామము
బిగ్ బాస్ మళ్ళీ తిరిగి వచ్చేస్తున్నాడా,0.0,బిగ్ బాస్ మళ్ళీ తిరిగి వచ్వేస్లున్పాడా,0.0,బిగ్ బాస్ మళ్ళీ తిరిగి వచ్వేస్లున్పాడా,0.0,బిగ్ బాస్ మళ్ళీ తిరిగి వచ్వేస్లున్పాడా,0.0,బిగ్ బాస్ మళ్ళీ తిరిగి వచ్సేస్లున్పాడా
ఒక కొత్త సమాజం యొక్క సృష్టి,0.0,ఒక కొత్ల సమాజం యొక్క సృష్టి,0.0,ఒక కొత్ల సమాజం యొక్క సృష్టి,0.0,ఒక కొత్ల సమాజం యొక్క సృష్టి,0.0,ఒక కొత్ల సమాజం యొక్క సృష్టి
దీంతో ఆమెపై పోలీసులు కేసు నమోదు చేసి అరెస్ట్ చేశారు,0.0,దీంతో ఆమెపై పోలీసులు కేసు నమోదు చేసి అరెస్ట్ చేశారు,0.0,దీంతో ఆమెపై పోలీసులు కేసు నమోదు చేసి అరెస్ట్ చేశారు,0.0,దీంతో ఆమెపై పోలీసులు కేసు నమోదు చేసి అరెస్ట్ చేశారు,0.0,దీంతో ఆమెపై పోలీసులు కేసు నమోదు చేసి అరెస్ట్ చేశారు
కరోనా వైరస్ ప్రపంచ వ్యాప్తంగా వ్యాపించి కు పైగా మందిని బలిగొంది,0.0,కరోనా వైరస్ ప్రపంచ వ్యాప్లంగా వ్యాపించి కు పైగా మందిని బలిగొంది,0.0,కరోనా వైరస్ ప్రపంచ వ్యాప్లంగా వ్యాపించి కు పైగా మందిని బలిగొంది,0.0,కరోనా వైరస్ ప్రపంచ వ్యాప్లంగా వ్యాపించి కు పైగా మందిని బలిగొంది,0.0,కరోనా వైరస్ ప్రపంచ వ్యాప్లంగా వ్యాపించి కు పైగా మందిని బలిగొంది
తమను భారత్ పౌరులుగా గుర్తిస్తారా,0.0,తమను భారత్ పౌరులుగా గుర్లిస్లారా,0.0,తమను భారత్ పౌరులుగా గుర్లిస్లారా,0.0,తమను భారత్ పౌరులుగా గుర్లిస్లారా,0.0,తమను భారత్ పౌరులుగా గుర్లిస్లారా
అంటారు ఎవరైనా,0.0,అంటారు ఎవరైనా,0.0,అంటారు ఎవరైనా,0.0,అంటారు ఎవరైనా,0.0,అంటారు ఎవరైనా
సంక్షోభ సమయంలో మన డిమాండ్లన్నీ స్థానికంగా నెరవేరాయి,0.0,సంక్షోభ సమయంలో మన డిమాండ్గన్వీ స్థానికంగా నెరవేరాయి,0.0,సంక్షోభ సమయంలో మన డిమాండ్గన్వీ స్థానికంగా నెరవేరాయి,0.0,సంక్షోభ సమయంలో మన డిమాండ్ధన్పీ స్థానికంగా నెరవేరాయి,0.0,సంక్షోభ సమయంలో మన డిమాండ్ధన్పీ స్థానికంగా నెరవేరాయి
తేనె తేనె నేచురల్ యాంటీబ్యాక్టిరియల్ మరియు యాంటీ ఫంగల్ గుణాలున్న పదార్థం,0.0,తేనె తేనె నేచురల్ యాంటీబ్యాక్టిరియల్ మరియు యాంటీ ఫంగల్ గుణాలున్ప పదార్థం,0.0,తేనె తేనె నేచురల్ యాంటీబ్యాక్టిరియల్ మరియు యాంటీ ఫంగల్ గుణాలున్వ పదార్థం,0.0,తేనె తేనె నేచురల్ యాంటీబ్యాక్టిరియల్ మరియు యాంటీ ఫంగల్ గుణాలున్ప పదార్థం,0.0,తేనె తేనె నేచురల్ యాంటీబ్యాక్టిరియల్ మరియు యాంటీ ఫంగల్ గుణాలున్వ పదార్థం
ఈ ప్రోగ్రామ్ మీరు డౌన్లోడ్ చేయవలసిన అవసరం లేదు,0.0,ఈ ప్రోగ్రామ్ మీరు డౌన్ధోడ్ చేయవలసిన అవసరం లేదు,0.0,ఈ ప్రోగ్రామ్ మీరు డౌన్ధోడ్ చేయవలసిన అవసరం లేదు,0.0,ఈ ప్రోగ్రామ్ మీరు డౌన్గోడ్ చేయవలసిన అవసరం లేదు,0.0,ఈ ప్రోగ్రామ్ మీరు డౌన్ధోడ్ చేయవలసిన అవసరం లేదు
మాకు ఏ మాత్రం ఆమోద యోగ్యం కాదు,0.0,మాకు ఏ మాత్రం ఆమోద యోగ్యం కాదు,0.0,మాకు ఏ మాత్రం ఆమోద యోగ్యం కాదు,0.0,మాకు ఏ మాత్రం ఆమోద యోగ్యం కాదు,0.0,మాకు ఏ మాత్రం ఆమోద యోగ్యం కాదు
మొదటిది చెన్నైలో కాగా రెండో టెస్ట్ అహ్మదాబాద్లో వచ్చే నెల నుంచి వరకు జరగనుంది,0.0,మొదటిది చెన్పైలో కాగా రెండో టెస్ట్ అహ్శదాబాద్గో వచ్వే నెల నుంచి వరకు జరగనుంది,0.0,మొదటిది చెన్వైలో కాగా రెండో టెస్ట్ అహ్శదాబాద్తో వచ్సే నెల నుంచి వరకు జరగనుంది,0.0,మొదటిది చెన్పైలో కాగా రెండో టెస్ట్ అహ్శదాబాద్ధో వచ్వే నెల నుంచి వరకు జరగనుంది,0.0,మొదటిది చెన్పైలో కాగా రెండో టెస్ట్ అహ్శదాబాద్తో వచ్సే నెల నుంచి వరకు జరగనుంది
ఎక్కువ నీటిని తాగడం వల్ల కూడా బరువు తగ్గుతారు,0.0,ఎక్కువ నీటిని తాగడం వల్త కూడా బరువు తగ్లుతారు,0.0,ఎక్కువ నీటిని తాగడం వల్త కూడా బరువు తగ్ధుతారు,0.0,ఎక్కువ నీటిని తాగడం వల్ధ కూడా బరువు తగ్ఠుతారు,0.0,ఎక్కువ నీటిని తాగడం వల్ధ కూడా బరువు తగ్లుతారు
ప్రమాదంలో ఎనిమిది మరణించినట్లు పోలీసు ఇన్ స్పెక్టర్ జనరల్ అజయ్ రౌటేలా ధృవీకరించారు,0.0,ప్రమాదంలో ఎనిమిది మరణించినట్తు పోలీసు ఇన్ స్నెక్టర్ జనరల్ అజయ్ రౌటేలా ధృవీకరించారు,0.0,ప్రమాదంలో ఎనిమిది మరణించినట్ధు పోలీసు ఇన్ స్నెక్టర్ జనరల్ అజయ్ రౌటేలా ధృవీకరించారు,0.0,ప్రమాదంలో ఎనిమిది మరణించినట్గు పోలీసు ఇన్ స్సెక్టర్ జనరల్ అజయ్ రౌటేలా ధృవీకరించారు,0.0,ప్రమాదంలో ఎనిమిది మరణించినట్గు పోలీసు ఇన్ స్సెక్టర్ జనరల్ అజయ్ రౌటేలా ధృవీకరించారు
మునిగిన ప్రతి ఇంటికి రూ,0.0,మునిగిన ప్రతి ఇంటికి రూ,0.0,మునిగిన ప్రతి ఇంటికి రూ,0.0,మునిగిన ప్రతి ఇంటికి రూ,0.0,మునిగిన ప్రతి ఇంటికి రూ
దీనికి ప్రభుత్వం కూడా అంగీకారం తెలిపిందని వివరించారు,0.0,దీనికి ప్రభుత్సం కూడా అంగీకారం తెలిపిందని వివరించారు,0.0,దీనికి ప్రభుత్చం కూడా అంగీకారం తెలిపిందని వివరించారు,0.0,దీనికి ప్రభుత్పం కూడా అంగీకారం తెలిపిందని వివరించారు,0.0,దీనికి ప్రభుత్పం కూడా అంగీకారం తెలిపిందని వివరించారు
నగరంలోని కొన్ని ప్రాంతాలలో అంతర్ జిల్లాల కాబ్లు ఆటో రిక్షాలు మాత్రం తిరుగుతు న్నాయి,0.0,నగరంలోని కొన్వి ప్రాంతాలలో అంతర్ జిల్ధాల కాబ్తు ఆటో రిక్షాలు మాత్రం తిరుగుతు న్వాయి,0.0,నగరంలోని కొన్వి ప్రాంతాలలో అంతర్ జిల్తాల కాబ్తు ఆటో రిక్షాలు మాత్రం తిరుగుతు న్వాయి,0.0,నగరంలోని కొన్పి ప్రాంతాలలో అంతర్ జిల్ధాల కాబ్గు ఆటో రిక్షాలు మాత్రం తిరుగుతు న్పాయి,0.0,నగరంలోని కొన్వి ప్రాంతాలలో అంతర్ జిల్గాల కాబ్ధు ఆటో రిక్షాలు మాత్రం తిరుగుతు న్వాయి
దీనికి కొన్ని నెలల కసరత్తు చేయాలి,0.0,దీనికి కొన్పి నెలల కసరత్లు చేయాలి,0.0,దీనికి కొన్పి నెలల కసరత్లు చేయాలి,0.0,దీనికి కొన్పి నెలల కసరత్లు చేయాలి,0.0,దీనికి కొన్పి నెలల కసరత్లు చేయాలి
ఇందుకోసం నెర్మటకు చెందిన గుయ్యాని జంగయ్యతో రూ,0.0,ఇందుకోసం నెర్శటకు చెందిన గుయ్యాని జంగయ్యతో రూ,0.0,ఇందుకోసం నెర్శటకు చెందిన గుయ్యాని జంగయ్యతో రూ,0.0,ఇందుకోసం నెర్శటకు చెందిన గుయ్యాని జంగయ్యతో రూ,0.0,ఇందుకోసం నెర్శటకు చెందిన గుయ్యాని జంగయ్యతో రూ
అమీ జాక్సన్ అక్షరు కుమార్ ప్రధాన పాత్రలు పోషిస్తున్నారు,0.0,అమీ జాక్చన్ అక్షరు కుమార్ ప్రధాన పాత్రలు పోషిస్లున్వారు,0.0,అమీ జాక్వన్ అక్షరు కుమార్ ప్రధాన పాత్రలు పోషిస్లున్పారు,0.0,అమీ జాక్పన్ అక్షరు కుమార్ ప్రధాన పాత్రలు పోషిస్లున్పారు,0.0,అమీ జాక్నన్ అక్షరు కుమార్ ప్రధాన పాత్రలు పోషిస్లున్వారు
అది మనకిక్కడ లేదు,0.0,అది మనకిక్కడ లేదు,0.0,అది మనకిక్కడ లేదు,0.0,అది మనకిక్కడ లేదు,0.0,అది మనకిక్కడ లేదు
స్వయం ప్రతిపత్తి కలిగిన క్రొయేషియాలో యుగోస్లావ్ ప్రభుత్వం రక్షణ అంతర్గత భద్రత విదేశాంగ వ్యవహారాలు వాణిజ్యం రవాణా నియంత్రణను కొనసాగించింది,0.0,స్వయం ప్రతిపత్లి కలిగిన క్రొయేషియాలో యుగోస్తావ్ ప్రభుత్చం రక్షణ అంతర్ఠత భద్రత విదేశాంగ వ్యవహారాలు వాణిజ్యం రవాణా నియంత్రణను కొనసాగించింది,0.0,స్వయం ప్రతిపత్లి కలిగిన క్రొయేషియాలో యుగోస్తావ్ ప్రభుత్సం రక్షణ అంతర్ధత భద్రత విదేశాంగ వ్యవహారాలు వాణిజ్యం రవాణా నియంత్రణను కొనసాగించింది,0.0,స్వయం ప్రతిపత్లి కలిగిన క్రొయేషియాలో యుగోస్ధావ్ ప్రభుత్సం రక్షణ అంతర్ఠత భద్రత విదేశాంగ వ్యవహారాలు వాణిజ్యం రవాణా నియంత్రణను కొనసాగించింది,0.0,స్వయం ప్రతిపత్లి కలిగిన క్రొయేషియాలో యుగోస్తావ్ ప్రభుత్పం రక్షణ అంతర్ధత భద్రత విదేశాంగ వ్యవహారాలు వాణిజ్యం రవాణా నియంత్రణను కొనసాగించింది
వారంతా ఎవరి పనుల్లో వారు నిమగ్నమై ఉన్నారు,0.0,వారంతా ఎవరి పనుల్గో వారు నిమగ్వమై ఉన్పారు,0.0,వారంతా ఎవరి పనుల్గో వారు నిమగ్పమై ఉన్వారు,0.0,వారంతా ఎవరి పనుల్గో వారు నిమగ్పమై ఉన్వారు,0.0,వారంతా ఎవరి పనుల్గో వారు నిమగ్వమై ఉన్వారు
మెక్సీకోలో భారీ భూకంపం సంభవించింది,0.0,మెక్నీకోలో భారీ భూకంపం సంభవించింది,0.0,మెక్పీకోలో భారీ భూకంపం సంభవించింది,0.0,మెక్పీకోలో భారీ భూకంపం సంభవించింది,0.0,మెక్వీకోలో భారీ భూకంపం సంభవించింది
పీఎంయూవై పయనంలో ఇటీవలే నాలుగేళ్లు విజయవంతంగా పూర్తయినట్లు ఈ సందర్భంగా ఆయన చెప్పారు,0.0,పీఎంయూవై పయనంలో ఇటీవలే నాలుగేళ్ధు విజయవంతంగా పూర్లయినట్గు ఈ సందర్భంగా ఆయన చెప్వారు,0.0,పీఎంయూవై పయనంలో ఇటీవలే నాలుగేళ్తు విజయవంతంగా పూర్లయినట్గు ఈ సందర్భంగా ఆయన చెప్యారు,0.0,పీఎంయూవై పయనంలో ఇటీవలే నాలుగేళ్ధు విజయవంతంగా పూర్లయినట్గు ఈ సందర్భంగా ఆయన చెప్యారు,0.0,పీఎంయూవై పయనంలో ఇటీవలే నాలుగేళ్గు విజయవంతంగా పూర్లయినట్తు ఈ సందర్భంగా ఆయన చెప్సారు
ఇటీవలే ప్రతిష్టాత్మక మూవీ సైరా నరసింహా రెడ్డితో ప్రేక్షకులను అలరించిన మెగాస్టార్ చిరంజీవి తన తర్వాతి సినిమా కోసం రెడీ అయ్యారు,0.0,ఇటీవలే ప్రతిష్టాత్శక మూవీ సైరా నరసింహా రెడ్దితో ప్రేక్షకులను అలరించిన మెగాస్టార్ చిరంజీవి తన తర్చాతి సినిమా కోసం రెడీ అయ్యారు,0.0,ఇటీవలే ప్రతిష్టాత్శక మూవీ సైరా నరసింహా రెడ్దితో ప్రేక్షకులను అలరించిన మెగాస్టార్ చిరంజీవి తన తర్యాతి సినిమా కోసం రెడీ అయ్యారు,0.0,ఇటీవలే ప్రతిష్టాత్శక మూవీ సైరా నరసింహా రెడ్ధితో ప్రేక్షకులను అలరించిన మెగాస్టార్ చిరంజీవి తన తర్చాతి సినిమా కోసం రెడీ అయ్యారు,0.0,ఇటీవలే ప్రతిష్టాత్శక మూవీ సైరా నరసింహా రెడ్ధితో ప్రేక్షకులను అలరించిన మెగాస్టార్ చిరంజీవి తన తర్పాతి సినిమా కోసం రెడీ అయ్యారు
పెట్టుబడులు అందుతున్నాయి,0.0,పెట్టుబడులు అందుతున్పాయి,0.0,పెట్టుబడులు అందుతున్పాయి,0.0,పెట్టుబడులు అందుతున్పాయి,0.0,పెట్టుబడులు అందుతున్వాయి
వాణిజ్యం మరియు పరిశ్రమల శాఖ కేంద్ర మంత్రి శ్రీ సురేశ్ ప్రభు ఈ కార్యక్రమంలో పాలుపంచుకొన్నారు,0.0,వాణిజ్యం మరియు పరిశ్రమల శాఖ కేంద్ర మంత్రి శ్రీ సురేశ్ ప్రభు ఈ కార్యక్రమంలో పాలుపంచుకొన్వారు,0.0,వాణిజ్యం మరియు పరిశ్రమల శాఖ కేంద్ర మంత్రి శ్రీ సురేశ్ ప్రభు ఈ కార్యక్రమంలో పాలుపంచుకొన్పారు,0.0,వాణిజ్యం మరియు పరిశ్రమల శాఖ కేంద్ర మంత్రి శ్రీ సురేశ్ ప్రభు ఈ కార్యక్రమంలో పాలుపంచుకొన్వారు,0.0,వాణిజ్యం మరియు పరిశ్రమల శాఖ కేంద్ర మంత్రి శ్రీ సురేశ్ ప్రభు ఈ కార్యక్రమంలో పాలుపంచుకొన్వారు
అందుకే బరువు తగ్గాలని నిర్ణయించుకున్నా,0.0,అందుకే బరువు తగ్ఠాలని నిర్ణయించుకున్వా,0.0,అందుకే బరువు తగ్లాలని నిర్ణయించుకున్వా,0.0,అందుకే బరువు తగ్ఠాలని నిర్ణయించుకున్వా,0.0,అందుకే బరువు తగ్ఠాలని నిర్ణయించుకున్వా
అలా అన్నా బాగుండేది,0.0,అలా అన్పా బాగుండేది,0.0,అలా అన్పా బాగుండేది,0.0,అలా అన్పా బాగుండేది,0.0,అలా అన్పా బాగుండేది
దేశంలో తయారీ రంగాన్ని అభివృద్ధి చేసేందుకు భారత ప్రధానమంత్రి నరేంద్ర మోదీ బృహత్తర కార్యక్రమం చేపట్టారు,0.0,దేశంలో తయారీ రంగాన్వి అభివృద్ది చేసేందుకు భారత ప్రధానమంత్రి నరేంద్ర మోదీ బృహత్లర కార్యక్రమం చేపట్టారు,0.0,దేశంలో తయారీ రంగాన్పి అభివృద్ది చేసేందుకు భారత ప్రధానమంత్రి నరేంద్ర మోదీ బృహత్లర కార్యక్రమం చేపట్టారు,0.0,దేశంలో తయారీ రంగాన్పి అభివృద్ది చేసేందుకు భారత ప్రధానమంత్రి నరేంద్ర మోదీ బృహత్లర కార్యక్రమం చేపట్టారు,0.0,దేశంలో తయారీ రంగాన్వి అభివృద్లి చేసేందుకు భారత ప్రధానమంత్రి నరేంద్ర మోదీ బృహత్లర కార్యక్రమం చేపట్టారు
గర్వారే టెక్నికల్ ఫైబర్స్,0.0,గర్యారే టెక్పికల్ ఫైబర్చ్,0.0,గర్సారే టెక్వికల్ ఫైబర్ప్,0.0,గర్సారే టెక్వికల్ ఫైబర్న్,0.0,గర్చారే టెక్పికల్ ఫైబర్ప్
జలగకు ఇమ్ము ఇమ్ము అను కూతురులిద్దరు కలరు తృప్తిపడనివి మూడు కలవుచాలును అని పలుకనివి నాలుగు కలవు,0.0,జలగకు ఇమ్శు ఇమ్శు అను కూతురులిద్ రు కలరు తృప్లిపడనివి మూడు కలవుచాలును అని పలుకనివి నాలుగు కలవు,0.0,జలగకు ఇమ్శు ఇమ్శు అను కూతురులిద్ధరు కలరు తృప్లిపడనివి మూడు కలవుచాలును అని పలుకనివి నాలుగు కలవు,0.0,జలగకు ఇమ్శు ఇమ్శు అను కూతురులిద్ధరు కలరు తృప్లిపడనివి మూడు కలవుచాలును అని పలుకనివి నాలుగు కలవు,0.0,జలగకు ఇమ్శు ఇమ్శు అను కూతురులిద్డరు కలరు తృప్లిపడనివి మూడు కలవుచాలును అని పలుకనివి నాలుగు కలవు
లక్షలు మూడో విజేతకు రూ,0.0,లక్షలు మూడో విజేతకు రూ,0.0,లక్షలు మూడో విజేతకు రూ,0.0,లక్షలు మూడో విజేతకు రూ,0.0,లక్షలు మూడో విజేతకు రూ
అసలు కారణం ఏంటో తెలుసా,0.0,అసలు కారణం ఏంటో తెలుసా,0.0,అసలు కారణం ఏంటో తెలుసా,0.0,అసలు కారణం ఏంటో తెలుసా,0.0,అసలు కారణం ఏంటో తెలుసా
ఫోటో రమేశ్ బాబు హైదరాబాద్,0.0,ఫోటో రమేశ్ బాబు హైదరాబాద్,0.0,ఫోటో రమేశ్ బాబు హైదరాబాద్,0.0,ఫోటో రమేశ్ బాబు హైదరాబాద్,0.0,ఫోటో రమేశ్ బాబు హైదరాబాద్
అయితే మహారాష్ట్రలో ప్రభుత్వ ఏర్పాటుపై ఇంకా సందిగ్ధత కొనసాగుతుంది,0.0,అయితే మహారాష్ట్రలో ప్రభుత్ప ఏర్సాటుపై ఇంకా సందిగ్గత కొనసాగుతుంది,0.0,అయితే మహారాష్ట్రలో ప్రభుత్స ఏర్యాటుపై ఇంకా సందిగ్లత కొనసాగుతుంది,0.0,అయితే మహారాష్ట్రలో ప్రభుత్ప ఏర్వాటుపై ఇంకా సందిగ్దత కొనసాగుతుంది,0.0,అయితే మహారాష్ట్రలో ప్రభుత్ప ఏర్యాటుపై ఇంకా సందిగ్దత కొనసాగుతుంది
అష్టావధానానికి ఎంచుకోదగ్గ అంశాలు చాలా ఉన్నాయి,0.0,అష్టావధానానికి ఎంచుకోదగ్ఠ అంశాలు చాలా ఉన్వాయి,0.0,అష్టావధానానికి ఎంచుకోదగ్ఠ అంశాలు చాలా ఉన్పాయి,0.0,అష్టావధానానికి ఎంచుకోదగ్ల అంశాలు చాలా ఉన్వాయి,0.0,అష్టావధానానికి ఎంచుకోదగ్ఠ అంశాలు చాలా ఉన్పాయి
ఈ పాటపౌ మీరూ ఓ లుక్కేయండి,0.0,ఈ పాటపౌ మీరూ ఓ లుక్కేయండి,0.0,ఈ పాటపౌ మీరూ ఓ లుక్కేయండి,0.0,ఈ పాటపౌ మీరూ ఓ లుక్కేయండి,0.0,ఈ పాటపౌ మీరూ ఓ లుక్కేయండి
సుదీర్ఘమైన నిశ్చితార్థం,0.0,సుదీర్ఘమైన నిశ్వితార్థం,0.0,సుదీర్ఘమైన నిశ్వితార్థం,0.0,సుదీర్ఘమైన నిశ్సితార్థం,0.0,సుదీర్ఘమైన నిశ్వితార్థం
ఆ పాప ఏం తప్పు చేసిందీ,0.0,ఆ పాప ఏం తప్యు చేసిందీ,0.0,ఆ పాప ఏం తప్వు చేసిందీ,0.0,ఆ పాప ఏం తప్వు చేసిందీ,0.0,ఆ పాప ఏం తప్సు చేసిందీ
ఈ దాడికి ఎవరు పాల్పడ్డారు అన్న కోణంలో పోలీసులు దర్యాప్తు చేస్తున్నారు,0.0,ఈ దాడికి ఎవరు పాల్వడ్ధారు అన్వ కోణంలో పోలీసులు దర్యాప్లు చేస్లున్వారు,0.0,ఈ దాడికి ఎవరు పాల్సడ్ధారు అన్ప కోణంలో పోలీసులు దర్యాప్లు చేస్లున్పారు,0.0,ఈ దాడికి ఎవరు పాల్నడ్దారు అన్ప కోణంలో పోలీసులు దర్యాప్లు చేస్లున్వారు,0.0,ఈ దాడికి ఎవరు పాల్వడ్ధారు అన్వ కోణంలో పోలీసులు దర్యాప్లు చేస్లున్వారు
ఇక్కడ తల్లిదండ్రులు మరియు పిల్లలు ఆశించే,0.0,ఇక్కడ తల్గిదండ్రులు మరియు పిల్తలు ఆశించే,0.0,ఇక్కడ తల్ధిదండ్రులు మరియు పిల్ధలు ఆశించే,0.0,ఇక్కడ తల్ధిదండ్రులు మరియు పిల్ధలు ఆశించే,0.0,ఇక్కడ తల్తిదండ్రులు మరియు పిల్తలు ఆశించే
వీరికి నిషా కౌర్ వెబర్ అనే కూతురుతో పాటు నోవా అషెర్ అనే ఇద్దరు కుమారులు ఉన్నారు,0.0,వీరికి నిషా కౌర్ వెబర్ అనే కూతురుతో పాటు నోవా అషెర్ అనే ఇద్ధరు కుమారులు ఉన్వారు,0.0,వీరికి నిషా కౌర్ వెబర్ అనే కూతురుతో పాటు నోవా అషెర్ అనే ఇద్ రు కుమారులు ఉన్వారు,0.0,వీరికి నిషా కౌర్ వెబర్ అనే కూతురుతో పాటు నోవా అషెర్ అనే ఇద్డరు కుమారులు ఉన్వారు,0.0,వీరికి నిషా కౌర్ వెబర్ అనే కూతురుతో పాటు నోవా అషెర్ అనే ఇద్ రు కుమారులు ఉన్వారు
ఇందులో చెర్రీతో అలియా ఎన్టీఆర్తో ఒలివియా మొర్రోస్ రొమాన్స్ చేస్తున్నారు,0.0,ఇందులో చెర్రీతో అలియా ఎన్టీఆర్లో ఒలివియా మొర్రోస్ రొమాన్వ్ చేస్లున్పారు,0.0,ఇందులో చెర్రీతో అలియా ఎన్టీఆర్లో ఒలివియా మొర్రోస్ రొమాన్చ్ చేస్లున్పారు,0.0,ఇందులో చెర్రీతో అలియా ఎన్టీఆర్లో ఒలివియా మొర్రోస్ రొమాన్చ్ చేస్లున్పారు,0.0,ఇందులో చెర్రీతో అలియా ఎన్టీఆర్లో ఒలివియా మొర్రోస్ రొమాన్వ్ చేస్లున్వారు
అవివాహితులు లైంగిక సంబంధాలకు దూరంగా ఉండాలి,0.0,అవివాహితులు లైంగిక సంబంధాలకు దూరంగా ఉండాలి,0.0,అవివాహితులు లైంగిక సంబంధాలకు దూరంగా ఉండాలి,0.0,అవివాహితులు లైంగిక సంబంధాలకు దూరంగా ఉండాలి,0.0,అవివాహితులు లైంగిక సంబంధాలకు దూరంగా ఉండాలి
ఇది ఇటీవల వివాదం అయింది,0.0,ఇది ఇటీవల వివాదం అయింది,0.0,ఇది ఇటీవల వివాదం అయింది,0.0,ఇది ఇటీవల వివాదం అయింది,0.0,ఇది ఇటీవల వివాదం అయింది
దీంతో షాక్ గురైన బంధువులు వెంటనే పోలీసులకు ఫిర్యాదు చేశారు,0.0,దీంతో షాక్ గురైన బంధువులు వెంటనే పోలీసులకు ఫిర్యాదు చేశారు,0.0,దీంతో షాక్ గురైన బంధువులు వెంటనే పోలీసులకు ఫిర్యాదు చేశారు,0.0,దీంతో షాక్ గురైన బంధువులు వెంటనే పోలీసులకు ఫిర్యాదు చేశారు,0.0,దీంతో షాక్ గురైన బంధువులు వెంటనే పోలీసులకు ఫిర్యాదు చేశారు
అందులో విశ్వవిద్యాలయం ఆస్పత్రి కళాశాల ఏర్పాటు,0.0,అందులో విశ్చవిద్యాలయం ఆస్సత్రి కళాశాల ఏర్సాటు,0.0,అందులో విశ్చవిద్యాలయం ఆస్యత్రి కళాశాల ఏర్సాటు,0.0,అందులో విశ్సవిద్యాలయం ఆస్వత్రి కళాశాల ఏర్నాటు,0.0,అందులో విశ్పవిద్యాలయం ఆస్వత్రి కళాశాల ఏర్సాటు
సిరి వారికి ధన్యవాదములు,0.0,సిరి వారికి ధన్యవాదములు,0.0,సిరి వారికి ధన్యవాదములు,0.0,సిరి వారికి ధన్యవాదములు,0.0,సిరి వారికి ధన్యవాదములు
ఎలా మీరు ఒక లట్టే సిద్ధం చెయ్యాలి,0.0,ఎలా మీరు ఒక లట్టే సిద్గం చెయ్యాలి,0.0,ఎలా మీరు ఒక లట్టే సిద్దం చెయ్యాలి,0.0,ఎలా మీరు ఒక లట్టే సిద్లం చెయ్యాలి,0.0,ఎలా మీరు ఒక లట్టే సిద్డం చెయ్యాలి
ఆర్థిక ఆస్తుల సెక్యులరైజేషన్ మరియు పునర్నిర్మాణం,0.0,ఆర్థిక ఆస్లుల సెక్యులరైజేషన్ మరియు పునర్విర్శాణం,0.0,ఆర్థిక ఆస్లుల సెక్యులరైజేషన్ మరియు పునర్పిర్శాణం,0.0,ఆర్థిక ఆస్లుల సెక్యులరైజేషన్ మరియు పునర్విర్శాణం,0.0,ఆర్థిక ఆస్లుల సెక్యులరైజేషన్ మరియు పునర్విర్శాణం
ఇది కుటుంబ సెలవుదినం కోసం ఒక గొప్ప ప్రదేశం,0.0,ఇది కుటుంబ సెలవుదినం కోసం ఒక గొప్స ప్రదేశం,0.0,ఇది కుటుంబ సెలవుదినం కోసం ఒక గొప్వ ప్రదేశం,0.0,ఇది కుటుంబ సెలవుదినం కోసం ఒక గొప్స ప్రదేశం,0.0,ఇది కుటుంబ సెలవుదినం కోసం ఒక గొప్వ ప్రదేశం
రిపోర్టర్స్ వితౌట్ బోర్డర్స్ ప్రపంచ పత్రికా స్వేఛ్చ సూచీ దేశాలలో వ స్థానం,0.0,రిపోర్టర్ప్ వితౌట్ బోర్దర్వ్ ప్రపంచ పత్రికా స్చేఛ్వ సూచీ దేశాలలో వ స్థానం,0.0,రిపోర్టర్వ్ వితౌట్ బోర్ధర్వ్ ప్రపంచ పత్రికా స్యేఛ్వ సూచీ దేశాలలో వ స్థానం,0.0,రిపోర్టర్వ్ వితౌట్ బోర్దర్వ్ ప్రపంచ పత్రికా స్పేఛ్స సూచీ దేశాలలో వ స్థానం,0.0,రిపోర్టర్వ్ వితౌట్ బోర్ధర్చ్ ప్రపంచ పత్రికా స్నేఛ్వ సూచీ దేశాలలో వ స్థానం
వెంటనే యువతి పేరెంట్స్ పోలీసులకు ఫిర్యాదు చేశారు,0.0,వెంటనే యువతి పేరెంట్న్ పోలీసులకు ఫిర్యాదు చేశారు,0.0,వెంటనే యువతి పేరెంట్ప్ పోలీసులకు ఫిర్యాదు చేశారు,0.0,వెంటనే యువతి పేరెంట్న్ పోలీసులకు ఫిర్యాదు చేశారు,0.0,వెంటనే యువతి పేరెంట్ప్ పోలీసులకు ఫిర్యాదు చేశారు
కోట్ల రామకష్ణ కోటం అనిల్ కుమార్ రావుల సుధాకర్ చంగలి సంధాకర్ దూసరి ముహేష్గాడ్ సునితరెడ్డి పాల్గొన్నారు,0.0,కోట్గ రామకష్ణ కోటం అనిల్ కుమార్ రావుల సుధాకర్ చంగలి సంధాకర్ దూసరి ముహేష్ధాడ్ సునితరెడ్ది పాల్ఠొన్పారు,0.0,కోట్గ రామకష్ణ కోటం అనిల్ కుమార్ రావుల సుధాకర్ చంగలి సంధాకర్ దూసరి ముహేష్లాడ్ సునితరెడ్ధి పాల్లొన్పారు,0.0,కోట్గ రామకష్ణ కోటం అనిల్ కుమార్ రావుల సుధాకర్ చంగలి సంధాకర్ దూసరి ముహేష్ధాడ్ సునితరెడ్ది పాల్ధొన్పారు,0.0,కోట్గ రామకష్ణ కోటం అనిల్ కుమార్ రావుల సుధాకర్ చంగలి సంధాకర్ దూసరి ముహేష్ఠాడ్ సునితరెడ్ది పాల్లొన్వారు
అప్పట్నుంచీ క్రమంగా వినికిడి తగ్గుతూ వస్తోంది,0.0,అప్సట్వుంచీ క్రమంగా వినికిడి తగ్ధుతూ వస్లోంది,0.0,అప్వట్వుంచీ క్రమంగా వినికిడి తగ్ఠుతూ వస్లోంది,0.0,అప్నట్పుంచీ క్రమంగా వినికిడి తగ్ఠుతూ వస్లోంది,0.0,అప్యట్పుంచీ క్రమంగా వినికిడి తగ్ధుతూ వస్లోంది
రోబోల ప్రాజెక్ట్,0.0,రోబోల ప్రాజెక్ట్,0.0,రోబోల ప్రాజెక్ట్,0.0,రోబోల ప్రాజెక్ట్,0.0,రోబోల ప్రాజెక్ట్
ఆమె వాణ్ణి మార్చేసింది,0.0,ఆమె వాణ్ణి మార్వేసింది,0.0,ఆమె వాణ్ణి మార్వేసింది,0.0,ఆమె వాణ్ణి మార్సేసింది,0.0,ఆమె వాణ్ణి మార్సేసింది
చూస్తున్నారా,0.0,చూస్లున్నారా,0.0,చూస్లున్వారా,0.0,చూస్లున్వారా,0.0,చూస్లున్పారా
ఇప్పటివరకు మంది ప్రాణాలను బలితీసుకుంది,0.0,ఇప్సటివరకు మంది ప్రాణాలను బలితీసుకుంది,0.0,ఇప్నటివరకు మంది ప్రాణాలను బలితీసుకుంది,0.0,ఇప్వటివరకు మంది ప్రాణాలను బలితీసుకుంది,0.0,ఇప్నటివరకు మంది ప్రాణాలను బలితీసుకుంది
పోల్చవద్దు,0.0,పోల్వవద్దు,0.0,పోల్సవద్ధు,0.0,పోల్సవద్ ు,0.0,పోల్వవద్ ు
ప్రతి బిడ్డ ఆడటానికి ఇష్టపడతారు,0.0,ప్రతి బిడ్ద ఆడటానికి ఇష్టపడతారు,0.0,ప్రతి బిడ్ద ఆడటానికి ఇష్టపడతారు,0.0,ప్రతి బిడ్ధ ఆడటానికి ఇష్టపడతారు,0.0,ప్రతి బిడ్ద ఆడటానికి ఇష్టపడతారు
కొత్త టాటా సఫారి ఫస్ట్ డ్రైవ్ రివ్యూ వచ్చేసింది ఓ లుక్కేసెయ్యండి,0.0,కొత్ల టాటా సఫారి ఫస్ట్ డ్రైవ్ రివ్యూ వచ్వేసింది ఓ లుక్కేసెయ్యండి,0.0,కొత్ల టాటా సఫారి ఫస్ట్ డ్రైవ్ రివ్యూ వచ్సేసింది ఓ లుక్కేసెయ్యండి,0.0,కొత్ల టాటా సఫారి ఫస్ట్ డ్రైవ్ రివ్యూ వచ్సేసింది ఓ లుక్కేసెయ్యండి,0.0,కొత్ల టాటా సఫారి ఫస్ట్ డ్రైవ్ రివ్యూ వచ్సేసింది ఓ లుక్కేసెయ్యండి
తెలంగాణలో ఫిరాయింపులు జగన్కు పట్టవా,0.0,తెలంగాణలో ఫిరాయింపులు జగన్కు పట్టవా,0.0,తెలంగాణలో ఫిరాయింపులు జగన్కు పట్టవా,0.0,తెలంగాణలో ఫిరాయింపులు జగన్కు పట్టవా,0.0,తెలంగాణలో ఫిరాయింపులు జగన్కు పట్టవా
స్పిరిట్ ఆఫ్ క్రికెట్ అవార్డు,0.0,స్పిరిట్ ఆఫ్ క్రికెట్ అవార్దు,0.0,స్పిరిట్ ఆఫ్ క్రికెట్ అవార్ధు,0.0,స్పిరిట్ ఆఫ్ క్రికెట్ అవార్ధు,0.0,స్పిరిట్ ఆఫ్ క్రికెట్ అవార్ధు
ఈ విషయమై త్వరలో మార్పులు చేయనున్నట్లు చెప్పారు,0.0,ఈ విషయమై త్యరలో మార్సులు చేయనున్పట్ధు చెప్నారు,0.0,ఈ విషయమై త్పరలో మార్వులు చేయనున్వట్తు చెప్నారు,0.0,ఈ విషయమై త్పరలో మార్సులు చేయనున్వట్ధు చెప్నారు,0.0,ఈ విషయమై త్సరలో మార్నులు చేయనున్పట్గు చెప్యారు
ముంబైలో ఓ కార్యక్రమంలో పాల్గొన్న ఈ అమ్మడు మీడియా వారితో మాట్లాడుతూ,0.0,ముంబైలో ఓ కార్యక్రమంలో పాల్ధొన్ప ఈ అమ్శడు మీడియా వారితో మాట్గాడుతూ,0.0,ముంబైలో ఓ కార్యక్రమంలో పాల్లొన్వ ఈ అమ్శడు మీడియా వారితో మాట్తాడుతూ,0.0,ముంబైలో ఓ కార్యక్రమంలో పాల్ధొన్వ ఈ అమ్శడు మీడియా వారితో మాట్ధాడుతూ,0.0,ముంబైలో ఓ కార్యక్రమంలో పాల్ఠొన్వ ఈ అమ్శడు మీడియా వారితో మాట్గాడుతూ
అంటే ఒక ద్వేషపూరిత విషయం,0.0,అంటే ఒక ద్సేషపూరిత విషయం,0.0,అంటే ఒక ద్యేషపూరిత విషయం,0.0,అంటే ఒక ద్చేషపూరిత విషయం,0.0,అంటే ఒక ద్సేషపూరిత విషయం
రచన అభివృద్ధి,0.0,రచన అభివృద్ది,0.0,రచన అభివృద్లి,0.0,రచన అభివృద్ది,0.0,రచన అభివృద్డి
పరిపక్వమవ్వండి,0.0,పరిపక్సమవ్పండి,0.0,పరిపక్సమవ్నండి,0.0,పరిపక్నమవ్యండి,0.0,పరిపక్చమవ్సండి
భారీగా అక్రమాస్తులను కనుగొంది,0.0,భారీగా అక్రమాస్లులను కనుగొంది,0.0,భారీగా అక్రమాస్లులను కనుగొంది,0.0,భారీగా అక్రమాస్లులను కనుగొంది,0.0,భారీగా అక్రమాస్లులను కనుగొంది
ఆయా గ్రామాల్లో రూ,0.0,ఆయా గ్రామాల్ధో రూ,0.0,ఆయా గ్రామాల్ధో రూ,0.0,ఆయా గ్రామాల్తో రూ,0.0,ఆయా గ్రామాల్ధో రూ
అయితే సమాజం కాలానుగుణంగా మారుతూ ఉంది,0.0,అయితే సమాజం కాలానుగుణంగా మారుతూ ఉంది,0.0,అయితే సమాజం కాలానుగుణంగా మారుతూ ఉంది,0.0,అయితే సమాజం కాలానుగుణంగా మారుతూ ఉంది,0.0,అయితే సమాజం కాలానుగుణంగా మారుతూ ఉంది
సెన్సార్ బోర్డ్ చిత్రానికి యుఎ సర్టిఫికేట్ ఇచ్చింది,0.0,సెన్నార్ బోర్ధ్ చిత్రానికి యుఎ సర్టిఫికేట్ ఇచ్సింది,0.0,సెన్నార్ బోర్ధ్ చిత్రానికి యుఎ సర్టిఫికేట్ ఇచ్సింది,0.0,సెన్నార్ బోర్ద్ చిత్రానికి యుఎ సర్టిఫికేట్ ఇచ్వింది,0.0,సెన్పార్ బోర్ధ్ చిత్రానికి యుఎ సర్టిఫికేట్ ఇచ్సింది
ప్రమాణాల్లో రాష్ట్రాల మధ్య తేడాలు,0.0,ప్రమాణాల్తో రాష్ట్రాల మధ్య తేడాలు,0.0,ప్రమాణాల్గో రాష్ట్రాల మధ్య తేడాలు,0.0,ప్రమాణాల్ధో రాష్ట్రాల మధ్య తేడాలు,0.0,ప్రమాణాల్గో రాష్ట్రాల మధ్య తేడాలు
పంకజం పెళ్ళి చేసుకోలేదని నాతో నువ్వయినా చెప్పవచ్చు,0.0,పంకజం పెళ్ళి చేసుకోలేదని నాతో నువ్చయినా చెప్సవచ్సు,0.0,పంకజం పెళ్ళి చేసుకోలేదని నాతో నువ్చయినా చెప్వవచ్సు,0.0,పంకజం పెళ్ళి చేసుకోలేదని నాతో నువ్సయినా చెప్వవచ్సు,0.0,పంకజం పెళ్ళి చేసుకోలేదని నాతో నువ్చయినా చెప్వవచ్వు
మృతుడు తమిళనాడు రాష్ట్రానికి చెందినవాడిగా పోలీసులు గుర్తించారు,0.0,మృతుడు తమిళనాడు రాష్ట్రానికి చెందినవాడిగా పోలీసులు గుర్లించారు,0.0,మృతుడు తమిళనాడు రాష్ట్రానికి చెందినవాడిగా పోలీసులు గుర్లించారు,0.0,మృతుడు తమిళనాడు రాష్ట్రానికి చెందినవాడిగా పోలీసులు గుర్లించారు,0.0,మృతుడు తమిళనాడు రాష్ట్రానికి చెందినవాడిగా పోలీసులు గుర్లించారు
సమాధానం సమాధానం,0.0,సమాధానం సమాధానం,0.0,సమాధానం సమాధానం,0.0,సమాధానం సమాధానం,0.0,సమాధానం సమాధానం
ఆ సంస్థ తర్వాత దశలో ఇండియాలోని ఇతర నగరాలకు విస్తరించనుంది,0.0,ఆ సంస్థ తర్నాత దశలో ఇండియాలోని ఇతర నగరాలకు విస్లరించనుంది,0.0,ఆ సంస్థ తర్యాత దశలో ఇండియాలోని ఇతర నగరాలకు విస్లరించనుంది,0.0,ఆ సంస్థ తర్యాత దశలో ఇండియాలోని ఇతర నగరాలకు విస్లరించనుంది,0.0,ఆ సంస్థ తర్నాత దశలో ఇండియాలోని ఇతర నగరాలకు విస్లరించనుంది
ఖుయాంగ్చెరా మిజో ప్రజల కొరకు తప్ప భారతీయుల కొరకు ప్రాణాలర్పించలేదు,0.0,ఖుయాంగ్సెరా మిజో ప్రజల కొరకు తప్య భారతీయుల కొరకు ప్రాణాలర్నించలేదు,0.0,ఖుయాంగ్సెరా మిజో ప్రజల కొరకు తప్స భారతీయుల కొరకు ప్రాణాలర్యించలేదు,0.0,ఖుయాంగ్సెరా మిజో ప్రజల కొరకు తప్య భారతీయుల కొరకు ప్రాణాలర్నించలేదు,0.0,ఖుయాంగ్సెరా మిజో ప్రజల కొరకు తప్న భారతీయుల కొరకు ప్రాణాలర్సించలేదు
వారు సొగసైన మనోహరమైన మరియు చాలా ప్రభావవంతమైన,0.0,వారు సొగసైన మనోహరమైన మరియు చాలా ప్రభావవంతమైన,0.0,వారు సొగసైన మనోహరమైన మరియు చాలా ప్రభావవంతమైన,0.0,వారు సొగసైన మనోహరమైన మరియు చాలా ప్రభావవంతమైన,0.0,వారు సొగసైన మనోహరమైన మరియు చాలా ప్రభావవంతమైన
విద్యార్హత గ్రాడ్యుయేట్స్ పోస్ట్ గ్రాడ్యుయేట్స్ దరఖాస్తు చేయొచ్చు,0.0,విద్యార్హత గ్రాడ్యుయేట్ప్ పోస్ట్ గ్రాడ్యుయేట్ప్ దరఖాస్లు చేయొచ్వు,0.0,విద్యార్హత గ్రాడ్యుయేట్చ్ పోస్ట్ గ్రాడ్యుయేట్ప్ దరఖాస్లు చేయొచ్వు,0.0,విద్యార్హత గ్రాడ్యుయేట్న్ పోస్ట్ గ్రాడ్యుయేట్చ్ దరఖాస్లు చేయొచ్వు,0.0,విద్యార్హత గ్రాడ్యుయేట్చ్ పోస్ట్ గ్రాడ్యుయేట్చ్ దరఖాస్లు చేయొచ్వు
అయితే అతనికి సినిమా అవకాశాలు మాత్రం తగ్గలేదు,0.0,అయితే అతనికి సినిమా అవకాశాలు మాత్రం తగ్ధలేదు,0.0,అయితే అతనికి సినిమా అవకాశాలు మాత్రం తగ్ఠలేదు,0.0,అయితే అతనికి సినిమా అవకాశాలు మాత్రం తగ్లలేదు,0.0,అయితే అతనికి సినిమా అవకాశాలు మాత్రం తగ్ఠలేదు
రోహిత్ శర్మ ఓపెనర్గా మరో భారీ శతకంతో చెలరేగాడు,0.0,రోహిత్ శర్శ ఓపెనర్ఠా మరో భారీ శతకంతో చెలరేగాడు,0.0,రోహిత్ శర్శ ఓపెనర్ఠా మరో భారీ శతకంతో చెలరేగాడు,0.0,రోహిత్ శర్శ ఓపెనర్లా మరో భారీ శతకంతో చెలరేగాడు,0.0,రోహిత్ శర్శ ఓపెనర్లా మరో భారీ శతకంతో చెలరేగాడు
అని వర్ణింఛాడు,0.0,అని వర్ణింఛాడు,0.0,అని వర్ణింఛాడు,0.0,అని వర్ణింఛాడు,0.0,అని వర్ణింఛాడు
దీనివల్ల ఆమె ప్రాధాన్యం ప్రతిష్ఠ పెరిగిపోయాయి,0.0,దీనివల్గ ఆమె ప్రాధాన్యం ప్రతిష్గ పెరిగిపోయాయి,0.0,దీనివల్ధ ఆమె ప్రాధాన్యం ప్రతిష్ల పెరిగిపోయాయి,0.0,దీనివల్త ఆమె ప్రాధాన్యం ప్రతిష్ల పెరిగిపోయాయి,0.0,దీనివల్త ఆమె ప్రాధాన్యం ప్రతిష్గ పెరిగిపోయాయి
తడు మానవ మాత్రుడే అయితే,0.0,తడు మానవ మాత్రుడే అయితే,0.0,తడు మానవ మాత్రుడే అయితే,0.0,తడు మానవ మాత్రుడే అయితే,0.0,తడు మానవ మాత్రుడే అయితే
స్ధానికులకు ఫుట్ బాల్ ప్రధాన క్రీడ,0.0,స్ధానికులకు ఫుట్ బాల్ ప్రధాన క్రీడ,0.0,స్ధానికులకు ఫుట్ బాల్ ప్రధాన క్రీడ,0.0,స్ధానికులకు ఫుట్ బాల్ ప్రధాన క్రీడ,0.0,స్ధానికులకు ఫుట్ బాల్ ప్రధాన క్రీడ
సీట్లు సాధించి బీజేపీ రెండోస్థానంలో నిలిచింది,0.0,సీట్గు సాధించి బీజేపీ రెండోస్థానంలో నిలిచింది,0.0,సీట్గు సాధించి బీజేపీ రెండోస్థానంలో నిలిచింది,0.0,సీట్తు సాధించి బీజేపీ రెండోస్థానంలో నిలిచింది,0.0,సీట్తు సాధించి బీజేపీ రెండోస్థానంలో నిలిచింది
హించి ఉండరు,0.0,హించి ఉండరు,0.0,హించి ఉండరు,0.0,హించి ఉండరు,0.0,హించి ఉండరు
అక్టోబర్నవంబర్లలో బిహార్ అసెంబ్లీ ఎన్నికలు నిర్వహించనున్న నేపథ్యంలో,0.0,అక్టోబర్పవంబర్గలో బిహార్ అసెంబ్గీ ఎన్పికలు నిర్సహించనున్వ నేపథ్యంలో,0.0,అక్టోబర్వవంబర్తలో బిహార్ అసెంబ్గీ ఎన్వికలు నిర్చహించనున్వ నేపథ్యంలో,0.0,అక్టోబర్పవంబర్గలో బిహార్ అసెంబ్గీ ఎన్పికలు నిర్పహించనున్వ నేపథ్యంలో,0.0,అక్టోబర్వవంబర్గలో బిహార్ అసెంబ్ధీ ఎన్వికలు నిర్చహించనున్ప నేపథ్యంలో
అంతేకాకుండా నోరా స్ట్రీట్ డ్యాన్సర్లో వరుణ్ ధావన్ సరసన మెరిసింది,0.0,అంతేకాకుండా నోరా స్ట్రీట్ డ్యాన్వర్గో వరుణ్ ధావన్ సరసన మెరిసింది,0.0,అంతేకాకుండా నోరా స్ట్రీట్ డ్యాన్వర్ధో వరుణ్ ధావన్ సరసన మెరిసింది,0.0,అంతేకాకుండా నోరా స్ట్రీట్ డ్యాన్నర్ధో వరుణ్ ధావన్ సరసన మెరిసింది,0.0,అంతేకాకుండా నోరా స్ట్రీట్ డ్యాన్నర్తో వరుణ్ ధావన్ సరసన మెరిసింది
వీరిద్దరూ మంచి స్నేహితులయినారు,0.0,వీరిద్ రూ మంచి స్వేహితులయినారు,0.0,వీరిద్డరూ మంచి స్వేహితులయినారు,0.0,వీరిద్ధరూ మంచి స్వేహితులయినారు,0.0,వీరిద్డరూ మంచి స్వేహితులయినారు
ేమంతా లేమా,0.0,ేమంతా లేమా,0.0,ేమంతా లేమా,0.0,ేమంతా లేమా,0.0,ేమంతా లేమా
చీఫ్ జస్టిస్దే తుది నిర్ణయం,0.0,చీఫ్ జస్టిస్ధే తుది నిర్ణయం,0.0,చీఫ్ జస్టిస్డే తుది నిర్ణయం,0.0,చీఫ్ జస్టిస్ ే తుది నిర్ణయం,0.0,చీఫ్ జస్టిస్ ే తుది నిర్ణయం
మరేం వింటున్నావ్,0.0,మరేం వింటున్పావ్,0.0,మరేం వింటున్పావ్,0.0,మరేం వింటున్వావ్,0.0,మరేం వింటున్పావ్
జీవితం పట్ల అచంచల విశ్వాసాన్ని కలిగిస్తుంది,0.0,జీవితం పట్త అచంచల విశ్పాసాన్వి కలిగిస్లుంది,0.0,జీవితం పట్ధ అచంచల విశ్చాసాన్వి కలిగిస్లుంది,0.0,జీవితం పట్గ అచంచల విశ్చాసాన్పి కలిగిస్లుంది,0.0,జీవితం పట్గ అచంచల విశ్చాసాన్వి కలిగిస్లుంది
ఉప్పెన చిత్రాన్ని బుచ్చి బాబు సానా తెరకెక్కిస్తుండగా కృతి శెట్టి హీరోయిన్ గా నటిస్తుంది,0.0,ఉప్వెన చిత్రాన్వి బుచ్వి బాబు సానా తెరకెక్కిస్లుండగా కృతి శెట్టి హీరోయిన్ గా నటిస్లుంది,0.0,ఉప్నెన చిత్రాన్వి బుచ్సి బాబు సానా తెరకెక్కిస్లుండగా కృతి శెట్టి హీరోయిన్ గా నటిస్లుంది,0.0,ఉప్వెన చిత్రాన్పి బుచ్సి బాబు సానా తెరకెక్కిస్లుండగా కృతి శెట్టి హీరోయిన్ గా నటిస్లుంది,0.0,ఉప్నెన చిత్రాన్పి బుచ్వి బాబు సానా తెరకెక్కిస్లుండగా కృతి శెట్టి హీరోయిన్ గా నటిస్లుంది
అన్ని విదేశీ జట్లు కూడా అదే చేస్తున్నాయి,0.0,అన్వి విదేశీ జట్గు కూడా అదే చేస్లున్పాయి,0.0,అన్వి విదేశీ జట్ధు కూడా అదే చేస్లున్వాయి,0.0,అన్వి విదేశీ జట్గు కూడా అదే చేస్లున్వాయి,0.0,అన్పి విదేశీ జట్ధు కూడా అదే చేస్లున్పాయి
అంటూ అనుమానం వ్యక్తం చేస్తుంది,0.0,అంటూ అనుమానం వ్యక్లం చేస్లుంది,0.0,అంటూ అనుమానం వ్యక్లం చేస్లుంది,0.0,అంటూ అనుమానం వ్యక్లం చేస్లుంది,0.0,అంటూ అనుమానం వ్యక్లం చేస్లుంది
ధర ఎక్కువగా ఉంది,0.0,ధర ఎక్కువగా ఉంది,0.0,ధర ఎక్కువగా ఉంది,0.0,ధర ఎక్కువగా ఉంది,0.0,ధర ఎక్కువగా ఉంది
ఇంకెవరికీ లేనంతా,0.0,ఇంకెవరికీ లేనంతా,0.0,ఇంకెవరికీ లేనంతా,0.0,ఇంకెవరికీ లేనంతా,0.0,ఇంకెవరికీ లేనంతా
జోకర్ చిత్రానికి టాడ్ ఫిలిప్స్ దర్శకత్వం వహించారు,0.0,జోకర్ చిత్రానికి టాడ్ ఫిలిప్చ్ దర్మకత్చం వహించారు,0.0,జోకర్ చిత్రానికి టాడ్ ఫిలిప్ప్ దర్మకత్యం వహించారు,0.0,జోకర్ చిత్రానికి టాడ్ ఫిలిప్చ్ దర్మకత్పం వహించారు,0.0,జోకర్ చిత్రానికి టాడ్ ఫిలిప్చ్ దర్మకత్పం వహించారు
గాంధీ ఆ పని చేశారు,0.0,గాంధీ ఆ పని చేశారు,0.0,గాంధీ ఆ పని చేశారు,0.0,గాంధీ ఆ పని చేశారు,0.0,గాంధీ ఆ పని చేశారు
అనవసర వ్యయాలు చేయ కూడదు,0.0,అనవసర వ్యయాలు చేయ కూడదు,0.0,అనవసర వ్యయాలు చేయ కూడదు,0.0,అనవసర వ్యయాలు చేయ కూడదు,0.0,అనవసర వ్యయాలు చేయ కూడదు
అభిమానులకు బాగా నచ్చింది,0.0,అభిమానులకు బాగా నచ్వింది,0.0,అభిమానులకు బాగా నచ్వింది,0.0,అభిమానులకు బాగా నచ్సింది,0.0,అభిమానులకు బాగా నచ్సింది
అయితే ఎంతసేపు వెతికినా అతడి మృతదేహం లభించలేదు,0.0,అయితే ఎంతసేపు వెతికినా అతడి మృతదేహం లభించలేదు,0.0,అయితే ఎంతసేపు వెతికినా అతడి మృతదేహం లభించలేదు,0.0,అయితే ఎంతసేపు వెతికినా అతడి మృతదేహం లభించలేదు,0.0,అయితే ఎంతసేపు వెతికినా అతడి మృతదేహం లభించలేదు
నిపుణులు ఏం చెబుతున్నారో సమాదానం ఇక్కడ తెలుసుకుందాం,0.0,నిపుణులు ఏం చెబుతున్వారో సమాదానం ఇక్కడ తెలుసుకుందాం,0.0,నిపుణులు ఏం చెబుతున్పారో సమాదానం ఇక్కడ తెలుసుకుందాం,0.0,నిపుణులు ఏం చెబుతున్పారో సమాదానం ఇక్కడ తెలుసుకుందాం,0.0,నిపుణులు ఏం చెబుతున్వారో సమాదానం ఇక్కడ తెలుసుకుందాం
షార్ట్ సర్క్యూట్,0.0,షార్ట్ సర్క్యూట్,0.0,షార్ట్ సర్క్యూట్,0.0,షార్ట్ సర్క్యూట్,0.0,షార్ట్ సర్క్యూట్
వారు మైదాన ప్రాంతాల్లో నివసించలేరు,0.0,వారు మైదాన ప్రాంతాల్గో నివసించలేరు,0.0,వారు మైదాన ప్రాంతాల్గో నివసించలేరు,0.0,వారు మైదాన ప్రాంతాల్గో నివసించలేరు,0.0,వారు మైదాన ప్రాంతాల్తో నివసించలేరు
తొమ్మిది కార్పొరేషన్లలో కూడా టీఆర్ఎస్ పార్టీనే ఆధిక్యంలో ఉంది,0.0,తొమ్శిది కార్సొరేషన్గలో కూడా టీఆర్ఎస్ పార్టీనే ఆధిక్యంలో ఉంది,0.0,తొమ్శిది కార్సొరేషన్తలో కూడా టీఆర్ఎస్ పార్టీనే ఆధిక్యంలో ఉంది,0.0,తొమ్శిది కార్వొరేషన్తలో కూడా టీఆర్ఎస్ పార్టీనే ఆధిక్యంలో ఉంది,0.0,తొమ్శిది కార్వొరేషన్ధలో కూడా టీఆర్ఎస్ పార్టీనే ఆధిక్యంలో ఉంది
దిల్రాజు అశ్వినీ దత్ ప్రసాద్ వి పొట్లూరి సంయుక్తంగా నిర్మిస్తున్నారు,0.0,దిల్రాజు అశ్సినీ దత్ ప్రసాద్ వి పొట్గూరి సంయుక్లంగా నిర్శిస్లున్వారు,0.0,దిల్రాజు అశ్సినీ దత్ ప్రసాద్ వి పొట్ధూరి సంయుక్లంగా నిర్శిస్లున్పారు,0.0,దిల్రాజు అశ్సినీ దత్ ప్రసాద్ వి పొట్ధూరి సంయుక్లంగా నిర్శిస్లున్వారు,0.0,దిల్రాజు అశ్చినీ దత్ ప్రసాద్ వి పొట్ధూరి సంయుక్లంగా నిర్శిస్లున్పారు
ఆర్థిక మంత్రిగా తాత్కాలిక బాధ్యతలు చేపట్టిన పీయూష్ గోయల్ ఈ బడ్జెట్ను ప్రవేశపెట్టబోతున్నారు,0.0,ఆర్థిక మంత్రిగా తాత్కాలిక బాధ్యతలు చేపట్టిన పీయూష్ గోయల్ ఈ బడ్జెట్వు ప్రవేశపెట్టబోతున్వారు,0.0,ఆర్థిక మంత్రిగా తాత్కాలిక బాధ్యతలు చేపట్టిన పీయూష్ గోయల్ ఈ బడ్జెట్వు ప్రవేశపెట్టబోతున్వారు,0.0,ఆర్థిక మంత్రిగా తాత్కాలిక బాధ్యతలు చేపట్టిన పీయూష్ గోయల్ ఈ బడ్జెట్పు ప్రవేశపెట్టబోతున్వారు,0.0,ఆర్థిక మంత్రిగా తాత్కాలిక బాధ్యతలు చేపట్టిన పీయూష్ గోయల్ ఈ బడ్జెట్వు ప్రవేశపెట్టబోతున్పారు
ఇక కాంగ్రెస్ఎస్పీతృణమూల్డీఎంకేఎన్సీపీఎన్సీపీడీపీ బిల్లును వ్యతిరేకించాయి,0.0,ఇక కాంగ్రెస్ఎస్సీతృణమూల్ధీఎంకేఎన్పీపీఎన్నీపీడీపీ బిల్గును వ్యతిరేకించాయి,0.0,ఇక కాంగ్రెస్ఎస్సీతృణమూల్దీఎంకేఎన్వీపీఎన్నీపీడీపీ బిల్తును వ్యతిరేకించాయి,0.0,ఇక కాంగ్రెస్ఎస్నీతృణమూల్ధీఎంకేఎన్వీపీఎన్చీపీడీపీ బిల్గును వ్యతిరేకించాయి,0.0,ఇక కాంగ్రెస్ఎస్యీతృణమూల్ధీఎంకేఎన్పీపీఎన్నీపీడీపీ బిల్తును వ్యతిరేకించాయి
వారు మీకు సహాయం చేస్తారని మేము ఆశిస్తున్నాము,0.0,వారు మీకు సహాయం చేస్లారని మేము ఆశిస్లున్వాము,0.0,వారు మీకు సహాయం చేస్లారని మేము ఆశిస్లున్వాము,0.0,వారు మీకు సహాయం చేస్లారని మేము ఆశిస్లున్పాము,0.0,వారు మీకు సహాయం చేస్లారని మేము ఆశిస్లున్పాము
స్క్రీన్ప్లే కూడా బ్రహ్మాండంగా కుదిరింది,0.0,స్క్రీన్వ్ధే కూడా బ్రహ్శాండంగా కుదిరింది,0.0,స్క్రీన్స్ధే కూడా బ్రహ్శాండంగా కుదిరింది,0.0,స్క్రీన్య్గే కూడా బ్రహ్శాండంగా కుదిరింది,0.0,స్క్రీన్న్గే కూడా బ్రహ్శాండంగా కుదిరింది
తప్పకుండా వస్తుంది,0.0,తప్వకుండా వస్లుంది,0.0,తప్వకుండా వస్లుంది,0.0,తప్సకుండా వస్లుంది,0.0,తప్యకుండా వస్లుంది
టంకం యొక్క ప్రయోజనాలు,0.0,టంకం యొక్క ప్రయోజనాలు,0.0,టంకం యొక్క ప్రయోజనాలు,0.0,టంకం యొక్క ప్రయోజనాలు,0.0,టంకం యొక్క ప్రయోజనాలు
దాంతో వివాదం అయితే ఏమీ లేదు,0.0,దాంతో వివాదం అయితే ఏమీ లేదు,0.0,దాంతో వివాదం అయితే ఏమీ లేదు,0.0,దాంతో వివాదం అయితే ఏమీ లేదు,0.0,దాంతో వివాదం అయితే ఏమీ లేదు
ఆమెతో పరిచయం ఎలా ఏర్పడింది,0.0,ఆమెతో పరిచయం ఎలా ఏర్వడింది,0.0,ఆమెతో పరిచయం ఎలా ఏర్వడింది,0.0,ఆమెతో పరిచయం ఎలా ఏర్యడింది,0.0,ఆమెతో పరిచయం ఎలా ఏర్నడింది
ఇప్పటివరకు ధ్రువీకరించిన గంటలు,0.0,ఇప్వటివరకు ధ్రువీకరించిన గంటలు,0.0,ఇప్యటివరకు ధ్రువీకరించిన గంటలు,0.0,ఇప్నటివరకు ధ్రువీకరించిన గంటలు,0.0,ఇప్సటివరకు ధ్రువీకరించిన గంటలు
ముందుకెళ్లాడానికి వెనకాడుతుందని,0.0,ముందుకెళ్తాడానికి వెనకాడుతుందని,0.0,ముందుకెళ్తాడానికి వెనకాడుతుందని,0.0,ముందుకెళ్ధాడానికి వెనకాడుతుందని,0.0,ముందుకెళ్గాడానికి వెనకాడుతుందని
కానీ కొందరు,0.0,కానీ కొందరు,0.0,కానీ కొందరు,0.0,కానీ కొందరు,0.0,కానీ కొందరు
తమిళనాడు తాగునీటి సమస్య అంశాన్ని కూడా టీఆర్ఎస్ ఎంపీలు ఒకటి రెండు పర్యాయాలు లోక్సభలో ప్రస్తావించిన విషయాన్ని కేసీఆర్ గుర్తు చేశారు,0.0,తమిళనాడు తాగునీటి సమస్య అంశాన్వి కూడా టీఆర్ఎస్ ఎంపీలు ఒకటి రెండు పర్యాయాలు లోక్పభలో ప్రస్లావించిన విషయాన్వి కేసీఆర్ గుర్లు చేశారు,0.0,తమిళనాడు తాగునీటి సమస్య అంశాన్పి కూడా టీఆర్ఎస్ ఎంపీలు ఒకటి రెండు పర్యాయాలు లోక్నభలో ప్రస్లావించిన విషయాన్పి కేసీఆర్ గుర్లు చేశారు,0.0,తమిళనాడు తాగునీటి సమస్య అంశాన్వి కూడా టీఆర్ఎస్ ఎంపీలు ఒకటి రెండు పర్యాయాలు లోక్వభలో ప్రస్లావించిన విషయాన్వి కేసీఆర్ గుర్లు చేశారు,0.0,తమిళనాడు తాగునీటి సమస్య అంశాన్వి కూడా టీఆర్ఎస్ ఎంపీలు ఒకటి రెండు పర్యాయాలు లోక్వభలో ప్రస్లావించిన విషయాన్పి కేసీఆర్ గుర్లు చేశారు
మన దేశంలో కూడా స్టాక్ పరిమితంగానే ఉండేది దిగుమతులపైనే మనం పూర్తిగా ఆధారపడవలసి వచ్చింది,0.0,మన దేశంలో కూడా స్టాక్ పరిమితంగానే ఉండేది దిగుమతులపైనే మనం పూర్లిగా ఆధారపడవలసి వచ్వింది,0.0,మన దేశంలో కూడా స్టాక్ పరిమితంగానే ఉండేది దిగుమతులపైనే మనం పూర్లిగా ఆధారపడవలసి వచ్వింది,0.0,మన దేశంలో కూడా స్టాక్ పరిమితంగానే ఉండేది దిగుమతులపైనే మనం పూర్లిగా ఆధారపడవలసి వచ్వింది,0.0,మన దేశంలో కూడా స్టాక్ పరిమితంగానే ఉండేది దిగుమతులపైనే మనం పూర్లిగా ఆధారపడవలసి వచ్సింది
ఇలాంటివి తెలిసీ తెలియని తనంగా చెప్పుకోవచ్చు,0.0,ఇలాంటివి తెలిసీ తెలియని తనంగా చెప్యుకోవచ్వు,0.0,ఇలాంటివి తెలిసీ తెలియని తనంగా చెప్వుకోవచ్సు,0.0,ఇలాంటివి తెలిసీ తెలియని తనంగా చెప్యుకోవచ్సు,0.0,ఇలాంటివి తెలిసీ తెలియని తనంగా చెప్వుకోవచ్సు
అప్పట్లో నెలకు రూ,0.0,అప్వట్తో నెలకు రూ,0.0,అప్సట్గో నెలకు రూ,0.0,అప్యట్తో నెలకు రూ,0.0,అప్వట్తో నెలకు రూ
బిగ్బాస్ హోస్ట్గా కింగ్ నాగార్జున,0.0,బిగ్బాస్ హోస్ట్లా కింగ్ నాగార్జున,0.0,బిగ్బాస్ హోస్ట్లా కింగ్ నాగార్జున,0.0,బిగ్బాస్ హోస్ట్ధా కింగ్ నాగార్జున,0.0,బిగ్బాస్ హోస్ట్ధా కింగ్ నాగార్జున
వేలు అందిస్తున్నామన్నారు,0.0,వేలు అందిస్లున్వామన్పారు,0.0,వేలు అందిస్లున్వామన్పారు,0.0,వేలు అందిస్లున్పామన్పారు,0.0,వేలు అందిస్లున్పామన్పారు
అప్పుడు ఆ విషయం ఆమె తన తండ్రికి చెప్పింది,0.0,అప్యుడు ఆ విషయం ఆమె తన తండ్రికి చెప్యింది,0.0,అప్వుడు ఆ విషయం ఆమె తన తండ్రికి చెప్యింది,0.0,అప్వుడు ఆ విషయం ఆమె తన తండ్రికి చెప్సింది,0.0,అప్వుడు ఆ విషయం ఆమె తన తండ్రికి చెప్యింది
వ శతాబ్దానికి చెందిన ఈ దేవాలయం విశిష్టమైన శిల్ప సంపద కలిగి పర్యాటక ప్రదేశంగా ఉంది,0.0,వ శతాబ్ధానికి చెందిన ఈ దేవాలయం విశిష్టమైన శిల్వ సంపద కలిగి పర్యాటక ప్రదేశంగా ఉంది,0.0,వ శతాబ్ధానికి చెందిన ఈ దేవాలయం విశిష్టమైన శిల్స సంపద కలిగి పర్యాటక ప్రదేశంగా ఉంది,0.0,వ శతాబ్ధానికి చెందిన ఈ దేవాలయం విశిష్టమైన శిల్వ సంపద కలిగి పర్యాటక ప్రదేశంగా ఉంది,0.0,వ శతాబ్ధానికి చెందిన ఈ దేవాలయం విశిష్టమైన శిల్య సంపద కలిగి పర్యాటక ప్రదేశంగా ఉంది
ప్రధాని మోది నేతృత్వంలో జరిగిన కేంద్ర క్యాబినెట్ సమావేశంలో ఈ మేరకు నిర్ణయం తీసుకున్నారని ఒక అధికార ప్రకటనలో తెలిపారు,0.0,ప్రధాని మోది నేతృత్పంలో జరిగిన కేంద్ర క్యాబినెట్ సమావేశంలో ఈ మేరకు నిర్ణయం తీసుకున్వారని ఒక అధికార ప్రకటనలో తెలిపారు,0.0,ప్రధాని మోది నేతృత్నంలో జరిగిన కేంద్ర క్యాబినెట్ సమావేశంలో ఈ మేరకు నిర్ణయం తీసుకున్వారని ఒక అధికార ప్రకటనలో తెలిపారు,0.0,ప్రధాని మోది నేతృత్చంలో జరిగిన కేంద్ర క్యాబినెట్ సమావేశంలో ఈ మేరకు నిర్ణయం తీసుకున్వారని ఒక అధికార ప్రకటనలో తెలిపారు,0.0,ప్రధాని మోది నేతృత్యంలో జరిగిన కేంద్ర క్యాబినెట్ సమావేశంలో ఈ మేరకు నిర్ణయం తీసుకున్పారని ఒక అధికార ప్రకటనలో తెలిపారు
అంటూ చెప్పుకెళ్తున్నాడు,0.0,అంటూ చెప్వుకెళ్లున్పాడు,0.0,అంటూ చెప్వుకెళ్లున్పాడు,0.0,అంటూ చెప్వుకెళ్లున్పాడు,0.0,అంటూ చెప్వుకెళ్లున్వాడు
కాగితమును దాటి పోవుట,0.0,కాగితమును దాటి పోవుట,0.0,కాగితమును దాటి పోవుట,0.0,కాగితమును దాటి పోవుట,0.0,కాగితమును దాటి పోవుట
ఈ విషయాన్ని పరిశోధనల ద్వారా వెల్లడైనది,0.0,ఈ విషయాన్వి పరిశోధనల ద్చారా వెల్గడైనది,0.0,ఈ విషయాన్వి పరిశోధనల ద్నారా వెల్ధడైనది,0.0,ఈ విషయాన్వి పరిశోధనల ద్యారా వెల్ధడైనది,0.0,ఈ విషయాన్వి పరిశోధనల ద్చారా వెల్తడైనది
నందమూరి అభిమానులంతా ఎప్పుడెప్పుడా అని ఎదురుచూస్తున్న తరుణం వచ్చేసింది,0.0,నందమూరి అభిమానులంతా ఎప్యుడెప్యుడా అని ఎదురుచూస్లున్వ తరుణం వచ్సేసింది,0.0,నందమూరి అభిమానులంతా ఎప్సుడెప్నుడా అని ఎదురుచూస్లున్ప తరుణం వచ్సేసింది,0.0,నందమూరి అభిమానులంతా ఎప్వుడెప్నుడా అని ఎదురుచూస్లున్వ తరుణం వచ్వేసింది,0.0,నందమూరి అభిమానులంతా ఎప్సుడెప్వుడా అని ఎదురుచూస్లున్వ తరుణం వచ్వేసింది
లాటిన్ స్క్రిప్టులో రాణి అక్షరం ను ఉపయోగిస్తున్న భాషలలో ఐస్లాండిక్ మాత్రమే సజీవంగా ఉంది,0.0,లాటిన్ స్క్రిప్టులో రాణి అక్షరం ను ఉపయోగిస్లున్ప భాషలలో ఐస్గాండిక్ మాత్రమే సజీవంగా ఉంది,0.0,లాటిన్ స్క్రిప్టులో రాణి అక్షరం ను ఉపయోగిస్లున్వ భాషలలో ఐస్తాండిక్ మాత్రమే సజీవంగా ఉంది,0.0,లాటిన్ స్క్రిప్టులో రాణి అక్షరం ను ఉపయోగిస్లున్ప భాషలలో ఐస్గాండిక్ మాత్రమే సజీవంగా ఉంది,0.0,లాటిన్ స్క్రిప్టులో రాణి అక్షరం ను ఉపయోగిస్లున్ప భాషలలో ఐస్ధాండిక్ మాత్రమే సజీవంగా ఉంది
కొన్ని లక్షలమంది ఆధ్యాత్మిక అవసరాలను చూడడమంటే చాలా పెద్ద పని యాజకులు చాలా కొద్దిమందే ఉండేవారు,0.0,కొన్పి లక్షలమంది ఆధ్యాత్శిక అవసరాలను చూడడమంటే చాలా పెద్  పని యాజకులు చాలా కొద్ ిమందే ఉండేవారు,0.0,కొన్వి లక్షలమంది ఆధ్యాత్శిక అవసరాలను చూడడమంటే చాలా పెద్డ పని యాజకులు చాలా కొద్ధిమందే ఉండేవారు,0.0,కొన్పి లక్షలమంది ఆధ్యాత్శిక అవసరాలను చూడడమంటే చాలా పెద్డ పని యాజకులు చాలా కొద్ ిమందే ఉండేవారు,0.0,కొన్పి లక్షలమంది ఆధ్యాత్శిక అవసరాలను చూడడమంటే చాలా పెద్  పని యాజకులు చాలా కొద్ధిమందే ఉండేవారు
కొత్త ల్యాప్టాప్ కొంటున్నారా,0.0,కొత్ల ల్యాప్టాప్ కొంటున్వారా,0.0,కొత్ల ల్యాప్టాప్ కొంటున్వారా,0.0,కొత్ల ల్యాప్టాప్ కొంటున్పారా,0.0,కొత్ల ల్యాప్టాప్ కొంటున్వారా
గ్లోబల్ బ్యూటీ ప్రియాంక చోప్రాకు ఇన్స్టాగ్రాంలో మిలియన్ల ఫాలోవర్స్ రికార్డు దాటింది,0.0,గ్లోబల్ బ్యూటీ ప్రియాంక చోప్రాకు ఇన్చ్టాగ్రాంలో మిలియన్త ఫాలోవర్ప్ రికార్ధు దాటింది,0.0,గ్లోబల్ బ్యూటీ ప్రియాంక చోప్రాకు ఇన్చ్టాగ్రాంలో మిలియన్గ ఫాలోవర్వ్ రికార్ధు దాటింది,0.0,గ్లోబల్ బ్యూటీ ప్రియాంక చోప్రాకు ఇన్వ్టాగ్రాంలో మిలియన్ధ ఫాలోవర్న్ రికార్దు దాటింది,0.0,గ్లోబల్ బ్యూటీ ప్రియాంక చోప్రాకు ఇన్న్టాగ్రాంలో మిలియన్త ఫాలోవర్ప్ రికార్ధు దాటింది
ఇంతలోనే ఊహించని ఘటన చోటుచేసుకుంది,0.0,ఇంతలోనే ఊహించని ఘటన చోటుచేసుకుంది,0.0,ఇంతలోనే ఊహించని ఘటన చోటుచేసుకుంది,0.0,ఇంతలోనే ఊహించని ఘటన చోటుచేసుకుంది,0.0,ఇంతలోనే ఊహించని ఘటన చోటుచేసుకుంది
తొలుత సింగిల్స్లో కిడాంబి శ్రీకాంత్ చైనాకు చెందిన టియాన్ హౌవెయిన్పఐ తేడాతో విజయకేతనం ఎగురవేశాడు,0.0,తొలుత సింగిల్వ్ధో కిడాంబి శ్రీకాంత్ చైనాకు చెందిన టియాన్ హౌవెయిన్సఐ తేడాతో విజయకేతనం ఎగురవేశాడు,0.0,తొలుత సింగిల్వ్ధో కిడాంబి శ్రీకాంత్ చైనాకు చెందిన టియాన్ హౌవెయిన్వఐ తేడాతో విజయకేతనం ఎగురవేశాడు,0.0,తొలుత సింగిల్చ్తో కిడాంబి శ్రీకాంత్ చైనాకు చెందిన టియాన్ హౌవెయిన్వఐ తేడాతో విజయకేతనం ఎగురవేశాడు,0.0,తొలుత సింగిల్ప్గో కిడాంబి శ్రీకాంత్ చైనాకు చెందిన టియాన్ హౌవెయిన్యఐ తేడాతో విజయకేతనం ఎగురవేశాడు
ఎవ్వరు చెప్పినా వినిపించుకోలేదు,0.0,ఎవ్చరు చెప్యినా వినిపించుకోలేదు,0.0,ఎవ్చరు చెప్యినా వినిపించుకోలేదు,0.0,ఎవ్నరు చెప్నినా వినిపించుకోలేదు,0.0,ఎవ్సరు చెప్యినా వినిపించుకోలేదు
వన్నా వీడ్కోలు,0.0,వన్పా వీడ్కోలు,0.0,వన్పా వీడ్కోలు,0.0,వన్పా వీడ్కోలు,0.0,వన్పా వీడ్కోలు
దీనికి సంబంధించిన ప్రయత్నాలు ముమ్మరంగా సాగుతున్నాయి,0.0,దీనికి సంబంధించిన ప్రయత్పాలు ముమ్శరంగా సాగుతున్పాయి,0.0,దీనికి సంబంధించిన ప్రయత్వాలు ముమ్శరంగా సాగుతున్వాయి,0.0,దీనికి సంబంధించిన ప్రయత్పాలు ముమ్శరంగా సాగుతున్వాయి,0.0,దీనికి సంబంధించిన ప్రయత్పాలు ముమ్శరంగా సాగుతున్పాయి
ఈ చిత్రంలో సోనాక్షి సిన్హా హీరోయిన్ గా నటిస్తున్నారు,0.0,ఈ చిత్రంలో సోనాక్షి సిన్హా హీరోయిన్ గా నటిస్లున్పారు,0.0,ఈ చిత్రంలో సోనాక్షి సిన్హా హీరోయిన్ గా నటిస్లున్వారు,0.0,ఈ చిత్రంలో సోనాక్షి సిన్హా హీరోయిన్ గా నటిస్లున్వారు,0.0,ఈ చిత్రంలో సోనాక్షి సిన్హా హీరోయిన్ గా నటిస్లున్వారు
అగ్రిగోల్డ్ బాధితుల దీక్ష భగ్నం,0.0,అగ్రిగోల్ధ్ బాధితుల దీక్ష భగ్పం,0.0,అగ్రిగోల్ధ్ బాధితుల దీక్ష భగ్పం,0.0,అగ్రిగోల్ద్ బాధితుల దీక్ష భగ్వం,0.0,అగ్రిగోల్ధ్ బాధితుల దీక్ష భగ్పం
ఇకపై అలా కుదరని స్పష్టం చేసింది,0.0,ఇకపై అలా కుదరని స్యష్టం చేసింది,0.0,ఇకపై అలా కుదరని స్సష్టం చేసింది,0.0,ఇకపై అలా కుదరని స్వష్టం చేసింది,0.0,ఇకపై అలా కుదరని స్సష్టం చేసింది
క్రమం తప్పని పర్యవేక్షణ,0.0,క్రమం తప్వని పర్యవేక్షణ,0.0,క్రమం తప్వని పర్యవేక్షణ,0.0,క్రమం తప్వని పర్యవేక్షణ,0.0,క్రమం తప్సని పర్యవేక్షణ
కార్పొరేట్ సంస్థలకు ఊడిగం,0.0,కార్సొరేట్ సంస్థలకు ఊడిగం,0.0,కార్యొరేట్ సంస్థలకు ఊడిగం,0.0,కార్వొరేట్ సంస్థలకు ఊడిగం,0.0,కార్సొరేట్ సంస్థలకు ఊడిగం
కౌంటర్ పిటిషన్ దాఖలు చేశాను,0.0,కౌంటర్ పిటిషన్ దాఖలు చేశాను,0.0,కౌంటర్ పిటిషన్ దాఖలు చేశాను,0.0,కౌంటర్ పిటిషన్ దాఖలు చేశాను,0.0,కౌంటర్ పిటిషన్ దాఖలు చేశాను
పెట్రోల్ డీజిల్ ధర పైపైకి,0.0,పెట్రోల్ డీజిల్ ధర పైపైకి,0.0,పెట్రోల్ డీజిల్ ధర పైపైకి,0.0,పెట్రోల్ డీజిల్ ధర పైపైకి,0.0,పెట్రోల్ డీజిల్ ధర పైపైకి
ఈ అంశంపై లోక్ సభలో ఓ ప్రశ్నకు బదులుగా ఆర్థికశాఖ సహాయ మంత్రి అనురాగ్ ఠాకూర్ లిఖితపూర్వకంగా సమాధానమిచ్చారు,0.0,ఈ అంశంపై లోక్ సభలో ఓ ప్రశ్వకు బదులుగా ఆర్థికశాఖ సహాయ మంత్రి అనురాగ్ ఠాకూర్ లిఖితపూర్చకంగా సమాధానమిచ్వారు,0.0,ఈ అంశంపై లోక్ సభలో ఓ ప్రశ్పకు బదులుగా ఆర్థికశాఖ సహాయ మంత్రి అనురాగ్ ఠాకూర్ లిఖితపూర్చకంగా సమాధానమిచ్వారు,0.0,ఈ అంశంపై లోక్ సభలో ఓ ప్రశ్పకు బదులుగా ఆర్థికశాఖ సహాయ మంత్రి అనురాగ్ ఠాకూర్ లిఖితపూర్యకంగా సమాధానమిచ్వారు,0.0,ఈ అంశంపై లోక్ సభలో ఓ ప్రశ్పకు బదులుగా ఆర్థికశాఖ సహాయ మంత్రి అనురాగ్ ఠాకూర్ లిఖితపూర్నకంగా సమాధానమిచ్వారు
కానీ నిజమైన ప్రేమ కలుసుకున్నారు ఎప్పుడూ,0.0,కానీ నిజమైన ప్రేమ కలుసుకున్వారు ఎప్నుడూ,0.0,కానీ నిజమైన ప్రేమ కలుసుకున్పారు ఎప్సుడూ,0.0,కానీ నిజమైన ప్రేమ కలుసుకున్వారు ఎప్వుడూ,0.0,కానీ నిజమైన ప్రేమ కలుసుకున్పారు ఎప్వుడూ
అప్పటి నుంచి ఆ గ్రామంలోనే నివాసముంటున్నారు,0.0,అప్సటి నుంచి ఆ గ్రామంలోనే నివాసముంటున్వారు,0.0,అప్సటి నుంచి ఆ గ్రామంలోనే నివాసముంటున్వారు,0.0,అప్సటి నుంచి ఆ గ్రామంలోనే నివాసముంటున్వారు,0.0,అప్వటి నుంచి ఆ గ్రామంలోనే నివాసముంటున్పారు
అయితే ఎలానో తెలియడం లేదా,0.0,అయితే ఎలానో తెలియడం లేదా,0.0,అయితే ఎలానో తెలియడం లేదా,0.0,అయితే ఎలానో తెలియడం లేదా,0.0,అయితే ఎలానో తెలియడం లేదా
ఆమె క్యారెక్టర్ లేదు,0.0,ఆమె క్యారెక్టర్ లేదు,0.0,ఆమె క్యారెక్టర్ లేదు,0.0,ఆమె క్యారెక్టర్ లేదు,0.0,ఆమె క్యారెక్టర్ లేదు
పోస్టుమార్టం అనంతరం రైల్వే పోలీసులు మృతదేహాన్ని బంధువులకు అప్పగించారు,0.0,పోస్టుమార్టం అనంతరం రైల్యే పోలీసులు మృతదేహాన్వి బంధువులకు అప్నగించారు,0.0,పోస్టుమార్టం అనంతరం రైల్సే పోలీసులు మృతదేహాన్పి బంధువులకు అప్నగించారు,0.0,పోస్టుమార్టం అనంతరం రైల్చే పోలీసులు మృతదేహాన్వి బంధువులకు అప్యగించారు,0.0,పోస్టుమార్టం అనంతరం రైల్పే పోలీసులు మృతదేహాన్పి బంధువులకు అప్సగించారు
నిజంగా వారు ఏమి ఆలోచిస్తున్నారో,0.0,నిజంగా వారు ఏమి ఆలోచిస్లున్పారో,0.0,నిజంగా వారు ఏమి ఆలోచిస్లున్పారో,0.0,నిజంగా వారు ఏమి ఆలోచిస్లున్వారో,0.0,నిజంగా వారు ఏమి ఆలోచిస్లున్పారో
చాలాభాగం విదేశాల్లో షూటింగ్ జరుపుకున్న ఈ సినిమా ఫెయిల్యూర్ అయ్యింది,0.0,చాలాభాగం విదేశాల్ధో షూటింగ్ జరుపుకున్వ ఈ సినిమా ఫెయిల్యూర్ అయ్యింది,0.0,చాలాభాగం విదేశాల్తో షూటింగ్ జరుపుకున్ప ఈ సినిమా ఫెయిల్యూర్ అయ్యింది,0.0,చాలాభాగం విదేశాల్గో షూటింగ్ జరుపుకున్వ ఈ సినిమా ఫెయిల్యూర్ అయ్యింది,0.0,చాలాభాగం విదేశాల్గో షూటింగ్ జరుపుకున్ప ఈ సినిమా ఫెయిల్యూర్ అయ్యింది
ఏ ఇతర పేరుతో గులాబీ అయినా చాలా తీపి పసిగట్టవచ్చు,0.0,ఏ ఇతర పేరుతో గులాబీ అయినా చాలా తీపి పసిగట్టవచ్వు,0.0,ఏ ఇతర పేరుతో గులాబీ అయినా చాలా తీపి పసిగట్టవచ్వు,0.0,ఏ ఇతర పేరుతో గులాబీ అయినా చాలా తీపి పసిగట్టవచ్సు,0.0,ఏ ఇతర పేరుతో గులాబీ అయినా చాలా తీపి పసిగట్టవచ్సు
ఎప్పుడు ఎలా మాట్లాడుతాడో ఆయనకే తెలియదన్నారు,0.0,ఎప్వుడు ఎలా మాట్గాడుతాడో ఆయనకే తెలియదన్వారు,0.0,ఎప్యుడు ఎలా మాట్గాడుతాడో ఆయనకే తెలియదన్పారు,0.0,ఎప్నుడు ఎలా మాట్తాడుతాడో ఆయనకే తెలియదన్వారు,0.0,ఎప్యుడు ఎలా మాట్ధాడుతాడో ఆయనకే తెలియదన్పారు
నిందితులు ఇద్దరినీ పోలీసులు అరెస్టు చేశారు,0.0,నిందితులు ఇద్ధరినీ పోలీసులు అరెస్టు చేశారు,0.0,నిందితులు ఇద్ రినీ పోలీసులు అరెస్టు చేశారు,0.0,నిందితులు ఇద్ రినీ పోలీసులు అరెస్టు చేశారు,0.0,నిందితులు ఇద్ రినీ పోలీసులు అరెస్టు చేశారు
ఈ సినిమాను బోనీ కపూర్ దిల్ రాజు సంయుక్తంగా తెరకెక్కిస్తున్నారు,0.0,ఈ సినిమాను బోనీ కపూర్ దిల్ రాజు సంయుక్లంగా తెరకెక్కిస్లున్వారు,0.0,ఈ సినిమాను బోనీ కపూర్ దిల్ రాజు సంయుక్లంగా తెరకెక్కిస్లున్పారు,0.0,ఈ సినిమాను బోనీ కపూర్ దిల్ రాజు సంయుక్లంగా తెరకెక్కిస్లున్వారు,0.0,ఈ సినిమాను బోనీ కపూర్ దిల్ రాజు సంయుక్లంగా తెరకెక్కిస్లున్పారు
కొంకణ్ రైల్వే జాబ్స్,0.0,కొంకణ్ రైల్సే జాబ్వ్,0.0,కొంకణ్ రైల్పే జాబ్న్,0.0,కొంకణ్ రైల్పే జాబ్న్,0.0,కొంకణ్ రైల్పే జాబ్ప్
ముఖ్యమైన పత్రాలు అందుకుంటారు,0.0,ముఖ్యమైన పత్రాలు అందుకుంటారు,0.0,ముఖ్యమైన పత్రాలు అందుకుంటారు,0.0,ముఖ్యమైన పత్రాలు అందుకుంటారు,0.0,ముఖ్యమైన పత్రాలు అందుకుంటారు
వారు గోడలను అలంకరిస్తారు మరియు వివిధ పరిమాణాలు ఆకృతులు మరియు శైలులు వస్తారు,0.0,వారు గోడలను అలంకరిస్లారు మరియు వివిధ పరిమాణాలు ఆకృతులు మరియు శైలులు వస్లారు,0.0,వారు గోడలను అలంకరిస్లారు మరియు వివిధ పరిమాణాలు ఆకృతులు మరియు శైలులు వస్లారు,0.0,వారు గోడలను అలంకరిస్లారు మరియు వివిధ పరిమాణాలు ఆకృతులు మరియు శైలులు వస్లారు,0.0,వారు గోడలను అలంకరిస్లారు మరియు వివిధ పరిమాణాలు ఆకృతులు మరియు శైలులు వస్లారు
మీరు ఏ సినిమాలు చూస్తారు,0.0,మీరు ఏ సినిమాలు చూస్లారు,0.0,మీరు ఏ సినిమాలు చూస్లారు,0.0,మీరు ఏ సినిమాలు చూస్లారు,0.0,మీరు ఏ సినిమాలు చూస్లారు
దీనిలో స్తంభాలు గుడి వంటగది దీపపు స్తంభాలు టవర్లు మరియు ఇతర పుణ్య క్షేత్రాలు తర్వాత ఏర్పరచారు,0.0,దీనిలో స్లంభాలు గుడి వంటగది దీపపు స్లంభాలు టవర్తు మరియు ఇతర పుణ్య క్షేత్రాలు తర్యాత ఏర్యరచారు,0.0,దీనిలో స్లంభాలు గుడి వంటగది దీపపు స్లంభాలు టవర్తు మరియు ఇతర పుణ్య క్షేత్రాలు తర్చాత ఏర్వరచారు,0.0,దీనిలో స్లంభాలు గుడి వంటగది దీపపు స్లంభాలు టవర్ధు మరియు ఇతర పుణ్య క్షేత్రాలు తర్సాత ఏర్యరచారు,0.0,దీనిలో స్లంభాలు గుడి వంటగది దీపపు స్లంభాలు టవర్గు మరియు ఇతర పుణ్య క్షేత్రాలు తర్పాత ఏర్వరచారు
వంటగది పునరుద్ధరణ,0.0,వంటగది పునరుద్డరణ,0.0,వంటగది పునరుద్డరణ,0.0,వంటగది పునరుద్గరణ,0.0,వంటగది పునరుద్డరణ
స్కార్లెట్ జాన్సన్ మ్యారేజ్ స్టోరీతో ఉత్తమ నటిగా జోజో రాబిట్తో ఉత్తమ సహాయ నటిగా బరిలో నిలిచింది,0.0,స్కార్గెట్ జాన్చన్ మ్యారేజ్ స్టోరీతో ఉత్లమ నటిగా జోజో రాబిట్లో ఉత్లమ సహాయ నటిగా బరిలో నిలిచింది,0.0,స్కార్గెట్ జాన్వన్ మ్యారేజ్ స్టోరీతో ఉత్లమ నటిగా జోజో రాబిట్లో ఉత్లమ సహాయ నటిగా బరిలో నిలిచింది,0.0,స్కార్గెట్ జాన్పన్ మ్యారేజ్ స్టోరీతో ఉత్లమ నటిగా జోజో రాబిట్లో ఉత్లమ సహాయ నటిగా బరిలో నిలిచింది,0.0,స్కార్ధెట్ జాన్నన్ మ్యారేజ్ స్టోరీతో ఉత్లమ నటిగా జోజో రాబిట్లో ఉత్లమ సహాయ నటిగా బరిలో నిలిచింది
చాలా సరదాగా సాగిపోతుంది,0.0,చాలా సరదాగా సాగిపోతుంది,0.0,చాలా సరదాగా సాగిపోతుంది,0.0,చాలా సరదాగా సాగిపోతుంది,0.0,చాలా సరదాగా సాగిపోతుంది
కిపైగా ప్రజలు చిత్రహింసలకు గురయ్యారు,0.0,కిపైగా ప్రజలు చిత్రహింసలకు గురయ్యారు,0.0,కిపైగా ప్రజలు చిత్రహింసలకు గురయ్యారు,0.0,కిపైగా ప్రజలు చిత్రహింసలకు గురయ్యారు,0.0,కిపైగా ప్రజలు చిత్రహింసలకు గురయ్యారు
కొన్నిసార్లు మనం చిరునవ్వు ద్వారా లేదా చేయి ఊపడం ద్వారా మాత్రమే పలకరించగల పరిస్థితుల్లో ఉండవచ్చు,0.0,కొన్విసార్గు మనం చిరునవ్యు ద్యారా లేదా చేయి ఊపడం ద్యారా మాత్రమే పలకరించగల పరిస్థితుల్గో ఉండవచ్సు,0.0,కొన్పిసార్గు మనం చిరునవ్సు ద్పారా లేదా చేయి ఊపడం ద్చారా మాత్రమే పలకరించగల పరిస్థితుల్ధో ఉండవచ్సు,0.0,కొన్పిసార్ధు మనం చిరునవ్యు ద్నారా లేదా చేయి ఊపడం ద్సారా మాత్రమే పలకరించగల పరిస్థితుల్గో ఉండవచ్వు,0.0,కొన్విసార్తు మనం చిరునవ్ను ద్పారా లేదా చేయి ఊపడం ద్నారా మాత్రమే పలకరించగల పరిస్థితుల్తో ఉండవచ్సు
కానీ దానినుంచి వచ్చిన ఫలితం ఏమిటి అనేది అందరికీ తెలుసు,0.0,కానీ దానినుంచి వచ్సిన ఫలితం ఏమిటి అనేది అందరికీ తెలుసు,0.0,కానీ దానినుంచి వచ్సిన ఫలితం ఏమిటి అనేది అందరికీ తెలుసు,0.0,కానీ దానినుంచి వచ్సిన ఫలితం ఏమిటి అనేది అందరికీ తెలుసు,0.0,కానీ దానినుంచి వచ్సిన ఫలితం ఏమిటి అనేది అందరికీ తెలుసు
ఆమె తల్లిదండ్రుల ఫిర్యాదు మేరకు పోలీసులు కేసు నమోదు చేశారు,0.0,ఆమె తల్గిదండ్రుల ఫిర్యాదు మేరకు పోలీసులు కేసు నమోదు చేశారు,0.0,ఆమె తల్గిదండ్రుల ఫిర్యాదు మేరకు పోలీసులు కేసు నమోదు చేశారు,0.0,ఆమె తల్తిదండ్రుల ఫిర్యాదు మేరకు పోలీసులు కేసు నమోదు చేశారు,0.0,ఆమె తల్తిదండ్రుల ఫిర్యాదు మేరకు పోలీసులు కేసు నమోదు చేశారు
వాటి నుంచి ఎన్నో విషయాలు నేర్చుకున్నా,0.0,వాటి నుంచి ఎన్పో విషయాలు నేర్సుకున్పా,0.0,వాటి నుంచి ఎన్వో విషయాలు నేర్సుకున్పా,0.0,వాటి నుంచి ఎన్పో విషయాలు నేర్సుకున్పా,0.0,వాటి నుంచి ఎన్పో విషయాలు నేర్సుకున్వా
ిజయం సాధించడం పక్కా,0.0,ిజయం సాధించడం పక్కా,0.0,ిజయం సాధించడం పక్కా,0.0,ిజయం సాధించడం పక్కా,0.0,ిజయం సాధించడం పక్కా
ఆ ముసలోడే,0.0,ఆ ముసలోడే,0.0,ఆ ముసలోడే,0.0,ఆ ముసలోడే,0.0,ఆ ముసలోడే
అలాంటివారు తమ ఒరిజినల్ పాస్పోర్టులో పేర్కొన్న భారత దేశంలోని తమ నివాస స్థలంలో ఓటరుగా నమోదు చేసుకోవచ్చు,0.0,అలాంటివారు తమ ఒరిజినల్ పాస్సోర్టులో పేర్కొన్ప భారత దేశంలోని తమ నివాస స్థలంలో ఓటరుగా నమోదు చేసుకోవచ్వు,0.0,అలాంటివారు తమ ఒరిజినల్ పాస్నోర్టులో పేర్కొన్వ భారత దేశంలోని తమ నివాస స్థలంలో ఓటరుగా నమోదు చేసుకోవచ్సు,0.0,అలాంటివారు తమ ఒరిజినల్ పాస్సోర్టులో పేర్కొన్ప భారత దేశంలోని తమ నివాస స్థలంలో ఓటరుగా నమోదు చేసుకోవచ్వు,0.0,అలాంటివారు తమ ఒరిజినల్ పాస్యోర్టులో పేర్కొన్ప భారత దేశంలోని తమ నివాస స్థలంలో ఓటరుగా నమోదు చేసుకోవచ్వు
వైఎస్ వివేకానందరెడ్డి హత్యపై సీబీఐ విచారణ జరిపించాలని ఏపీ ప్రతిపక్ష నేత వైఎస్ జగన్ మరోసారి డిమాండ్ చేశారు,0.0,వైఎస్ వివేకానందరెడ్ధి హత్యపై సీబీఐ విచారణ జరిపించాలని ఏపీ ప్రతిపక్ష నేత వైఎస్ జగన్ మరోసారి డిమాండ్ చేశారు,0.0,వైఎస్ వివేకానందరెడ్ది హత్యపై సీబీఐ విచారణ జరిపించాలని ఏపీ ప్రతిపక్ష నేత వైఎస్ జగన్ మరోసారి డిమాండ్ చేశారు,0.0,వైఎస్ వివేకానందరెడ్ధి హత్యపై సీబీఐ విచారణ జరిపించాలని ఏపీ ప్రతిపక్ష నేత వైఎస్ జగన్ మరోసారి డిమాండ్ చేశారు,0.0,వైఎస్ వివేకానందరెడ్ది హత్యపై సీబీఐ విచారణ జరిపించాలని ఏపీ ప్రతిపక్ష నేత వైఎస్ జగన్ మరోసారి డిమాండ్ చేశారు
తన ఫోటోలను క్రిస్టినా ఇన్స్టాగ్రామ్లో పోస్ట్ చేసింది,0.0,తన ఫోటోలను క్రిస్టినా ఇన్న్టాగ్రామ్ధో పోస్ట్ చేసింది,0.0,తన ఫోటోలను క్రిస్టినా ఇన్వ్టాగ్రామ్తో పోస్ట్ చేసింది,0.0,తన ఫోటోలను క్రిస్టినా ఇన్వ్టాగ్రామ్తో పోస్ట్ చేసింది,0.0,తన ఫోటోలను క్రిస్టినా ఇన్చ్టాగ్రామ్ధో పోస్ట్ చేసింది
అయితే అప్పటికీ ఆమె కోపం చల్లారలేదు,0.0,అయితే అప్సటికీ ఆమె కోపం చల్గారలేదు,0.0,అయితే అప్వటికీ ఆమె కోపం చల్ధారలేదు,0.0,అయితే అప్సటికీ ఆమె కోపం చల్ధారలేదు,0.0,అయితే అప్సటికీ ఆమె కోపం చల్గారలేదు
ఆ తర్వాత ఏం జరిగిందో ఆమెకు తెలీదు,0.0,ఆ తర్సాత ఏం జరిగిందో ఆమెకు తెలీదు,0.0,ఆ తర్నాత ఏం జరిగిందో ఆమెకు తెలీదు,0.0,ఆ తర్యాత ఏం జరిగిందో ఆమెకు తెలీదు,0.0,ఆ తర్సాత ఏం జరిగిందో ఆమెకు తెలీదు
పిడిపితో కాంగ్రెస్ పొత్తు కుదుర్చుకుంటుందా,0.0,పిడిపితో కాంగ్రెస్ పొత్లు కుదుర్వుకుంటుందా,0.0,పిడిపితో కాంగ్రెస్ పొత్లు కుదుర్వుకుంటుందా,0.0,పిడిపితో కాంగ్రెస్ పొత్లు కుదుర్సుకుంటుందా,0.0,పిడిపితో కాంగ్రెస్ పొత్లు కుదుర్వుకుంటుందా
కొన్ని వారాల క్రితం ఈ చిత్రాన్ని అధికారికంగా లాంచ్ కూడా చేసారు,0.0,కొన్వి వారాల క్రితం ఈ చిత్రాన్పి అధికారికంగా లాంచ్ కూడా చేసారు,0.0,కొన్వి వారాల క్రితం ఈ చిత్రాన్వి అధికారికంగా లాంచ్ కూడా చేసారు,0.0,కొన్పి వారాల క్రితం ఈ చిత్రాన్పి అధికారికంగా లాంచ్ కూడా చేసారు,0.0,కొన్వి వారాల క్రితం ఈ చిత్రాన్పి అధికారికంగా లాంచ్ కూడా చేసారు
త్వరలోనే దీనికి సంబంధించిన ప్రకటన వస్తుంది,0.0,త్వరలోనే దీనికి సంబంధించిన ప్రకటన వస్లుంది,0.0,త్వరలోనే దీనికి సంబంధించిన ప్రకటన వస్లుంది,0.0,త్వరలోనే దీనికి సంబంధించిన ప్రకటన వస్లుంది,0.0,త్వరలోనే దీనికి సంబంధించిన ప్రకటన వస్లుంది
కానీ ఈ యంత్రం గురించి ఏకైక ఏమిటి,0.0,కానీ ఈ యంత్రం గురించి ఏకైక ఏమిటి,0.0,కానీ ఈ యంత్రం గురించి ఏకైక ఏమిటి,0.0,కానీ ఈ యంత్రం గురించి ఏకైక ఏమిటి,0.0,కానీ ఈ యంత్రం గురించి ఏకైక ఏమిటి
ఇది నాకు మూడో ఉద్యోగం,0.0,ఇది నాకు మూడో ఉద్యోగం,0.0,ఇది నాకు మూడో ఉద్యోగం,0.0,ఇది నాకు మూడో ఉద్యోగం,0.0,ఇది నాకు మూడో ఉద్యోగం
కానీ ఈలోపు అధిక రక్తస్రావంతో ఆమె అక్కడే కూలిపోయింది,0.0,కానీ ఈలోపు అధిక రక్లస్రావంతో ఆమె అక్కడే కూలిపోయింది,0.0,కానీ ఈలోపు అధిక రక్లస్రావంతో ఆమె అక్కడే కూలిపోయింది,0.0,కానీ ఈలోపు అధిక రక్లస్రావంతో ఆమె అక్కడే కూలిపోయింది,0.0,కానీ ఈలోపు అధిక రక్లస్రావంతో ఆమె అక్కడే కూలిపోయింది
ధర్మాసనంలో జస్టిస్ ఏకే సిక్రీ జస్టిస్ ఎస్ఏ బాబ్డే జస్టిస్ అశోక్ భూషణ్ ఉన్నారు,0.0,ధర్శాసనంలో జస్టిస్ ఏకే సిక్రీ జస్టిస్ ఎస్ఏ బాబ్దే జస్టిస్ అశోక్ భూషణ్ ఉన్వారు,0.0,ధర్శాసనంలో జస్టిస్ ఏకే సిక్రీ జస్టిస్ ఎస్ఏ బాబ్ధే జస్టిస్ అశోక్ భూషణ్ ఉన్పారు,0.0,ధర్శాసనంలో జస్టిస్ ఏకే సిక్రీ జస్టిస్ ఎస్ఏ బాబ్ధే జస్టిస్ అశోక్ భూషణ్ ఉన్వారు,0.0,ధర్శాసనంలో జస్టిస్ ఏకే సిక్రీ జస్టిస్ ఎస్ఏ బాబ్ధే జస్టిస్ అశోక్ భూషణ్ ఉన్వారు
అన్ని తరువాత ఈ వారి పని,0.0,అన్వి తరువాత ఈ వారి పని,0.0,అన్పి తరువాత ఈ వారి పని,0.0,అన్వి తరువాత ఈ వారి పని,0.0,అన్పి తరువాత ఈ వారి పని
ఈ పోటీ రెండు జట్ల కోసం ఒక లాఠీ,0.0,ఈ పోటీ రెండు జట్ధ కోసం ఒక లాఠీ,0.0,ఈ పోటీ రెండు జట్గ కోసం ఒక లాఠీ,0.0,ఈ పోటీ రెండు జట్ధ కోసం ఒక లాఠీ,0.0,ఈ పోటీ రెండు జట్త కోసం ఒక లాఠీ
తయారీ సేవా,0.0,తయారీ సేవా,0.0,తయారీ సేవా,0.0,తయారీ సేవా,0.0,తయారీ సేవా
ముఖ్యంగా ఆడవాళ్లు అయితే మరి,0.0,ముఖ్యంగా ఆడవాళ్ధు అయితే మరి,0.0,ముఖ్యంగా ఆడవాళ్తు అయితే మరి,0.0,ముఖ్యంగా ఆడవాళ్తు అయితే మరి,0.0,ముఖ్యంగా ఆడవాళ్తు అయితే మరి
సెక్స్ బియాండ్,0.0,సెక్ప్ బియాండ్,0.0,సెక్చ్ బియాండ్,0.0,సెక్ప్ బియాండ్,0.0,సెక్న్ బియాండ్
రాహుల్గాంధీ కాంగ్రెస్ అధ్యక్షులు,0.0,రాహుల్ధాంధీ కాంగ్రెస్ అధ్యక్షులు,0.0,రాహుల్ధాంధీ కాంగ్రెస్ అధ్యక్షులు,0.0,రాహుల్ఠాంధీ కాంగ్రెస్ అధ్యక్షులు,0.0,రాహుల్ధాంధీ కాంగ్రెస్ అధ్యక్షులు
తుపాకీ లైసెన్స్ కలిగిన వ్యక్తే కాల్పులు జరిపినట్లు పోలీసులు భావిస్తున్నారు,0.0,తుపాకీ లైసెన్చ్ కలిగిన వ్యక్లే కాల్యులు జరిపినట్ధు పోలీసులు భావిస్లున్పారు,0.0,తుపాకీ లైసెన్న్ కలిగిన వ్యక్లే కాల్నులు జరిపినట్ధు పోలీసులు భావిస్లున్వారు,0.0,తుపాకీ లైసెన్వ్ కలిగిన వ్యక్లే కాల్నులు జరిపినట్ధు పోలీసులు భావిస్లున్వారు,0.0,తుపాకీ లైసెన్న్ కలిగిన వ్యక్లే కాల్నులు జరిపినట్ధు పోలీసులు భావిస్లున్వారు
సరే ఇక్కడ మేము వెళ్ళి,0.0,సరే ఇక్కడ మేము వెళ్ళి,0.0,సరే ఇక్కడ మేము వెళ్ళి,0.0,సరే ఇక్కడ మేము వెళ్ళి,0.0,సరే ఇక్కడ మేము వెళ్ళి
రాష్ట్రంలో శాంతిభద్రతలు చేజారిపోయాయన్నారు,0.0,రాష్ట్రంలో శాంతిభద్రతలు చేజారిపోయాయన్పారు,0.0,రాష్ట్రంలో శాంతిభద్రతలు చేజారిపోయాయన్పారు,0.0,రాష్ట్రంలో శాంతిభద్రతలు చేజారిపోయాయన్వారు,0.0,రాష్ట్రంలో శాంతిభద్రతలు చేజారిపోయాయన్వారు
ఆశాభావ వైఖరిని ఎలా కాపాడుకోవాలి అనే విషయం గురించి బైబిలు సమర్థమైన సలహా ఇస్తోంది,0.0,ఆశాభావ వైఖరిని ఎలా కాపాడుకోవాలి అనే విషయం గురించి బైబిలు సమర్థమైన సలహా ఇస్లోంది,0.0,ఆశాభావ వైఖరిని ఎలా కాపాడుకోవాలి అనే విషయం గురించి బైబిలు సమర్థమైన సలహా ఇస్లోంది,0.0,ఆశాభావ వైఖరిని ఎలా కాపాడుకోవాలి అనే విషయం గురించి బైబిలు సమర్థమైన సలహా ఇస్లోంది,0.0,ఆశాభావ వైఖరిని ఎలా కాపాడుకోవాలి అనే విషయం గురించి బైబిలు సమర్థమైన సలహా ఇస్లోంది
పోలీసులు ఆందోళనకారులను అదుపు చేయడానికి ప్రయత్నాలు చేశారు ఫలించలేదు అయినా వారు రచ్చబండను బహిష్కరించాలని డిమాండ్ చేశారు,0.0,పోలీసులు ఆందోళనకారులను అదుపు చేయడానికి ప్రయత్వాలు చేశారు ఫలించలేదు అయినా వారు రచ్వబండను బహిష్కరించాలని డిమాండ్ చేశారు,0.0,పోలీసులు ఆందోళనకారులను అదుపు చేయడానికి ప్రయత్పాలు చేశారు ఫలించలేదు అయినా వారు రచ్సబండను బహిష్కరించాలని డిమాండ్ చేశారు,0.0,పోలీసులు ఆందోళనకారులను అదుపు చేయడానికి ప్రయత్పాలు చేశారు ఫలించలేదు అయినా వారు రచ్వబండను బహిష్కరించాలని డిమాండ్ చేశారు,0.0,పోలీసులు ఆందోళనకారులను అదుపు చేయడానికి ప్రయత్పాలు చేశారు ఫలించలేదు అయినా వారు రచ్వబండను బహిష్కరించాలని డిమాండ్ చేశారు
ఈరోజు మహాత్మాగాంధీ లాల్ బహదూర్ శాస్త్రిల జయంతి,0.0,ఈరోజు మహాత్శాగాంధీ లాల్ బహదూర్ శాస్ల్రిల జయంతి,0.0,ఈరోజు మహాత్శాగాంధీ లాల్ బహదూర్ శాస్ల్రిల జయంతి,0.0,ఈరోజు మహాత్శాగాంధీ లాల్ బహదూర్ శాస్ల్రిల జయంతి,0.0,ఈరోజు మహాత్శాగాంధీ లాల్ బహదూర్ శాస్ల్రిల జయంతి
దీనికోసం వేల కోట్లు కేటాయిం చామని చెప్పింది,0.0,దీనికోసం వేల కోట్తు కేటాయిం చామని చెప్నింది,0.0,దీనికోసం వేల కోట్తు కేటాయిం చామని చెప్వింది,0.0,దీనికోసం వేల కోట్ధు కేటాయిం చామని చెప్నింది,0.0,దీనికోసం వేల కోట్గు కేటాయిం చామని చెప్యింది
ఈ పరిణామంతో లె,0.0,ఈ పరిణామంతో లె,0.0,ఈ పరిణామంతో లె,0.0,ఈ పరిణామంతో లె,0.0,ఈ పరిణామంతో లె
అంటే ఉండదు,0.0,అంటే ఉండదు,0.0,అంటే ఉండదు,0.0,అంటే ఉండదు,0.0,అంటే ఉండదు
గోల్డెన్ ఐదు,0.0,గోల్ధెన్ ఐదు,0.0,గోల్ధెన్ ఐదు,0.0,గోల్దెన్ ఐదు,0.0,గోల్దెన్ ఐదు
ఇది వన్డే చరిత్రలో అత్యధిక పరుగుల భాగస్వామ్యంలో రెండోది,0.0,ఇది వన్ధే చరిత్రలో అత్యధిక పరుగుల భాగస్సామ్యంలో రెండోది,0.0,ఇది వన్ధే చరిత్రలో అత్యధిక పరుగుల భాగస్యామ్యంలో రెండోది,0.0,ఇది వన్ధే చరిత్రలో అత్యధిక పరుగుల భాగస్యామ్యంలో రెండోది,0.0,ఇది వన్ధే చరిత్రలో అత్యధిక పరుగుల భాగస్పామ్యంలో రెండోది
గిరిజన నృత్యోత్సవంలో రాహుల్ గాంధీ డ్యాన్స్,0.0,గిరిజన నృత్యోత్పవంలో రాహుల్ గాంధీ డ్యాన్వ్,0.0,గిరిజన నృత్యోత్చవంలో రాహుల్ గాంధీ డ్యాన్వ్,0.0,గిరిజన నృత్యోత్నవంలో రాహుల్ గాంధీ డ్యాన్చ్,0.0,గిరిజన నృత్యోత్నవంలో రాహుల్ గాంధీ డ్యాన్ప్
శవాన్ని పోస్టుమార్టం నిమిత్తం బాన్సువాడ ఆసుపత్రికి తరలించామన్నారు,0.0,శవాన్పి పోస్టుమార్టం నిమిత్లం బాన్నువాడ ఆసుపత్రికి తరలించామన్పారు,0.0,శవాన్పి పోస్టుమార్టం నిమిత్లం బాన్చువాడ ఆసుపత్రికి తరలించామన్వారు,0.0,శవాన్పి పోస్టుమార్టం నిమిత్లం బాన్పువాడ ఆసుపత్రికి తరలించామన్వారు,0.0,శవాన్పి పోస్టుమార్టం నిమిత్లం బాన్నువాడ ఆసుపత్రికి తరలించామన్పారు
ంట్లో ఒకలా,0.0,ంట్ధో ఒకలా,0.0,ంట్గో ఒకలా,0.0,ంట్గో ఒకలా,0.0,ంట్గో ఒకలా
భాయీ దూజ్ సందర్భంగా ప్రజలకు శుభాకాంక్షలు తెలిపిన ప్రధాన మంత్రి,0.0,భాయీ దూజ్ సందర్భంగా ప్రజలకు శుభాకాంక్షలు తెలిపిన ప్రధాన మంత్రి,0.0,భాయీ దూజ్ సందర్భంగా ప్రజలకు శుభాకాంక్షలు తెలిపిన ప్రధాన మంత్రి,0.0,భాయీ దూజ్ సందర్భంగా ప్రజలకు శుభాకాంక్షలు తెలిపిన ప్రధాన మంత్రి,0.0,భాయీ దూజ్ సందర్భంగా ప్రజలకు శుభాకాంక్షలు తెలిపిన ప్రధాన మంత్రి
ఈ వైరస్ వల్ల ఇప్పటిదాకా ఒక్కరే మరణించారు,0.0,ఈ వైరస్ వల్త ఇప్సటిదాకా ఒక్కరే మరణించారు,0.0,ఈ వైరస్ వల్ధ ఇప్నటిదాకా ఒక్కరే మరణించారు,0.0,ఈ వైరస్ వల్త ఇప్నటిదాకా ఒక్కరే మరణించారు,0.0,ఈ వైరస్ వల్గ ఇప్యటిదాకా ఒక్కరే మరణించారు
అప్పుడు భగవంతుని అనుగ్రహం పొందడానికి మట్టితో శివలింగమును తయారు చేసి పూజిస్తాడు,0.0,అప్యుడు భగవంతుని అనుగ్రహం పొందడానికి మట్టితో శివలింగమును తయారు చేసి పూజిస్లాడు,0.0,అప్వుడు భగవంతుని అనుగ్రహం పొందడానికి మట్టితో శివలింగమును తయారు చేసి పూజిస్లాడు,0.0,అప్నుడు భగవంతుని అనుగ్రహం పొందడానికి మట్టితో శివలింగమును తయారు చేసి పూజిస్లాడు,0.0,అప్నుడు భగవంతుని అనుగ్రహం పొందడానికి మట్టితో శివలింగమును తయారు చేసి పూజిస్లాడు
ఈ వ్యవహారం పెద్ద దుమ్మరంగా మారుతోంది,0.0,ఈ వ్యవహారం పెద్డ దుమ్శరంగా మారుతోంది,0.0,ఈ వ్యవహారం పెద్ధ దుమ్శరంగా మారుతోంది,0.0,ఈ వ్యవహారం పెద్డ దుమ్శరంగా మారుతోంది,0.0,ఈ వ్యవహారం పెద్ధ దుమ్శరంగా మారుతోంది
తొలి ఇన్నింగ్స్లో ఓపెనర్ రోహిత్ శర్మ రన్స్ చేసి ఔటయ్యాడు,0.0,తొలి ఇన్వింగ్వ్తో ఓపెనర్ రోహిత్ శర్శ రన్న్ చేసి ఔటయ్యాడు,0.0,తొలి ఇన్వింగ్ప్ధో ఓపెనర్ రోహిత్ శర్శ రన్న్ చేసి ఔటయ్యాడు,0.0,తొలి ఇన్వింగ్ప్గో ఓపెనర్ రోహిత్ శర్శ రన్ప్ చేసి ఔటయ్యాడు,0.0,తొలి ఇన్వింగ్చ్గో ఓపెనర్ రోహిత్ శర్శ రన్ప్ చేసి ఔటయ్యాడు
వేల కోట్లకు అటూ ఇటుగా ఉండేది,0.0,వేల కోట్గకు అటూ ఇటుగా ఉండేది,0.0,వేల కోట్గకు అటూ ఇటుగా ఉండేది,0.0,వేల కోట్గకు అటూ ఇటుగా ఉండేది,0.0,వేల కోట్గకు అటూ ఇటుగా ఉండేది
వ్యూహపు రెండు కొనలను భీమార్జునులు రక్షిస్తున్నారు,0.0,వ్యూహపు రెండు కొనలను భీమార్జునులు రక్షిస్లున్వారు,0.0,వ్యూహపు రెండు కొనలను భీమార్జునులు రక్షిస్లున్వారు,0.0,వ్యూహపు రెండు కొనలను భీమార్జునులు రక్షిస్లున్పారు,0.0,వ్యూహపు రెండు కొనలను భీమార్జునులు రక్షిస్లున్పారు
లక్షలు విరాళం ఇచ్చారు,0.0,లక్షలు విరాళం ఇచ్వారు,0.0,లక్షలు విరాళం ఇచ్సారు,0.0,లక్షలు విరాళం ఇచ్సారు,0.0,లక్షలు విరాళం ఇచ్సారు
బహుశా అది జరగలేదు,0.0,బహుశా అది జరగలేదు,0.0,బహుశా అది జరగలేదు,0.0,బహుశా అది జరగలేదు,0.0,బహుశా అది జరగలేదు
సాయుధ సమరం,0.0,సాయుధ సమరం,0.0,సాయుధ సమరం,0.0,సాయుధ సమరం,0.0,సాయుధ సమరం
నాలుగు స్థావరాల,0.0,నాలుగు స్థావరాల,0.0,నాలుగు స్థావరాల,0.0,నాలుగు స్థావరాల,0.0,నాలుగు స్థావరాల
ఈ చిత్రం మొదటి షెడ్యూల్ కూడా పూర్తి చేసుకుంది,0.0,ఈ చిత్రం మొదటి షెడ్యూల్ కూడా పూర్లి చేసుకుంది,0.0,ఈ చిత్రం మొదటి షెడ్యూల్ కూడా పూర్లి చేసుకుంది,0.0,ఈ చిత్రం మొదటి షెడ్యూల్ కూడా పూర్లి చేసుకుంది,0.0,ఈ చిత్రం మొదటి షెడ్యూల్ కూడా పూర్లి చేసుకుంది
ఇప్పుడు యిన్ యిన్ కు అనుసంధానం అయింది కాబట్టి యొక్క పరిమితులు డెల్టా ఎల్ గా ఉంటుంది,0.0,ఇప్వుడు యిన్ యిన్ కు అనుసంధానం అయింది కాబట్టి యొక్క పరిమితులు డెల్టా ఎల్ గా ఉంటుంది,0.0,ఇప్వుడు యిన్ యిన్ కు అనుసంధానం అయింది కాబట్టి యొక్క పరిమితులు డెల్టా ఎల్ గా ఉంటుంది,0.0,ఇప్నుడు యిన్ యిన్ కు అనుసంధానం అయింది కాబట్టి యొక్క పరిమితులు డెల్టా ఎల్ గా ఉంటుంది,0.0,ఇప్సుడు యిన్ యిన్ కు అనుసంధానం అయింది కాబట్టి యొక్క పరిమితులు డెల్టా ఎల్ గా ఉంటుంది
రాష్ట్రంలోని శివసేన కాంగ్రెస్ఎన్సీపీ జట్టు కట్టి కూటమి ప్రభుత్వాన్ని ఏర్పాటు చేసేందుకు పావులు కదుపుతున్నాయి,0.0,రాష్ట్రంలోని శివసేన కాంగ్రెస్ఎన్నీపీ జట్టు కట్టి కూటమి ప్రభుత్యాన్పి ఏర్నాటు చేసేందుకు పావులు కదుపుతున్వాయి,0.0,రాష్ట్రంలోని శివసేన కాంగ్రెస్ఎన్పీపీ జట్టు కట్టి కూటమి ప్రభుత్యాన్పి ఏర్సాటు చేసేందుకు పావులు కదుపుతున్వాయి,0.0,రాష్ట్రంలోని శివసేన కాంగ్రెస్ఎన్చీపీ జట్టు కట్టి కూటమి ప్రభుత్నాన్పి ఏర్సాటు చేసేందుకు పావులు కదుపుతున్వాయి,0.0,రాష్ట్రంలోని శివసేన కాంగ్రెస్ఎన్పీపీ జట్టు కట్టి కూటమి ప్రభుత్సాన్వి ఏర్సాటు చేసేందుకు పావులు కదుపుతున్పాయి
ఏపీ వ్యవసాయ శాఖ మంత్రి సోమిరెడ్డి చంద్రమోహన్రెడ్డి లేచిన గడియ బాగుంది,0.0,ఏపీ వ్యవసాయ శాఖ మంత్రి సోమిరెడ్ధి చంద్రమోహన్రెడ్ధి లేచిన గడియ బాగుంది,0.0,ఏపీ వ్యవసాయ శాఖ మంత్రి సోమిరెడ్ధి చంద్రమోహన్రెడ్ది లేచిన గడియ బాగుంది,0.0,ఏపీ వ్యవసాయ శాఖ మంత్రి సోమిరెడ్ధి చంద్రమోహన్రెడ్ధి లేచిన గడియ బాగుంది,0.0,ఏపీ వ్యవసాయ శాఖ మంత్రి సోమిరెడ్ధి చంద్రమోహన్రెడ్ది లేచిన గడియ బాగుంది
తగ్గించకముందు ఇది రూ,0.0,తగ్ధించకముందు ఇది రూ,0.0,తగ్ధించకముందు ఇది రూ,0.0,తగ్ఠించకముందు ఇది రూ,0.0,తగ్ఠించకముందు ఇది రూ
నానా పటేకర్ స్థానంలో అనిల్ కపూర్,0.0,నానా పటేకర్ స్థానంలో అనిల్ కపూర్,0.0,నానా పటేకర్ స్థానంలో అనిల్ కపూర్,0.0,నానా పటేకర్ స్థానంలో అనిల్ కపూర్,0.0,నానా పటేకర్ స్థానంలో అనిల్ కపూర్
తన భవిష్యత్ ప్రణాళికలపై కూడా పూర్తి స్పష్టత ఇచ్చాడు,0.0,తన భవిష్యత్ ప్రణాళికలపై కూడా పూర్లి స్యష్టత ఇచ్సాడు,0.0,తన భవిష్యత్ ప్రణాళికలపై కూడా పూర్లి స్నష్టత ఇచ్సాడు,0.0,తన భవిష్యత్ ప్రణాళికలపై కూడా పూర్లి స్వష్టత ఇచ్సాడు,0.0,తన భవిష్యత్ ప్రణాళికలపై కూడా పూర్లి స్వష్టత ఇచ్వాడు
గ్యాలరీ సారము లేకుండా సేవిక స్పందనను యిచ్చింది,0.0,గ్యాలరీ సారము లేకుండా సేవిక స్సందనను యిచ్సింది,0.0,గ్యాలరీ సారము లేకుండా సేవిక స్యందనను యిచ్వింది,0.0,గ్యాలరీ సారము లేకుండా సేవిక స్సందనను యిచ్సింది,0.0,గ్యాలరీ సారము లేకుండా సేవిక స్నందనను యిచ్సింది
తెలంగాణలోని పార్లమెంట్ స్థానాలు ఏపీలోని అసెంబ్లీ పార్లమెంట్ నియోజకవర్గాలకు సంబంధించిన అప్డేట్స్ ఎప్పటికప్పుడు మీకందిస్తాం,0.0,తెలంగాణలోని పార్ధమెంట్ స్థానాలు ఏపీలోని అసెంబ్గీ పార్తమెంట్ నియోజకవర్లాలకు సంబంధించిన అప్దేట్వ్ ఎప్వటికప్వుడు మీకందిస్లాం,0.0,తెలంగాణలోని పార్గమెంట్ స్థానాలు ఏపీలోని అసెంబ్గీ పార్ధమెంట్ నియోజకవర్ధాలకు సంబంధించిన అప్ధేట్చ్ ఎప్యటికప్వుడు మీకందిస్లాం,0.0,తెలంగాణలోని పార్తమెంట్ స్థానాలు ఏపీలోని అసెంబ్గీ పార్తమెంట్ నియోజకవర్ధాలకు సంబంధించిన అప్దేట్న్ ఎప్వటికప్సుడు మీకందిస్లాం,0.0,తెలంగాణలోని పార్ధమెంట్ స్థానాలు ఏపీలోని అసెంబ్తీ పార్గమెంట్ నియోజకవర్ఠాలకు సంబంధించిన అప్దేట్ప్ ఎప్వటికప్సుడు మీకందిస్లాం
అంతేకాకుండా విస్తృత శ్రేణిలో కీటకాలను కూడా ఇక్కడ చూడవచ్చు,0.0,అంతేకాకుండా విస్లృత శ్రేణిలో కీటకాలను కూడా ఇక్కడ చూడవచ్వు,0.0,అంతేకాకుండా విస్లృత శ్రేణిలో కీటకాలను కూడా ఇక్కడ చూడవచ్వు,0.0,అంతేకాకుండా విస్లృత శ్రేణిలో కీటకాలను కూడా ఇక్కడ చూడవచ్సు,0.0,అంతేకాకుండా విస్లృత శ్రేణిలో కీటకాలను కూడా ఇక్కడ చూడవచ్సు
ఇండియాలోనూ కేరళలో మొట్టమొదటి కరోనా వైరస్ కేసు బయటపడింది,0.0,ఇండియాలోనూ కేరళలో మొట్టమొదటి కరోనా వైరస్ కేసు బయటపడింది,0.0,ఇండియాలోనూ కేరళలో మొట్టమొదటి కరోనా వైరస్ కేసు బయటపడింది,0.0,ఇండియాలోనూ కేరళలో మొట్టమొదటి కరోనా వైరస్ కేసు బయటపడింది,0.0,ఇండియాలోనూ కేరళలో మొట్టమొదటి కరోనా వైరస్ కేసు బయటపడింది
లేదంటే ఆమెపై లీగల్ చర్యలు తీసుకుంటాం అని అన్నారు,0.0,లేదంటే ఆమెపై లీగల్ చర్యలు తీసుకుంటాం అని అన్పారు,0.0,లేదంటే ఆమెపై లీగల్ చర్యలు తీసుకుంటాం అని అన్వారు,0.0,లేదంటే ఆమెపై లీగల్ చర్యలు తీసుకుంటాం అని అన్వారు,0.0,లేదంటే ఆమెపై లీగల్ చర్యలు తీసుకుంటాం అని అన్పారు
అది తగిలితే దురద పుడుతుంది,0.0,అది తగిలితే దురద పుడుతుంది,0.0,అది తగిలితే దురద పుడుతుంది,0.0,అది తగిలితే దురద పుడుతుంది,0.0,అది తగిలితే దురద పుడుతుంది
స్థానిక ఆటోమొబైల్ అమ్మకాలు మొత్తం మిలియన్ యూనిట్లకు చేరుకున్నాయి,0.0,స్థానిక ఆటోమొబైల్ అమ్శకాలు మొత్లం మిలియన్ యూనిట్ధకు చేరుకున్వాయి,0.0,స్థానిక ఆటోమొబైల్ అమ్శకాలు మొత్లం మిలియన్ యూనిట్తకు చేరుకున్పాయి,0.0,స్థానిక ఆటోమొబైల్ అమ్శకాలు మొత్లం మిలియన్ యూనిట్తకు చేరుకున్పాయి,0.0,స్థానిక ఆటోమొబైల్ అమ్శకాలు మొత్లం మిలియన్ యూనిట్ధకు చేరుకున్వాయి
ఆర్జేడీ చీఫ్ లాలు ప్రసాద్కు ఆయన అత్యంత విశ్వాసపాత్రుడు,0.0,ఆర్జేడీ చీఫ్ లాలు ప్రసాద్కు ఆయన అత్యంత విశ్యాసపాత్రుడు,0.0,ఆర్జేడీ చీఫ్ లాలు ప్రసాద్కు ఆయన అత్యంత విశ్పాసపాత్రుడు,0.0,ఆర్జేడీ చీఫ్ లాలు ప్రసాద్కు ఆయన అత్యంత విశ్నాసపాత్రుడు,0.0,ఆర్జేడీ చీఫ్ లాలు ప్రసాద్కు ఆయన అత్యంత విశ్చాసపాత్రుడు
విద్యార్థులు తమ హాల్టికెట్ను జాగ్రత్తగా భద్రపరచుకోవాలి,0.0,విద్యార్థులు తమ హాల్టికెట్పు జాగ్రత్లగా భద్రపరచుకోవాలి,0.0,విద్యార్థులు తమ హాల్టికెట్పు జాగ్రత్లగా భద్రపరచుకోవాలి,0.0,విద్యార్థులు తమ హాల్టికెట్వు జాగ్రత్లగా భద్రపరచుకోవాలి,0.0,విద్యార్థులు తమ హాల్టికెట్వు జాగ్రత్లగా భద్రపరచుకోవాలి
ఉదాహరణకు అల్గోరిథమిక్ లోపాలు,0.0,ఉదాహరణకు అల్ఠోరిథమిక్ లోపాలు,0.0,ఉదాహరణకు అల్ధోరిథమిక్ లోపాలు,0.0,ఉదాహరణకు అల్ధోరిథమిక్ లోపాలు,0.0,ఉదాహరణకు అల్లోరిథమిక్ లోపాలు
ఈ కార్యక్రమంలో ప్రధాని నరేంద్ర మోడీ అమెరికా అధ్యక్షుడు డొనాల్డ్ ట్రంప్ తమ ప్రసంగాలతో అందర్నీ ఆకట్టుకున్నారు,0.0,ఈ కార్యక్రమంలో ప్రధాని నరేంద్ర మోడీ అమెరికా అధ్యక్షుడు డొనాల్ద్ ట్రంప్ తమ ప్రసంగాలతో అందర్వీ ఆకట్టుకున్వారు,0.0,ఈ కార్యక్రమంలో ప్రధాని నరేంద్ర మోడీ అమెరికా అధ్యక్షుడు డొనాల్ధ్ ట్రంప్ తమ ప్రసంగాలతో అందర్వీ ఆకట్టుకున్పారు,0.0,ఈ కార్యక్రమంలో ప్రధాని నరేంద్ర మోడీ అమెరికా అధ్యక్షుడు డొనాల్ధ్ ట్రంప్ తమ ప్రసంగాలతో అందర్వీ ఆకట్టుకున్పారు,0.0,ఈ కార్యక్రమంలో ప్రధాని నరేంద్ర మోడీ అమెరికా అధ్యక్షుడు డొనాల్ధ్ ట్రంప్ తమ ప్రసంగాలతో అందర్వీ ఆకట్టుకున్వారు
మొదటి ఇంటికి చేరుకున్నాక ఇంటి యజమానిని పిలువడానికి బెన్ శక్తినంతా ఉపయోగించి చప్పట్లు కొడతాడు,0.0,మొదటి ఇంటికి చేరుకున్వాక ఇంటి యజమానిని పిలువడానికి బెన్ శక్లినంతా ఉపయోగించి చప్సట్గు కొడతాడు,0.0,మొదటి ఇంటికి చేరుకున్పాక ఇంటి యజమానిని పిలువడానికి బెన్ శక్లినంతా ఉపయోగించి చప్సట్ధు కొడతాడు,0.0,మొదటి ఇంటికి చేరుకున్వాక ఇంటి యజమానిని పిలువడానికి బెన్ శక్లినంతా ఉపయోగించి చప్వట్తు కొడతాడు,0.0,మొదటి ఇంటికి చేరుకున్పాక ఇంటి యజమానిని పిలువడానికి బెన్ శక్లినంతా ఉపయోగించి చప్నట్గు కొడతాడు
ఇది అద్భుతమైన విజయాన్ని సాధించింది,0.0,ఇది అద్భుతమైన విజయాన్పి సాధించింది,0.0,ఇది అద్భుతమైన విజయాన్వి సాధించింది,0.0,ఇది అద్భుతమైన విజయాన్పి సాధించింది,0.0,ఇది అద్భుతమైన విజయాన్పి సాధించింది
పలువురు రాజకీయ పారిశ్రామిక సినీ వర్గాల ప్రముఖులు ఈ కార్యక్రమానికి హాజరయ్యారు,0.0,పలువురు రాజకీయ పారిశ్రామిక సినీ వర్ధాల ప్రముఖులు ఈ కార్యక్రమానికి హాజరయ్యారు,0.0,పలువురు రాజకీయ పారిశ్రామిక సినీ వర్ఠాల ప్రముఖులు ఈ కార్యక్రమానికి హాజరయ్యారు,0.0,పలువురు రాజకీయ పారిశ్రామిక సినీ వర్ఠాల ప్రముఖులు ఈ కార్యక్రమానికి హాజరయ్యారు,0.0,పలువురు రాజకీయ పారిశ్రామిక సినీ వర్లాల ప్రముఖులు ఈ కార్యక్రమానికి హాజరయ్యారు
ఇక్కడ అనేక ఆధ్యాత్మిక సాంస్కృతిక కార్యక్రమాలు జరుగుతుంటాయి,0.0,ఇక్కడ అనేక ఆధ్యాత్శిక సాంస్కృతిక కార్యక్రమాలు జరుగుతుంటాయి,0.0,ఇక్కడ అనేక ఆధ్యాత్శిక సాంస్కృతిక కార్యక్రమాలు జరుగుతుంటాయి,0.0,ఇక్కడ అనేక ఆధ్యాత్శిక సాంస్కృతిక కార్యక్రమాలు జరుగుతుంటాయి,0.0,ఇక్కడ అనేక ఆధ్యాత్శిక సాంస్కృతిక కార్యక్రమాలు జరుగుతుంటాయి
ప్రపంచ మార్కెట్,0.0,ప్రపంచ మార్కెట్,0.0,ప్రపంచ మార్కెట్,0.0,ప్రపంచ మార్కెట్,0.0,ప్రపంచ మార్కెట్
చంద్రబాబుపై ఆయన ప్రభుత్వంపై పవన్ కల్యాణ్ ఇటీవల ఘాటైన విమర్శలు చేస్తున్నారు,0.0,చంద్రబాబుపై ఆయన ప్రభుత్నంపై పవన్ కల్యాణ్ ఇటీవల ఘాటైన విమర్మలు చేస్లున్వారు,0.0,చంద్రబాబుపై ఆయన ప్రభుత్సంపై పవన్ కల్యాణ్ ఇటీవల ఘాటైన విమర్మలు చేస్లున్వారు,0.0,చంద్రబాబుపై ఆయన ప్రభుత్యంపై పవన్ కల్యాణ్ ఇటీవల ఘాటైన విమర్మలు చేస్లున్పారు,0.0,చంద్రబాబుపై ఆయన ప్రభుత్నంపై పవన్ కల్యాణ్ ఇటీవల ఘాటైన విమర్మలు చేస్లున్పారు
ఈ బృహత్తర కార్యక్రమానికి సుమారు రూ,0.0,ఈ బృహత్లర కార్యక్రమానికి సుమారు రూ,0.0,ఈ బృహత్లర కార్యక్రమానికి సుమారు రూ,0.0,ఈ బృహత్లర కార్యక్రమానికి సుమారు రూ,0.0,ఈ బృహత్లర కార్యక్రమానికి సుమారు రూ
కానీ అది జలసీ అంతే,0.0,కానీ అది జలసీ అంతే,0.0,కానీ అది జలసీ అంతే,0.0,కానీ అది జలసీ అంతే,0.0,కానీ అది జలసీ అంతే
మరికొంత మందికి గాయాలయ్యాయి,0.0,మరికొంత మందికి గాయాలయ్యాయి,0.0,మరికొంత మందికి గాయాలయ్యాయి,0.0,మరికొంత మందికి గాయాలయ్యాయి,0.0,మరికొంత మందికి గాయాలయ్యాయి
జిల్లా సమావేశాలు,0.0,జిల్ధా సమావేశాలు,0.0,జిల్తా సమావేశాలు,0.0,జిల్గా సమావేశాలు,0.0,జిల్ధా సమావేశాలు
పోలింగ్ రోజే ఓట్ల లెక్కింపు,0.0,పోలింగ్ రోజే ఓట్ధ లెక్కింపు,0.0,పోలింగ్ రోజే ఓట్గ లెక్కింపు,0.0,పోలింగ్ రోజే ఓట్త లెక్కింపు,0.0,పోలింగ్ రోజే ఓట్గ లెక్కింపు
అనే రొమాంటిక్ కామెడీ సినిమా చేసాడు,0.0,అనే రొమాంటిక్ కామెడీ సినిమా చేసాడు,0.0,అనే రొమాంటిక్ కామెడీ సినిమా చేసాడు,0.0,అనే రొమాంటిక్ కామెడీ సినిమా చేసాడు,0.0,అనే రొమాంటిక్ కామెడీ సినిమా చేసాడు
మొత్తం చిత్ర బృందానికి ఆల్ ది బెస్ట్ అని తెలిపారు,0.0,మొత్లం చిత్ర బృందానికి ఆల్ ది బెస్ట్ అని తెలిపారు,0.0,మొత్లం చిత్ర బృందానికి ఆల్ ది బెస్ట్ అని తెలిపారు,0.0,మొత్లం చిత్ర బృందానికి ఆల్ ది బెస్ట్ అని తెలిపారు,0.0,మొత్లం చిత్ర బృందానికి ఆల్ ది బెస్ట్ అని తెలిపారు
దీంతో చేసేదేమి లేక పోలీసులు నిందితుడ్ని అరెస్ట్ చేశారు,0.0,దీంతో చేసేదేమి లేక పోలీసులు నిందితుడ్పి అరెస్ట్ చేశారు,0.0,దీంతో చేసేదేమి లేక పోలీసులు నిందితుడ్వి అరెస్ట్ చేశారు,0.0,దీంతో చేసేదేమి లేక పోలీసులు నిందితుడ్వి అరెస్ట్ చేశారు,0.0,దీంతో చేసేదేమి లేక పోలీసులు నిందితుడ్వి అరెస్ట్ చేశారు
కానీ ఆ కోరిక తీరలేదు,0.0,కానీ ఆ కోరిక తీరలేదు,0.0,కానీ ఆ కోరిక తీరలేదు,0.0,కానీ ఆ కోరిక తీరలేదు,0.0,కానీ ఆ కోరిక తీరలేదు
మృతుల్లో మందిది ఒకే కుటుంబం,0.0,మృతుల్తో మందిది ఒకే కుటుంబం,0.0,మృతుల్తో మందిది ఒకే కుటుంబం,0.0,మృతుల్గో మందిది ఒకే కుటుంబం,0.0,మృతుల్తో మందిది ఒకే కుటుంబం
ప్రారంభించబడింది,0.0,ప్రారంభించబడింది,0.0,ప్రారంభించబడింది,0.0,ప్రారంభించబడింది,0.0,ప్రారంభించబడింది
కార్పొరేషన్లు కంపెనీలు సంఘాలు,0.0,కార్యొరేషన్తు కంపెనీలు సంఘాలు,0.0,కార్వొరేషన్ధు కంపెనీలు సంఘాలు,0.0,కార్నొరేషన్గు కంపెనీలు సంఘాలు,0.0,కార్నొరేషన్గు కంపెనీలు సంఘాలు
ఆ వార్తలన్నీ పుకార్లే అని ప్రకటించారు,0.0,ఆ వార్లలన్పీ పుకార్తే అని ప్రకటించారు,0.0,ఆ వార్లలన్పీ పుకార్తే అని ప్రకటించారు,0.0,ఆ వార్లలన్పీ పుకార్ధే అని ప్రకటించారు,0.0,ఆ వార్లలన్వీ పుకార్తే అని ప్రకటించారు
భారత సభ్యులతో కూడిన ప్రాంతీయ మండళ్లను ఏర్పాటు చేశారు,0.0,భారత సభ్యులతో కూడిన ప్రాంతీయ మండళ్తను ఏర్వాటు చేశారు,0.0,భారత సభ్యులతో కూడిన ప్రాంతీయ మండళ్ధను ఏర్యాటు చేశారు,0.0,భారత సభ్యులతో కూడిన ప్రాంతీయ మండళ్గను ఏర్సాటు చేశారు,0.0,భారత సభ్యులతో కూడిన ప్రాంతీయ మండళ్గను ఏర్సాటు చేశారు
అన్నారు రామచంద్రం,0.0,అన్వారు రామచంద్రం,0.0,అన్పారు రామచంద్రం,0.0,అన్పారు రామచంద్రం,0.0,అన్వారు రామచంద్రం
గ్రామములయందు పన్నులు వసూలు చేయడానికి కరణము అను అధికారి ఉండేవాడు,0.0,గ్రామములయందు పన్పులు వసూలు చేయడానికి కరణము అను అధికారి ఉండేవాడు,0.0,గ్రామములయందు పన్వులు వసూలు చేయడానికి కరణము అను అధికారి ఉండేవాడు,0.0,గ్రామములయందు పన్వులు వసూలు చేయడానికి కరణము అను అధికారి ఉండేవాడు,0.0,గ్రామములయందు పన్వులు వసూలు చేయడానికి కరణము అను అధికారి ఉండేవాడు
అమెరికా వ అధ్యక్షుడు అబ్రహాం లింకన్ ప్రభువుకు సాధారణ ప్రజలంటే చాలా ఇష్టం,0.0,అమెరికా వ అధ్యక్షుడు అబ్రహాం లింకన్ ప్రభువుకు సాధారణ ప్రజలంటే చాలా ఇష్టం,0.0,అమెరికా వ అధ్యక్షుడు అబ్రహాం లింకన్ ప్రభువుకు సాధారణ ప్రజలంటే చాలా ఇష్టం,0.0,అమెరికా వ అధ్యక్షుడు అబ్రహాం లింకన్ ప్రభువుకు సాధారణ ప్రజలంటే చాలా ఇష్టం,0.0,అమెరికా వ అధ్యక్షుడు అబ్రహాం లింకన్ ప్రభువుకు సాధారణ ప్రజలంటే చాలా ఇష్టం
ఎముకలను బలంగా ఉంచగలదు,0.0,ఎముకలను బలంగా ఉంచగలదు,0.0,ఎముకలను బలంగా ఉంచగలదు,0.0,ఎముకలను బలంగా ఉంచగలదు,0.0,ఎముకలను బలంగా ఉంచగలదు
హీరో మోటోకార్ప్ విపణిలో స్ల్పెండర్ భారతదేశపు అత్యధికంగా అమ్ముడయ్యే మోటార్ సైకిల్ అయితే ప్యాసన్ బ్రాండ్ రెండవ స్థానంలో నిలిచింది,0.0,హీరో మోటోకార్య్ విపణిలో స్త్యెండర్ భారతదేశపు అత్యధికంగా అమ్శుడయ్యే మోటార్ సైకిల్ అయితే ప్యాసన్ బ్రాండ్ రెండవ స్థానంలో నిలిచింది,0.0,హీరో మోటోకార్వ్ విపణిలో స్త్నెండర్ భారతదేశపు అత్యధికంగా అమ్శుడయ్యే మోటార్ సైకిల్ అయితే ప్యాసన్ బ్రాండ్ రెండవ స్థానంలో నిలిచింది,0.0,హీరో మోటోకార్న్ విపణిలో స్గ్వెండర్ భారతదేశపు అత్యధికంగా అమ్శుడయ్యే మోటార్ సైకిల్ అయితే ప్యాసన్ బ్రాండ్ రెండవ స్థానంలో నిలిచింది,0.0,హీరో మోటోకార్న్ విపణిలో స్ధ్యెండర్ భారతదేశపు అత్యధికంగా అమ్శుడయ్యే మోటార్ సైకిల్ అయితే ప్యాసన్ బ్రాండ్ రెండవ స్థానంలో నిలిచింది
గీతాంజలిని కూడా వదలని బాలీవుడ్,0.0,గీతాంజలిని కూడా వదలని బాలీవుడ్,0.0,గీతాంజలిని కూడా వదలని బాలీవుడ్,0.0,గీతాంజలిని కూడా వదలని బాలీవుడ్,0.0,గీతాంజలిని కూడా వదలని బాలీవుడ్
అన్నది తెర మీద చూసి తెలుసుకోవచ్చు,0.0,అన్వది తెర మీద చూసి తెలుసుకోవచ్వు,0.0,అన్పది తెర మీద చూసి తెలుసుకోవచ్వు,0.0,అన్పది తెర మీద చూసి తెలుసుకోవచ్సు,0.0,అన్వది తెర మీద చూసి తెలుసుకోవచ్వు
ఈ మూడింటిని మెత్తని పొడిగా చేసుకొని ఒక సీసాలో నిల్వ చేసుకోవాలి,0.0,ఈ మూడింటిని మెత్లని పొడిగా చేసుకొని ఒక సీసాలో నిల్య చేసుకోవాలి,0.0,ఈ మూడింటిని మెత్లని పొడిగా చేసుకొని ఒక సీసాలో నిల్ప చేసుకోవాలి,0.0,ఈ మూడింటిని మెత్లని పొడిగా చేసుకొని ఒక సీసాలో నిల్చ చేసుకోవాలి,0.0,ఈ మూడింటిని మెత్లని పొడిగా చేసుకొని ఒక సీసాలో నిల్స చేసుకోవాలి
పరీక్షా కేంద్రంలోకి ఒకసారి వెళ్లిన అభ్యర్థిని పరీక్ష పూర్తయ్యే వరకు బయటకు రానివ్వరు,0.0,పరీక్షా కేంద్రంలోకి ఒకసారి వెళ్ధిన అభ్యర్థిని పరీక్ష పూర్లయ్యే వరకు బయటకు రానివ్చరు,0.0,పరీక్షా కేంద్రంలోకి ఒకసారి వెళ్తిన అభ్యర్థిని పరీక్ష పూర్లయ్యే వరకు బయటకు రానివ్చరు,0.0,పరీక్షా కేంద్రంలోకి ఒకసారి వెళ్గిన అభ్యర్థిని పరీక్ష పూర్లయ్యే వరకు బయటకు రానివ్యరు,0.0,పరీక్షా కేంద్రంలోకి ఒకసారి వెళ్ధిన అభ్యర్థిని పరీక్ష పూర్లయ్యే వరకు బయటకు రానివ్నరు
గర్భాశయ మధుమేహం అనగా,0.0,గర్భాశయ మధుమేహం అనగా,0.0,గర్భాశయ మధుమేహం అనగా,0.0,గర్భాశయ మధుమేహం అనగా,0.0,గర్భాశయ మధుమేహం అనగా
తెలుపు గ్రాన్యులేటెడ్ చక్కెర,0.0,తెలుపు గ్రాన్యులేటెడ్ చక్కెర,0.0,తెలుపు గ్రాన్యులేటెడ్ చక్కెర,0.0,తెలుపు గ్రాన్యులేటెడ్ చక్కెర,0.0,తెలుపు గ్రాన్యులేటెడ్ చక్కెర
ఆమధ్య వచ్చిన ఈ సినిమా టీజర్ ప్రేక్షకుల్లో అంచనాలని పెంచేసింది,0.0,ఆమధ్య వచ్విన ఈ సినిమా టీజర్ ప్రేక్షకుల్ధో అంచనాలని పెంచేసింది,0.0,ఆమధ్య వచ్విన ఈ సినిమా టీజర్ ప్రేక్షకుల్ధో అంచనాలని పెంచేసింది,0.0,ఆమధ్య వచ్సిన ఈ సినిమా టీజర్ ప్రేక్షకుల్ధో అంచనాలని పెంచేసింది,0.0,ఆమధ్య వచ్విన ఈ సినిమా టీజర్ ప్రేక్షకుల్ధో అంచనాలని పెంచేసింది
మాధవన్ షాలినీ పాండే అంజలి సుబ్బరాజు తదితరులు కీలకపాత్రలు పోషిస్తున్నారు,0.0,మాధవన్ షాలినీ పాండే అంజలి సుబ్బరాజు తదితరులు కీలకపాత్రలు పోషిస్లున్పారు,0.0,మాధవన్ షాలినీ పాండే అంజలి సుబ్బరాజు తదితరులు కీలకపాత్రలు పోషిస్లున్పారు,0.0,మాధవన్ షాలినీ పాండే అంజలి సుబ్బరాజు తదితరులు కీలకపాత్రలు పోషిస్లున్వారు,0.0,మాధవన్ షాలినీ పాండే అంజలి సుబ్బరాజు తదితరులు కీలకపాత్రలు పోషిస్లున్పారు
మేఘన ఏంటి ఆలోచిస్తున్నావ్,0.0,మేఘన ఏంటి ఆలోచిస్లున్పావ్,0.0,మేఘన ఏంటి ఆలోచిస్లున్పావ్,0.0,మేఘన ఏంటి ఆలోచిస్లున్వావ్,0.0,మేఘన ఏంటి ఆలోచిస్లున్వావ్
అని స్మృతీ ఇరానీ చేసిన ట్వీట్ తీవ్ర దుమారం రేపిన సంగతి తెలిసిందే,0.0,అని స్శృతీ ఇరానీ చేసిన ట్పీట్ తీవ్ర దుమారం రేపిన సంగతి తెలిసిందే,0.0,అని స్శృతీ ఇరానీ చేసిన ట్యీట్ తీవ్ర దుమారం రేపిన సంగతి తెలిసిందే,0.0,అని స్శృతీ ఇరానీ చేసిన ట్చీట్ తీవ్ర దుమారం రేపిన సంగతి తెలిసిందే,0.0,అని స్శృతీ ఇరానీ చేసిన ట్పీట్ తీవ్ర దుమారం రేపిన సంగతి తెలిసిందే
కానీ మీరు నాణ్యత గురించి శ్రద్ధ ఉంటే ఈ విలువ కాదు,0.0,కానీ మీరు నాణ్యత గురించి శ్రద్గ ఉంటే ఈ విలువ కాదు,0.0,కానీ మీరు నాణ్యత గురించి శ్రద్డ ఉంటే ఈ విలువ కాదు,0.0,కానీ మీరు నాణ్యత గురించి శ్రద్డ ఉంటే ఈ విలువ కాదు,0.0,కానీ మీరు నాణ్యత గురించి శ్రద్ల ఉంటే ఈ విలువ కాదు
అక్టోబరు డిసెంబరు,0.0,అక్టోబరు డిసెంబరు,0.0,అక్టోబరు డిసెంబరు,0.0,అక్టోబరు డిసెంబరు,0.0,అక్టోబరు డిసెంబరు
ఈ విధంగా సంఘర్షణలు అపార్థాలు నివారించడానికి సహాయం చేస్తుంది,0.0,ఈ విధంగా సంఘర్షణలు అపార్థాలు నివారించడానికి సహాయం చేస్లుంది,0.0,ఈ విధంగా సంఘర్షణలు అపార్థాలు నివారించడానికి సహాయం చేస్లుంది,0.0,ఈ విధంగా సంఘర్షణలు అపార్థాలు నివారించడానికి సహాయం చేస్లుంది,0.0,ఈ విధంగా సంఘర్షణలు అపార్థాలు నివారించడానికి సహాయం చేస్లుంది
మృతుల కుటుంబాలకు వారు సానుభూతి తెలిపారు,0.0,మృతుల కుటుంబాలకు వారు సానుభూతి తెలిపారు,0.0,మృతుల కుటుంబాలకు వారు సానుభూతి తెలిపారు,0.0,మృతుల కుటుంబాలకు వారు సానుభూతి తెలిపారు,0.0,మృతుల కుటుంబాలకు వారు సానుభూతి తెలిపారు
దాటనుంది,0.0,దాటనుంది,0.0,దాటనుంది,0.0,దాటనుంది,0.0,దాటనుంది
కోట్ల వేతనం అందుకుంటున్నాడు,0.0,కోట్త వేతనం అందుకుంటున్పాడు,0.0,కోట్ధ వేతనం అందుకుంటున్వాడు,0.0,కోట్గ వేతనం అందుకుంటున్వాడు,0.0,కోట్త వేతనం అందుకుంటున్పాడు
ఇరు దేశాల మధ్య సహకార సంబంధాల బలోపేతానికి కృషిచేస్తామని చెప్పారు,0.0,ఇరు దేశాల మధ్య సహకార సంబంధాల బలోపేతానికి కృషిచేస్లామని చెప్నారు,0.0,ఇరు దేశాల మధ్య సహకార సంబంధాల బలోపేతానికి కృషిచేస్లామని చెప్సారు,0.0,ఇరు దేశాల మధ్య సహకార సంబంధాల బలోపేతానికి కృషిచేస్లామని చెప్సారు,0.0,ఇరు దేశాల మధ్య సహకార సంబంధాల బలోపేతానికి కృషిచేస్లామని చెప్యారు
బీజేపీ కాంగ్రెస్పై ప్రజల్లో వ్యతిరేకత ఉందని ఆయన అన్నారు,0.0,బీజేపీ కాంగ్రెస్వై ప్రజల్ధో వ్యతిరేకత ఉందని ఆయన అన్పారు,0.0,బీజేపీ కాంగ్రెస్యై ప్రజల్గో వ్యతిరేకత ఉందని ఆయన అన్పారు,0.0,బీజేపీ కాంగ్రెస్సై ప్రజల్గో వ్యతిరేకత ఉందని ఆయన అన్పారు,0.0,బీజేపీ కాంగ్రెస్సై ప్రజల్తో వ్యతిరేకత ఉందని ఆయన అన్వారు
అప్రిలియా ఎస్ఆర్ ఫోటోల కోసం క్రింది గ్యాలరీ మీద క్లిక్ చేయండి,0.0,అప్రిలియా ఎస్ఆర్ ఫోటోల కోసం క్రింది గ్యాలరీ మీద క్ధిక్ చేయండి,0.0,అప్రిలియా ఎస్ఆర్ ఫోటోల కోసం క్రింది గ్యాలరీ మీద క్తిక్ చేయండి,0.0,అప్రిలియా ఎస్ఆర్ ఫోటోల కోసం క్రింది గ్యాలరీ మీద క్ధిక్ చేయండి,0.0,అప్రిలియా ఎస్ఆర్ ఫోటోల కోసం క్రింది గ్యాలరీ మీద క్గిక్ చేయండి
అని తేల్చేశాడు,0.0,అని తేల్సేశాడు,0.0,అని తేల్వేశాడు,0.0,అని తేల్వేశాడు,0.0,అని తేల్వేశాడు
ఎందుకు వారిపై కఠిన చర్యలు తీసుకోలేకపోతున్నారు,0.0,ఎందుకు వారిపై కఠిన చర్యలు తీసుకోలేకపోతున్వారు,0.0,ఎందుకు వారిపై కఠిన చర్యలు తీసుకోలేకపోతున్పారు,0.0,ఎందుకు వారిపై కఠిన చర్యలు తీసుకోలేకపోతున్పారు,0.0,ఎందుకు వారిపై కఠిన చర్యలు తీసుకోలేకపోతున్పారు
ఈ విషయంలో ఎలాంటి ఇబ్బందులు లేవు,0.0,ఈ విషయంలో ఎలాంటి ఇబ్బందులు లేవు,0.0,ఈ విషయంలో ఎలాంటి ఇబ్బందులు లేవు,0.0,ఈ విషయంలో ఎలాంటి ఇబ్బందులు లేవు,0.0,ఈ విషయంలో ఎలాంటి ఇబ్బందులు లేవు
ఎలిమినేట్ అయిన వారిలో రాహుల్ సిప్లిగంజ్ వితిక షేర్ వరుణ్ సందేశ్ బాబామాస్టర్ జాఫర్ శ్రీముఖిలు ఉన్నారు,0.0,ఎలిమినేట్ అయిన వారిలో రాహుల్ సిప్ధిగంజ్ వితిక షేర్ వరుణ్ సందేశ్ బాబామాస్టర్ జాఫర్ శ్రీముఖిలు ఉన్పారు,0.0,ఎలిమినేట్ అయిన వారిలో రాహుల్ సిప్ధిగంజ్ వితిక షేర్ వరుణ్ సందేశ్ బాబామాస్టర్ జాఫర్ శ్రీముఖిలు ఉన్వారు,0.0,ఎలిమినేట్ అయిన వారిలో రాహుల్ సిప్తిగంజ్ వితిక షేర్ వరుణ్ సందేశ్ బాబామాస్టర్ జాఫర్ శ్రీముఖిలు ఉన్పారు,0.0,ఎలిమినేట్ అయిన వారిలో రాహుల్ సిప్ధిగంజ్ వితిక షేర్ వరుణ్ సందేశ్ బాబామాస్టర్ జాఫర్ శ్రీముఖిలు ఉన్పారు
అనే కోణంలో విచారణ ప్రారంభించారు,0.0,అనే కోణంలో విచారణ ప్రారంభించారు,0.0,అనే కోణంలో విచారణ ప్రారంభించారు,0.0,అనే కోణంలో విచారణ ప్రారంభించారు,0.0,అనే కోణంలో విచారణ ప్రారంభించారు
ప్రముఖంగా క్రయోలైట్ అల్యూమినియం ట్రై ఫ్లోరైడ్ లను ఉత్పత్తి చేయుదురు,0.0,ప్రముఖంగా క్రయోలైట్ అల్యూమినియం ట్రై ఫ్ధోరైడ్ లను ఉత్వత్లి చేయుదురు,0.0,ప్రముఖంగా క్రయోలైట్ అల్యూమినియం ట్రై ఫ్తోరైడ్ లను ఉత్నత్లి చేయుదురు,0.0,ప్రముఖంగా క్రయోలైట్ అల్యూమినియం ట్రై ఫ్ధోరైడ్ లను ఉత్నత్లి చేయుదురు,0.0,ప్రముఖంగా క్రయోలైట్ అల్యూమినియం ట్రై ఫ్గోరైడ్ లను ఉత్నత్లి చేయుదురు
బహుశా అతను మీరు వినండి,0.0,బహుశా అతను మీరు వినండి,0.0,బహుశా అతను మీరు వినండి,0.0,బహుశా అతను మీరు వినండి,0.0,బహుశా అతను మీరు వినండి
ఇటీవల విడుదలైన ఫస్ట్ లుక్కు మంచి స్పందన వచ్చింది,0.0,ఇటీవల విడుదలైన ఫస్ట్ లుక్కు మంచి స్సందన వచ్సింది,0.0,ఇటీవల విడుదలైన ఫస్ట్ లుక్కు మంచి స్వందన వచ్వింది,0.0,ఇటీవల విడుదలైన ఫస్ట్ లుక్కు మంచి స్యందన వచ్వింది,0.0,ఇటీవల విడుదలైన ఫస్ట్ లుక్కు మంచి స్వందన వచ్వింది
ఇద్దరి మధ్య చాలా ఏళ్లుగా రసవత్తర పోటీ నడుస్తోంది,0.0,ఇద్ రి మధ్య చాలా ఏళ్తుగా రసవత్లర పోటీ నడుస్లోంది,0.0,ఇద్ రి మధ్య చాలా ఏళ్గుగా రసవత్లర పోటీ నడుస్లోంది,0.0,ఇద్డరి మధ్య చాలా ఏళ్తుగా రసవత్లర పోటీ నడుస్లోంది,0.0,ఇద్ రి మధ్య చాలా ఏళ్గుగా రసవత్లర పోటీ నడుస్లోంది
చికెన్ రొమ్ము మరియు పైనాపిల్ తో సలాడ్,0.0,చికెన్ రొమ్శు మరియు పైనాపిల్ తో సలాడ్,0.0,చికెన్ రొమ్శు మరియు పైనాపిల్ తో సలాడ్,0.0,చికెన్ రొమ్శు మరియు పైనాపిల్ తో సలాడ్,0.0,చికెన్ రొమ్శు మరియు పైనాపిల్ తో సలాడ్
ాజకీయంగా అది సాధ్యమేనా,0.0,ాజకీయంగా అది సాధ్యమేనా,0.0,ాజకీయంగా అది సాధ్యమేనా,0.0,ాజకీయంగా అది సాధ్యమేనా,0.0,ాజకీయంగా అది సాధ్యమేనా
ఈ ప్రాజెక్టు వల్ల ఈశాన్య ప్రాంతం యావత్తుకు జిబి ప్రత్యామ్నాయ నిరంతరాయ ఇంటర్నెట్ బ్యాండ్ విడ్త్ అందుబాటులోకి వస్తుంది,0.0,ఈ ప్రాజెక్టు వల్త ఈశాన్య ప్రాంతం యావత్లుకు జిబి ప్రత్యామ్వాయ నిరంతరాయ ఇంటర్పెట్ బ్యాండ్ విడ్ల్ అందుబాటులోకి వస్లుంది,0.0,ఈ ప్రాజెక్టు వల్త ఈశాన్య ప్రాంతం యావత్లుకు జిబి ప్రత్యామ్పాయ నిరంతరాయ ఇంటర్పెట్ బ్యాండ్ విడ్ల్ అందుబాటులోకి వస్లుంది,0.0,ఈ ప్రాజెక్టు వల్గ ఈశాన్య ప్రాంతం యావత్లుకు జిబి ప్రత్యామ్పాయ నిరంతరాయ ఇంటర్వెట్ బ్యాండ్ విడ్ల్ అందుబాటులోకి వస్లుంది,0.0,ఈ ప్రాజెక్టు వల్గ ఈశాన్య ప్రాంతం యావత్లుకు జిబి ప్రత్యామ్వాయ నిరంతరాయ ఇంటర్పెట్ బ్యాండ్ విడ్ల్ అందుబాటులోకి వస్లుంది
సిల్క్ స్మిత దక్షిణ భారత సినీ నటి,0.0,సిల్క్ స్శిత దక్షిణ భారత సినీ నటి,0.0,సిల్క్ స్శిత దక్షిణ భారత సినీ నటి,0.0,సిల్క్ స్శిత దక్షిణ భారత సినీ నటి,0.0,సిల్క్ స్శిత దక్షిణ భారత సినీ నటి
ఆమె ప్రేమ కోసం తపించిపోతున్నాడు,0.0,ఆమె ప్రేమ కోసం తపించిపోతున్వాడు,0.0,ఆమె ప్రేమ కోసం తపించిపోతున్వాడు,0.0,ఆమె ప్రేమ కోసం తపించిపోతున్పాడు,0.0,ఆమె ప్రేమ కోసం తపించిపోతున్పాడు
లాభం లేదని,0.0,లాభం లేదని,0.0,లాభం లేదని,0.0,లాభం లేదని,0.0,లాభం లేదని
యహజీయాహువలన మెరారికి కలిగిన కుమారులెవరనగా బెనో షోహము జక్కూరు ఇబ్రీ,0.0,యహజీయాహువలన మెరారికి కలిగిన కుమారులెవరనగా బెనో షోహము జక్కూరు ఇబ్రీ,0.0,యహజీయాహువలన మెరారికి కలిగిన కుమారులెవరనగా బెనో షోహము జక్కూరు ఇబ్రీ,0.0,యహజీయాహువలన మెరారికి కలిగిన కుమారులెవరనగా బెనో షోహము జక్కూరు ఇబ్రీ,0.0,యహజీయాహువలన మెరారికి కలిగిన కుమారులెవరనగా బెనో షోహము జక్కూరు ఇబ్రీ
దూకడానికి సిద్ధంగా ఉన్నారా,0.0,దూకడానికి సిద్గంగా ఉన్పారా,0.0,దూకడానికి సిద్గంగా ఉన్పారా,0.0,దూకడానికి సిద్డంగా ఉన్పారా,0.0,దూకడానికి సిద్దంగా ఉన్వారా
టీడీపీ మాజీ ఎమ్మెల్యే జేసీ ప్రభాకర్ రెడ్డి ఆయన కొడుకు జేసీ అస్మిత్ రెడ్డిని పోలీసులు అరెస్టు చేశారు,0.0,టీడీపీ మాజీ ఎమ్శెల్యే జేసీ ప్రభాకర్ రెడ్ది ఆయన కొడుకు జేసీ అస్శిత్ రెడ్ధిని పోలీసులు అరెస్టు చేశారు,0.0,టీడీపీ మాజీ ఎమ్శెల్యే జేసీ ప్రభాకర్ రెడ్ది ఆయన కొడుకు జేసీ అస్శిత్ రెడ్ధిని పోలీసులు అరెస్టు చేశారు,0.0,టీడీపీ మాజీ ఎమ్శెల్యే జేసీ ప్రభాకర్ రెడ్ది ఆయన కొడుకు జేసీ అస్శిత్ రెడ్దిని పోలీసులు అరెస్టు చేశారు,0.0,టీడీపీ మాజీ ఎమ్శెల్యే జేసీ ప్రభాకర్ రెడ్ది ఆయన కొడుకు జేసీ అస్శిత్ రెడ్ధిని పోలీసులు అరెస్టు చేశారు
ఎక్కువగా నీళ్ళు తాగడం వల్ల శరీరంలోని టాక్సిన్స్ ను బయటకు ఫ్లస్ అవుట్ అవుతుంది,0.0,ఎక్కువగా నీళ్ళు తాగడం వల్గ శరీరంలోని టాక్విన్న్ ను బయటకు ఫ్ధస్ అవుట్ అవుతుంది,0.0,ఎక్కువగా నీళ్ళు తాగడం వల్గ శరీరంలోని టాక్విన్ప్ ను బయటకు ఫ్తస్ అవుట్ అవుతుంది,0.0,ఎక్కువగా నీళ్ళు తాగడం వల్గ శరీరంలోని టాక్పిన్చ్ ను బయటకు ఫ్గస్ అవుట్ అవుతుంది,0.0,ఎక్కువగా నీళ్ళు తాగడం వల్గ శరీరంలోని టాక్చిన్ప్ ను బయటకు ఫ్ధస్ అవుట్ అవుతుంది
నే బాగు పడక్కర్లేదు,0.0,నే బాగు పడక్కర్ధేదు,0.0,నే బాగు పడక్కర్గేదు,0.0,నే బాగు పడక్కర్ధేదు,0.0,నే బాగు పడక్కర్తేదు
రాష్ట్రంలో అమలు చేసే జల్ జీవన్ మిషన్ వార్షిక కార్యాచరణ ప్రణాళికను జార్ఖండ్ కేంద్ర జల శక్తి శాఖ కు సమర్పించింది,0.0,రాష్ట్రంలో అమలు చేసే జల్ జీవన్ మిషన్ వార్షిక కార్యాచరణ ప్రణాళికను జార్ఖండ్ కేంద్ర జల శక్లి శాఖ కు సమర్నించింది,0.0,రాష్ట్రంలో అమలు చేసే జల్ జీవన్ మిషన్ వార్షిక కార్యాచరణ ప్రణాళికను జార్ఖండ్ కేంద్ర జల శక్లి శాఖ కు సమర్వించింది,0.0,రాష్ట్రంలో అమలు చేసే జల్ జీవన్ మిషన్ వార్షిక కార్యాచరణ ప్రణాళికను జార్ఖండ్ కేంద్ర జల శక్లి శాఖ కు సమర్వించింది,0.0,రాష్ట్రంలో అమలు చేసే జల్ జీవన్ మిషన్ వార్షిక కార్యాచరణ ప్రణాళికను జార్ఖండ్ కేంద్ర జల శక్లి శాఖ కు సమర్వించింది
ఈ వీడియోపై బిజెపి తీవ్ర దిగ్భ్రాంతి వ్యక్తం చేసింది,0.0,ఈ వీడియోపై బిజెపి తీవ్ర దిగ్భ్రాంతి వ్యక్లం చేసింది,0.0,ఈ వీడియోపై బిజెపి తీవ్ర దిగ్భ్రాంతి వ్యక్లం చేసింది,0.0,ఈ వీడియోపై బిజెపి తీవ్ర దిగ్భ్రాంతి వ్యక్లం చేసింది,0.0,ఈ వీడియోపై బిజెపి తీవ్ర దిగ్భ్రాంతి వ్యక్లం చేసింది
ఈ పద్ధతిలో టెలిఫోన్ తో బాటు సున్న నుండి వరకు సంఖ్యలు రాసిన రంధ్రాలు ఉంటాయి,0.0,ఈ పద్డతిలో టెలిఫోన్ తో బాటు సున్ప నుండి వరకు సంఖ్యలు రాసిన రంధ్రాలు ఉంటాయి,0.0,ఈ పద్లతిలో టెలిఫోన్ తో బాటు సున్ప నుండి వరకు సంఖ్యలు రాసిన రంధ్రాలు ఉంటాయి,0.0,ఈ పద్డతిలో టెలిఫోన్ తో బాటు సున్వ నుండి వరకు సంఖ్యలు రాసిన రంధ్రాలు ఉంటాయి,0.0,ఈ పద్డతిలో టెలిఫోన్ తో బాటు సున్ప నుండి వరకు సంఖ్యలు రాసిన రంధ్రాలు ఉంటాయి
ప్రధాని మోదీ రాష్టప్రతి కోవింద్ కాంగ్రెస్ అధ్యక్షుడు రాహుల్ గాంధీలు రైలు ప్రమాద బాధిత కుటుంబాలకు సంతాపం తెలిపారు,0.0,ప్రధాని మోదీ రాష్టప్రతి కోవింద్ కాంగ్రెస్ అధ్యక్షుడు రాహుల్ గాంధీలు రైలు ప్రమాద బాధిత కుటుంబాలకు సంతాపం తెలిపారు,0.0,ప్రధాని మోదీ రాష్టప్రతి కోవింద్ కాంగ్రెస్ అధ్యక్షుడు రాహుల్ గాంధీలు రైలు ప్రమాద బాధిత కుటుంబాలకు సంతాపం తెలిపారు,0.0,ప్రధాని మోదీ రాష్టప్రతి కోవింద్ కాంగ్రెస్ అధ్యక్షుడు రాహుల్ గాంధీలు రైలు ప్రమాద బాధిత కుటుంబాలకు సంతాపం తెలిపారు,0.0,ప్రధాని మోదీ రాష్టప్రతి కోవింద్ కాంగ్రెస్ అధ్యక్షుడు రాహుల్ గాంధీలు రైలు ప్రమాద బాధిత కుటుంబాలకు సంతాపం తెలిపారు
ఆమెను నిజాంపేటలోని తమ ఇంటికి తీసుకుని వెళ్లారు,0.0,ఆమెను నిజాంపేటలోని తమ ఇంటికి తీసుకుని వెళ్తారు,0.0,ఆమెను నిజాంపేటలోని తమ ఇంటికి తీసుకుని వెళ్ధారు,0.0,ఆమెను నిజాంపేటలోని తమ ఇంటికి తీసుకుని వెళ్తారు,0.0,ఆమెను నిజాంపేటలోని తమ ఇంటికి తీసుకుని వెళ్తారు
అందుకు వారి లెక్కలేంటి,0.0,అందుకు వారి లెక్కలేంటి,0.0,అందుకు వారి లెక్కలేంటి,0.0,అందుకు వారి లెక్కలేంటి,0.0,అందుకు వారి లెక్కలేంటి
దేశంలో పెట్రోల్ డీజిల్ గ్యాస్ ధరలు విపరీతంగా పెరిగాయని చెప్పారు,0.0,దేశంలో పెట్రోల్ డీజిల్ గ్యాస్ ధరలు విపరీతంగా పెరిగాయని చెప్నారు,0.0,దేశంలో పెట్రోల్ డీజిల్ గ్యాస్ ధరలు విపరీతంగా పెరిగాయని చెప్యారు,0.0,దేశంలో పెట్రోల్ డీజిల్ గ్యాస్ ధరలు విపరీతంగా పెరిగాయని చెప్సారు,0.0,దేశంలో పెట్రోల్ డీజిల్ గ్యాస్ ధరలు విపరీతంగా పెరిగాయని చెప్యారు
ఫిఫా వరల్డ్కప్ ఆతిథ్య హక్కులను దక్కించుకున్న అమెరికా కెనడా మెక్సికో,0.0,ఫిఫా వరల్ద్కప్ ఆతిథ్య హక్కులను దక్కించుకున్వ అమెరికా కెనడా మెక్చికో,0.0,ఫిఫా వరల్ద్కప్ ఆతిథ్య హక్కులను దక్కించుకున్ప అమెరికా కెనడా మెక్పికో,0.0,ఫిఫా వరల్ధ్కప్ ఆతిథ్య హక్కులను దక్కించుకున్ప అమెరికా కెనడా మెక్వికో,0.0,ఫిఫా వరల్ద్కప్ ఆతిథ్య హక్కులను దక్కించుకున్వ అమెరికా కెనడా మెక్పికో
అని ఆరాతీస్తే తెలిసిన సంగతులివి,0.0,అని ఆరాతీస్లే తెలిసిన సంగతులివి,0.0,అని ఆరాతీస్లే తెలిసిన సంగతులివి,0.0,అని ఆరాతీస్లే తెలిసిన సంగతులివి,0.0,అని ఆరాతీస్లే తెలిసిన సంగతులివి
వారి కన్నుల్లో ఆశా సంతృప్తీ మెదిలాయి,0.0,వారి కన్వుల్గో ఆశా సంతృప్లీ మెదిలాయి,0.0,వారి కన్పుల్ధో ఆశా సంతృప్లీ మెదిలాయి,0.0,వారి కన్వుల్ధో ఆశా సంతృప్లీ మెదిలాయి,0.0,వారి కన్పుల్ధో ఆశా సంతృప్లీ మెదిలాయి
భారీ వరదల కారణంగా ఇద్దరు చనిపోయారు,0.0,భారీ వరదల కారణంగా ఇద్ రు చనిపోయారు,0.0,భారీ వరదల కారణంగా ఇద్డరు చనిపోయారు,0.0,భారీ వరదల కారణంగా ఇద్డరు చనిపోయారు,0.0,భారీ వరదల కారణంగా ఇద్డరు చనిపోయారు
చిరంజీవి కథానాయకుడుగా సురేందర్ రెడ్డి దర్శకత్వంలో సైరా సినిమా రూపొందుతున్న సంగతి విదితమే,0.0,చిరంజీవి కథానాయకుడుగా సురేందర్ రెడ్ధి దర్మకత్చంలో సైరా సినిమా రూపొందుతున్ప సంగతి విదితమే,0.0,చిరంజీవి కథానాయకుడుగా సురేందర్ రెడ్ది దర్మకత్పంలో సైరా సినిమా రూపొందుతున్వ సంగతి విదితమే,0.0,చిరంజీవి కథానాయకుడుగా సురేందర్ రెడ్ది దర్మకత్పంలో సైరా సినిమా రూపొందుతున్వ సంగతి విదితమే,0.0,చిరంజీవి కథానాయకుడుగా సురేందర్ రెడ్ధి దర్మకత్నంలో సైరా సినిమా రూపొందుతున్ప సంగతి విదితమే
కాంగ్రెస్ నేతలతో భేటీ,0.0,కాంగ్రెస్ నేతలతో భేటీ,0.0,కాంగ్రెస్ నేతలతో భేటీ,0.0,కాంగ్రెస్ నేతలతో భేటీ,0.0,కాంగ్రెస్ నేతలతో భేటీ
తను ఇక్కడకు రావలసిన పని లేదు,0.0,తను ఇక్కడకు రావలసిన పని లేదు,0.0,తను ఇక్కడకు రావలసిన పని లేదు,0.0,తను ఇక్కడకు రావలసిన పని లేదు,0.0,తను ఇక్కడకు రావలసిన పని లేదు
అయితే ఈ కేసులో సాక్ష్యాల కోసం పోలీసులు ప్రయత్నిస్తున్నారు,0.0,అయితే ఈ కేసులో సాక్ష్యాల కోసం పోలీసులు ప్రయత్విస్లున్పారు,0.0,అయితే ఈ కేసులో సాక్ష్యాల కోసం పోలీసులు ప్రయత్విస్లున్పారు,0.0,అయితే ఈ కేసులో సాక్ష్యాల కోసం పోలీసులు ప్రయత్విస్లున్వారు,0.0,అయితే ఈ కేసులో సాక్ష్యాల కోసం పోలీసులు ప్రయత్విస్లున్పారు
అవసరమైతే మరిన్ని దళాలు ఇంజనీరింగ్ పరికరాలు వైద్య బృందాలను కూడా పంపిస్తామని ఆయన చెప్పారు,0.0,అవసరమైతే మరిన్పి దళాలు ఇంజనీరింగ్ పరికరాలు వైద్య బృందాలను కూడా పంపిస్లామని ఆయన చెప్నారు,0.0,అవసరమైతే మరిన్పి దళాలు ఇంజనీరింగ్ పరికరాలు వైద్య బృందాలను కూడా పంపిస్లామని ఆయన చెప్వారు,0.0,అవసరమైతే మరిన్పి దళాలు ఇంజనీరింగ్ పరికరాలు వైద్య బృందాలను కూడా పంపిస్లామని ఆయన చెప్యారు,0.0,అవసరమైతే మరిన్వి దళాలు ఇంజనీరింగ్ పరికరాలు వైద్య బృందాలను కూడా పంపిస్లామని ఆయన చెప్వారు
అందుకు కొంత విశ్రాంతి తీసుకోవడం మరియు రిలాక్స్ గా ఉండటం చాలా అవసరం,0.0,అందుకు కొంత విశ్రాంతి తీసుకోవడం మరియు రిలాక్ప్ గా ఉండటం చాలా అవసరం,0.0,అందుకు కొంత విశ్రాంతి తీసుకోవడం మరియు రిలాక్న్ గా ఉండటం చాలా అవసరం,0.0,అందుకు కొంత విశ్రాంతి తీసుకోవడం మరియు రిలాక్వ్ గా ఉండటం చాలా అవసరం,0.0,అందుకు కొంత విశ్రాంతి తీసుకోవడం మరియు రిలాక్న్ గా ఉండటం చాలా అవసరం
ఆ పదం ఏంటనేది మీకు తెలుసు,0.0,ఆ పదం ఏంటనేది మీకు తెలుసు,0.0,ఆ పదం ఏంటనేది మీకు తెలుసు,0.0,ఆ పదం ఏంటనేది మీకు తెలుసు,0.0,ఆ పదం ఏంటనేది మీకు తెలుసు
అంతర్జాతీయ సర్వీసులకు నిబంధన,0.0,అంతర్జాతీయ సర్పీసులకు నిబంధన,0.0,అంతర్జాతీయ సర్సీసులకు నిబంధన,0.0,అంతర్జాతీయ సర్సీసులకు నిబంధన,0.0,అంతర్జాతీయ సర్చీసులకు నిబంధన
రుతుపవనాల ప్రభావంతో కృష్ణా గుంటూరు ఉభయ గోదావరి జిల్లాలు ఉత్తరాంధ్ర లోని కొన్ని జిల్లాల్లో భారీ వర్షాలు కురిశాయి,0.0,రుతుపవనాల ప్రభావంతో కృష్ణా గుంటూరు ఉభయ గోదావరి జిల్ధాలు ఉత్లరాంధ్ర లోని కొన్వి జిల్గాల్తో భారీ వర్షాలు కురిశాయి,0.0,రుతుపవనాల ప్రభావంతో కృష్ణా గుంటూరు ఉభయ గోదావరి జిల్గాలు ఉత్లరాంధ్ర లోని కొన్పి జిల్గాల్తో భారీ వర్షాలు కురిశాయి,0.0,రుతుపవనాల ప్రభావంతో కృష్ణా గుంటూరు ఉభయ గోదావరి జిల్తాలు ఉత్లరాంధ్ర లోని కొన్వి జిల్గాల్తో భారీ వర్షాలు కురిశాయి,0.0,రుతుపవనాల ప్రభావంతో కృష్ణా గుంటూరు ఉభయ గోదావరి జిల్గాలు ఉత్లరాంధ్ర లోని కొన్వి జిల్గాల్గో భారీ వర్షాలు కురిశాయి
మన కోసం ఇతరులు నిర్ణయాలు తీసుకోవడాన్ని మనమెందుకు అనుమతించకూడదు,0.0,మన కోసం ఇతరులు నిర్ణయాలు తీసుకోవడాన్వి మనమెందుకు అనుమతించకూడదు,0.0,మన కోసం ఇతరులు నిర్ణయాలు తీసుకోవడాన్వి మనమెందుకు అనుమతించకూడదు,0.0,మన కోసం ఇతరులు నిర్ణయాలు తీసుకోవడాన్పి మనమెందుకు అనుమతించకూడదు,0.0,మన కోసం ఇతరులు నిర్ణయాలు తీసుకోవడాన్వి మనమెందుకు అనుమతించకూడదు
అందరూ కలిసి రావాలని ప్రభుత్వాన్ని ఏర్పాటు చేయాలని నేను అపీలే చేస్తున్నాను అన్నారు,0.0,అందరూ కలిసి రావాలని ప్రభుత్పాన్వి ఏర్నాటు చేయాలని నేను అపీలే చేస్లున్పాను అన్పారు,0.0,అందరూ కలిసి రావాలని ప్రభుత్యాన్పి ఏర్సాటు చేయాలని నేను అపీలే చేస్లున్వాను అన్పారు,0.0,అందరూ కలిసి రావాలని ప్రభుత్చాన్వి ఏర్నాటు చేయాలని నేను అపీలే చేస్లున్పాను అన్పారు,0.0,అందరూ కలిసి రావాలని ప్రభుత్చాన్వి ఏర్సాటు చేయాలని నేను అపీలే చేస్లున్పాను అన్వారు
గ్లోరియా డిసౌజా,0.0,గ్లోరియా డిసౌజా,0.0,గ్లోరియా డిసౌజా,0.0,గ్లోరియా డిసౌజా,0.0,గ్లోరియా డిసౌజా
ప్రపంచ కప్ల్లో రెండు సెంచరీలు సాధించారు,0.0,ప్రపంచ కప్గ్ధో రెండు సెంచరీలు సాధించారు,0.0,ప్రపంచ కప్గ్గో రెండు సెంచరీలు సాధించారు,0.0,ప్రపంచ కప్త్గో రెండు సెంచరీలు సాధించారు,0.0,ప్రపంచ కప్గ్గో రెండు సెంచరీలు సాధించారు
భారతీయ జనతా పార్టీ జాతీయ పార్టీ అధ్యక్షుడు అమిత్ షా ఏపి బిజెపి నాయకులతో భేటీ అయ్యారు,0.0,భారతీయ జనతా పార్టీ జాతీయ పార్టీ అధ్యక్షుడు అమిత్ షా ఏపి బిజెపి నాయకులతో భేటీ అయ్యారు,0.0,భారతీయ జనతా పార్టీ జాతీయ పార్టీ అధ్యక్షుడు అమిత్ షా ఏపి బిజెపి నాయకులతో భేటీ అయ్యారు,0.0,భారతీయ జనతా పార్టీ జాతీయ పార్టీ అధ్యక్షుడు అమిత్ షా ఏపి బిజెపి నాయకులతో భేటీ అయ్యారు,0.0,భారతీయ జనతా పార్టీ జాతీయ పార్టీ అధ్యక్షుడు అమిత్ షా ఏపి బిజెపి నాయకులతో భేటీ అయ్యారు
తాము ఎలాంటి తప్పు చేయలేదని మదన్ తెలిపారు,0.0,తాము ఎలాంటి తప్సు చేయలేదని మదన్ తెలిపారు,0.0,తాము ఎలాంటి తప్ను చేయలేదని మదన్ తెలిపారు,0.0,తాము ఎలాంటి తప్యు చేయలేదని మదన్ తెలిపారు,0.0,తాము ఎలాంటి తప్సు చేయలేదని మదన్ తెలిపారు
అని జిగేశ్ ప్రశ్నించారు,0.0,అని జిగేశ్ ప్రశ్వించారు,0.0,అని జిగేశ్ ప్రశ్పించారు,0.0,అని జిగేశ్ ప్రశ్వించారు,0.0,అని జిగేశ్ ప్రశ్వించారు
విశ్వసుందరి అయిన కాట్రియోనా గ్రే టుంజీ కి కిరీటాన్ని అలంకరించి అభినందించారు,0.0,విశ్పసుందరి అయిన కాట్రియోనా గ్రే టుంజీ కి కిరీటాన్పి అలంకరించి అభినందించారు,0.0,విశ్యసుందరి అయిన కాట్రియోనా గ్రే టుంజీ కి కిరీటాన్పి అలంకరించి అభినందించారు,0.0,విశ్యసుందరి అయిన కాట్రియోనా గ్రే టుంజీ కి కిరీటాన్వి అలంకరించి అభినందించారు,0.0,విశ్చసుందరి అయిన కాట్రియోనా గ్రే టుంజీ కి కిరీటాన్పి అలంకరించి అభినందించారు
అలాగే ఉపాధి హామీ కూలీలకు చెల్లించాల్సిన బకాయిలను వెంటనే విడుదల చేయాలని కోరారు,0.0,అలాగే ఉపాధి హామీ కూలీలకు చెల్తించాల్విన బకాయిలను వెంటనే విడుదల చేయాలని కోరారు,0.0,అలాగే ఉపాధి హామీ కూలీలకు చెల్తించాల్నిన బకాయిలను వెంటనే విడుదల చేయాలని కోరారు,0.0,అలాగే ఉపాధి హామీ కూలీలకు చెల్గించాల్విన బకాయిలను వెంటనే విడుదల చేయాలని కోరారు,0.0,అలాగే ఉపాధి హామీ కూలీలకు చెల్తించాల్పిన బకాయిలను వెంటనే విడుదల చేయాలని కోరారు
అలా చేయడం కూడా తప్పే,0.0,అలా చేయడం కూడా తప్వే,0.0,అలా చేయడం కూడా తప్నే,0.0,అలా చేయడం కూడా తప్వే,0.0,అలా చేయడం కూడా తప్సే
అయితే ట్రంప్ వీటిని కొట్టి పారేశారు,0.0,అయితే ట్రంప్ వీటిని కొట్టి పారేశారు,0.0,అయితే ట్రంప్ వీటిని కొట్టి పారేశారు,0.0,అయితే ట్రంప్ వీటిని కొట్టి పారేశారు,0.0,అయితే ట్రంప్ వీటిని కొట్టి పారేశారు
దేశ భద్రత ఆర్థిక వృద్ధి సాంకేతిక అధునీకరణ కోసం మిషన్ శక్తి కీలక ముందడుగు లాంటిదని మోది పేర్కొన్నారు,0.0,దేశ భద్రత ఆర్థిక వృద్డి సాంకేతిక అధునీకరణ కోసం మిషన్ శక్లి కీలక ముందడుగు లాంటిదని మోది పేర్కొన్పారు,0.0,దేశ భద్రత ఆర్థిక వృద్ది సాంకేతిక అధునీకరణ కోసం మిషన్ శక్లి కీలక ముందడుగు లాంటిదని మోది పేర్కొన్పారు,0.0,దేశ భద్రత ఆర్థిక వృద్ది సాంకేతిక అధునీకరణ కోసం మిషన్ శక్లి కీలక ముందడుగు లాంటిదని మోది పేర్కొన్వారు,0.0,దేశ భద్రత ఆర్థిక వృద్ది సాంకేతిక అధునీకరణ కోసం మిషన్ శక్లి కీలక ముందడుగు లాంటిదని మోది పేర్కొన్వారు
ఒక్క సినిమా కూడా బాలీవుడ్ లో చేయలేదు,0.0,ఒక్క సినిమా కూడా బాలీవుడ్ లో చేయలేదు,0.0,ఒక్క సినిమా కూడా బాలీవుడ్ లో చేయలేదు,0.0,ఒక్క సినిమా కూడా బాలీవుడ్ లో చేయలేదు,0.0,ఒక్క సినిమా కూడా బాలీవుడ్ లో చేయలేదు
రూ కోట్ల మార్కెట్,0.0,రూ కోట్గ మార్కెట్,0.0,రూ కోట్గ మార్కెట్,0.0,రూ కోట్ధ మార్కెట్,0.0,రూ కోట్ధ మార్కెట్
థమన్ సంగీతం అందిస్తున్నాడు,0.0,థమన్ సంగీతం అందిస్లున్పాడు,0.0,థమన్ సంగీతం అందిస్లున్వాడు,0.0,థమన్ సంగీతం అందిస్లున్పాడు,0.0,థమన్ సంగీతం అందిస్లున్పాడు
అతను ఇకపై ఏమీ చేయలేను,0.0,అతను ఇకపై ఏమీ చేయలేను,0.0,అతను ఇకపై ఏమీ చేయలేను,0.0,అతను ఇకపై ఏమీ చేయలేను,0.0,అతను ఇకపై ఏమీ చేయలేను
అయితే సవరించిన కర్ఫ్యూ వేళలు రాత్రి గంటల నుంచి ఉదయం గంటలవరకు అమలులో ఉంటాయి,0.0,అయితే సవరించిన కర్ఫ్యూ వేళలు రాత్రి గంటల నుంచి ఉదయం గంటలవరకు అమలులో ఉంటాయి,0.0,అయితే సవరించిన కర్ఫ్యూ వేళలు రాత్రి గంటల నుంచి ఉదయం గంటలవరకు అమలులో ఉంటాయి,0.0,అయితే సవరించిన కర్ఫ్యూ వేళలు రాత్రి గంటల నుంచి ఉదయం గంటలవరకు అమలులో ఉంటాయి,0.0,అయితే సవరించిన కర్ఫ్యూ వేళలు రాత్రి గంటల నుంచి ఉదయం గంటలవరకు అమలులో ఉంటాయి
కానీ నిర్మాణం ముందుకు సాగలేదు,0.0,కానీ నిర్శాణం ముందుకు సాగలేదు,0.0,కానీ నిర్శాణం ముందుకు సాగలేదు,0.0,కానీ నిర్శాణం ముందుకు సాగలేదు,0.0,కానీ నిర్శాణం ముందుకు సాగలేదు
టెస్టు క్రికెట్లో అత్యధిక పరుగులు సాధించిన ఏకైక ఆటగాడి రికార్డు సచిన్ టెండూల్కర్ పేరిట ఉంది,0.0,టెస్టు క్రికెట్తో అత్యధిక పరుగులు సాధించిన ఏకైక ఆటగాడి రికార్దు సచిన్ టెండూల్కర్ పేరిట ఉంది,0.0,టెస్టు క్రికెట్గో అత్యధిక పరుగులు సాధించిన ఏకైక ఆటగాడి రికార్దు సచిన్ టెండూల్కర్ పేరిట ఉంది,0.0,టెస్టు క్రికెట్ధో అత్యధిక పరుగులు సాధించిన ఏకైక ఆటగాడి రికార్ధు సచిన్ టెండూల్కర్ పేరిట ఉంది,0.0,టెస్టు క్రికెట్గో అత్యధిక పరుగులు సాధించిన ఏకైక ఆటగాడి రికార్ధు సచిన్ టెండూల్కర్ పేరిట ఉంది
ఏ పార్టీలో పెరిగాడు,0.0,ఏ పార్టీలో పెరిగాడు,0.0,ఏ పార్టీలో పెరిగాడు,0.0,ఏ పార్టీలో పెరిగాడు,0.0,ఏ పార్టీలో పెరిగాడు
వైరస్ వ్యాప్తిని అరికట్టడానికి భారత ప్రభుత్వం గట్టి ప్రయత్నాలు చేస్తోంది మరియు ఈ విరాళం ద్వారా మేము ఈ ప్రయత్నానికి తోడ్పడాలనుకుంటున్నాము,0.0,వైరస్ వ్యాప్లిని అరికట్టడానికి భారత ప్రభుత్సం గట్టి ప్రయత్పాలు చేస్లోంది మరియు ఈ విరాళం ద్చారా మేము ఈ ప్రయత్వానికి తోడ్యడాలనుకుంటున్వాము,0.0,వైరస్ వ్యాప్లిని అరికట్టడానికి భారత ప్రభుత్చం గట్టి ప్రయత్పాలు చేస్లోంది మరియు ఈ విరాళం ద్నారా మేము ఈ ప్రయత్పానికి తోడ్వడాలనుకుంటున్పాము,0.0,వైరస్ వ్యాప్లిని అరికట్టడానికి భారత ప్రభుత్నం గట్టి ప్రయత్వాలు చేస్లోంది మరియు ఈ విరాళం ద్పారా మేము ఈ ప్రయత్వానికి తోడ్నడాలనుకుంటున్వాము,0.0,వైరస్ వ్యాప్లిని అరికట్టడానికి భారత ప్రభుత్నం గట్టి ప్రయత్వాలు చేస్లోంది మరియు ఈ విరాళం ద్యారా మేము ఈ ప్రయత్వానికి తోడ్వడాలనుకుంటున్పాము
లక్కీ కలర్ తెలుపు,0.0,లక్కీ కలర్ తెలుపు,0.0,లక్కీ కలర్ తెలుపు,0.0,లక్కీ కలర్ తెలుపు,0.0,లక్కీ కలర్ తెలుపు
జననం జీవితం మరియు మరణం,0.0,జననం జీవితం మరియు మరణం,0.0,జననం జీవితం మరియు మరణం,0.0,జననం జీవితం మరియు మరణం,0.0,జననం జీవితం మరియు మరణం
బాడ్ సలహా,0.0,బాడ్ సలహా,0.0,బాడ్ సలహా,0.0,బాడ్ సలహా,0.0,బాడ్ సలహా
అవి పూర్తిగా మనుషుల అవగాహనకు మించినవి,0.0,అవి పూర్లిగా మనుషుల అవగాహనకు మించినవి,0.0,అవి పూర్లిగా మనుషుల అవగాహనకు మించినవి,0.0,అవి పూర్లిగా మనుషుల అవగాహనకు మించినవి,0.0,అవి పూర్లిగా మనుషుల అవగాహనకు మించినవి
భారతదేశంలో కరోనాను వ్యాప్తి నియంత్రణకు దేశవ్యాప్తంగా రోజుల లాక్డౌన్ విధించబడిన సంగతి తెలిసిందే,0.0,భారతదేశంలో కరోనాను వ్యాప్లి నియంత్రణకు దేశవ్యాప్లంగా రోజుల లాక్ధౌన్ విధించబడిన సంగతి తెలిసిందే,0.0,భారతదేశంలో కరోనాను వ్యాప్లి నియంత్రణకు దేశవ్యాప్లంగా రోజుల లాక్ధౌన్ విధించబడిన సంగతి తెలిసిందే,0.0,భారతదేశంలో కరోనాను వ్యాప్లి నియంత్రణకు దేశవ్యాప్లంగా రోజుల లాక్దౌన్ విధించబడిన సంగతి తెలిసిందే,0.0,భారతదేశంలో కరోనాను వ్యాప్లి నియంత్రణకు దేశవ్యాప్లంగా రోజుల లాక్ధౌన్ విధించబడిన సంగతి తెలిసిందే
ఒక గంటకు,0.0,ఒక గంటకు,0.0,ఒక గంటకు,0.0,ఒక గంటకు,0.0,ఒక గంటకు
ఈ ప్రాంతాల్ని పూర్తిగా కంట్రోల్లో ఉంచబోతోంది,0.0,ఈ ప్రాంతాల్పి పూర్లిగా కంట్రోల్గో ఉంచబోతోంది,0.0,ఈ ప్రాంతాల్పి పూర్లిగా కంట్రోల్ధో ఉంచబోతోంది,0.0,ఈ ప్రాంతాల్వి పూర్లిగా కంట్రోల్తో ఉంచబోతోంది,0.0,ఈ ప్రాంతాల్వి పూర్లిగా కంట్రోల్ధో ఉంచబోతోంది
ఇన్ స్టంట్ డిస్కౌంట్ లభిస్తుంది,0.0,ఇన్ స్టంట్ డిస్కౌంట్ లభిస్లుంది,0.0,ఇన్ స్టంట్ డిస్కౌంట్ లభిస్లుంది,0.0,ఇన్ స్టంట్ డిస్కౌంట్ లభిస్లుంది,0.0,ఇన్ స్టంట్ డిస్కౌంట్ లభిస్లుంది
మృతురాలి కుటుంబ సభ్యులను ఘర్షణలో గాయపడినవారిని పరమర్శించారు,0.0,మృతురాలి కుటుంబ సభ్యులను ఘర్షణలో గాయపడినవారిని పరమర్మించారు,0.0,మృతురాలి కుటుంబ సభ్యులను ఘర్షణలో గాయపడినవారిని పరమర్మించారు,0.0,మృతురాలి కుటుంబ సభ్యులను ఘర్షణలో గాయపడినవారిని పరమర్మించారు,0.0,మృతురాలి కుటుంబ సభ్యులను ఘర్షణలో గాయపడినవారిని పరమర్మించారు
దీనితో మాపై ప్రభావం పడింది,0.0,దీనితో మాపై ప్రభావం పడింది,0.0,దీనితో మాపై ప్రభావం పడింది,0.0,దీనితో మాపై ప్రభావం పడింది,0.0,దీనితో మాపై ప్రభావం పడింది
నిస్సాన్ సరికొత్త స్పోర్ట్స్ కారు,0.0,నిస్వాన్ సరికొత్ల స్నోర్ట్వ్ కారు,0.0,నిస్చాన్ సరికొత్ల స్వోర్ట్చ్ కారు,0.0,నిస్వాన్ సరికొత్ల స్సోర్ట్వ్ కారు,0.0,నిస్వాన్ సరికొత్ల స్నోర్ట్వ్ కారు
తీవ్ర గాయాలు కావడంతో వెంటనే ఖలీద్ ను గాంధీ హాస్పటల్ కు తీసుకెళ్లారు,0.0,తీవ్ర గాయాలు కావడంతో వెంటనే ఖలీద్ ను గాంధీ హాస్వటల్ కు తీసుకెళ్ధారు,0.0,తీవ్ర గాయాలు కావడంతో వెంటనే ఖలీద్ ను గాంధీ హాస్నటల్ కు తీసుకెళ్ధారు,0.0,తీవ్ర గాయాలు కావడంతో వెంటనే ఖలీద్ ను గాంధీ హాస్యటల్ కు తీసుకెళ్ధారు,0.0,తీవ్ర గాయాలు కావడంతో వెంటనే ఖలీద్ ను గాంధీ హాస్సటల్ కు తీసుకెళ్గారు
కానీ కేసుల వల్ల ఈ అంశం కోర్టులో పెండింగ్లో ఉన్నది,0.0,కానీ కేసుల వల్ధ ఈ అంశం కోర్టులో పెండింగ్తో ఉన్పది,0.0,కానీ కేసుల వల్త ఈ అంశం కోర్టులో పెండింగ్తో ఉన్వది,0.0,కానీ కేసుల వల్గ ఈ అంశం కోర్టులో పెండింగ్ధో ఉన్పది,0.0,కానీ కేసుల వల్త ఈ అంశం కోర్టులో పెండింగ్ధో ఉన్వది
సమీప వీక్షణం,0.0,సమీప వీక్షణం,0.0,సమీప వీక్షణం,0.0,సమీప వీక్షణం,0.0,సమీప వీక్షణం
ఆ విదేశీ పయినీర్లకు దైనందిన జీవితం కష్టమైంది,0.0,ఆ విదేశీ పయినీర్గకు దైనందిన జీవితం కష్టమైంది,0.0,ఆ విదేశీ పయినీర్తకు దైనందిన జీవితం కష్టమైంది,0.0,ఆ విదేశీ పయినీర్ధకు దైనందిన జీవితం కష్టమైంది,0.0,ఆ విదేశీ పయినీర్తకు దైనందిన జీవితం కష్టమైంది
ప్రభుత్వ నిర్బంధ వైద్య పర్యవేక్షణలో ఉన్నవారికి కోవిడ్ పరీక్ష నిర్వహించాక వ్యాధి లేదని స్పష్టమైతేనే ఇళ్లకు పంపుతామని ఆయన చెప్పారు,0.0,ప్రభుత్చ నిర్బంధ వైద్య పర్యవేక్షణలో ఉన్వవారికి కోవిడ్ పరీక్ష నిర్సహించాక వ్యాధి లేదని స్యష్టమైతేనే ఇళ్గకు పంపుతామని ఆయన చెప్నారు,0.0,ప్రభుత్య నిర్బంధ వైద్య పర్యవేక్షణలో ఉన్వవారికి కోవిడ్ పరీక్ష నిర్నహించాక వ్యాధి లేదని స్వష్టమైతేనే ఇళ్తకు పంపుతామని ఆయన చెప్వారు,0.0,ప్రభుత్య నిర్బంధ వైద్య పర్యవేక్షణలో ఉన్పవారికి కోవిడ్ పరీక్ష నిర్నహించాక వ్యాధి లేదని స్యష్టమైతేనే ఇళ్తకు పంపుతామని ఆయన చెప్నారు,0.0,ప్రభుత్ప నిర్బంధ వైద్య పర్యవేక్షణలో ఉన్వవారికి కోవిడ్ పరీక్ష నిర్నహించాక వ్యాధి లేదని స్వష్టమైతేనే ఇళ్ధకు పంపుతామని ఆయన చెప్వారు
ఆ సంఘటనతో అప్పట్లో పాకిస్తాన్ అంతటా హింసాత్మక నిరసనలు జరిగాయి,0.0,ఆ సంఘటనతో అప్యట్తో పాకిస్లాన్ అంతటా హింసాత్శక నిరసనలు జరిగాయి,0.0,ఆ సంఘటనతో అప్సట్తో పాకిస్లాన్ అంతటా హింసాత్శక నిరసనలు జరిగాయి,0.0,ఆ సంఘటనతో అప్నట్గో పాకిస్లాన్ అంతటా హింసాత్శక నిరసనలు జరిగాయి,0.0,ఆ సంఘటనతో అప్వట్ధో పాకిస్లాన్ అంతటా హింసాత్శక నిరసనలు జరిగాయి
ఇకనైనా తగిన చర్యలు తీసుకోవాలని ఆయన డిమాండ్ చేశారు,0.0,ఇకనైనా తగిన చర్యలు తీసుకోవాలని ఆయన డిమాండ్ చేశారు,0.0,ఇకనైనా తగిన చర్యలు తీసుకోవాలని ఆయన డిమాండ్ చేశారు,0.0,ఇకనైనా తగిన చర్యలు తీసుకోవాలని ఆయన డిమాండ్ చేశారు,0.0,ఇకనైనా తగిన చర్యలు తీసుకోవాలని ఆయన డిమాండ్ చేశారు
లక్షల చొప్పున పరిహారం ప్రకటించామని ప్రధానికి సీఎం తెలిపారు,0.0,లక్షల చొప్సున పరిహారం ప్రకటించామని ప్రధానికి సీఎం తెలిపారు,0.0,లక్షల చొప్వున పరిహారం ప్రకటించామని ప్రధానికి సీఎం తెలిపారు,0.0,లక్షల చొప్నున పరిహారం ప్రకటించామని ప్రధానికి సీఎం తెలిపారు,0.0,లక్షల చొప్యున పరిహారం ప్రకటించామని ప్రధానికి సీఎం తెలిపారు
ఇందులో ఓ సందర్భంలో నేను జైలుకు వెళ్తాను,0.0,ఇందులో ఓ సందర్భంలో నేను జైలుకు వెళ్లాను,0.0,ఇందులో ఓ సందర్భంలో నేను జైలుకు వెళ్లాను,0.0,ఇందులో ఓ సందర్భంలో నేను జైలుకు వెళ్లాను,0.0,ఇందులో ఓ సందర్భంలో నేను జైలుకు వెళ్లాను
నగరంలో ఒక రోజుకు జారీ చేసే టికెట్ ధర రూ,0.0,నగరంలో ఒక రోజుకు జారీ చేసే టికెట్ ధర రూ,0.0,నగరంలో ఒక రోజుకు జారీ చేసే టికెట్ ధర రూ,0.0,నగరంలో ఒక రోజుకు జారీ చేసే టికెట్ ధర రూ,0.0,నగరంలో ఒక రోజుకు జారీ చేసే టికెట్ ధర రూ
ఇంకా ఏది కమిట్ కాలేదు,0.0,ఇంకా ఏది కమిట్ కాలేదు,0.0,ఇంకా ఏది కమిట్ కాలేదు,0.0,ఇంకా ఏది కమిట్ కాలేదు,0.0,ఇంకా ఏది కమిట్ కాలేదు
మనలో చాలామంది ఫేస్బుక్ ఇన్స్టంట్ మెసేజింగ్ యాప్ వాట్సాప్ ద్వారా ఒకరితో ఒకరు కనెక్ట్ అవ్వడానికి ఉపయోగిస్తుంటారు,0.0,మనలో చాలామంది ఫేస్బుక్ ఇన్ప్టంట్ మెసేజింగ్ యాప్ వాట్పాప్ ద్చారా ఒకరితో ఒకరు కనెక్ట్ అవ్యడానికి ఉపయోగిస్లుంటారు,0.0,మనలో చాలామంది ఫేస్బుక్ ఇన్వ్టంట్ మెసేజింగ్ యాప్ వాట్చాప్ ద్యారా ఒకరితో ఒకరు కనెక్ట్ అవ్చడానికి ఉపయోగిస్లుంటారు,0.0,మనలో చాలామంది ఫేస్బుక్ ఇన్చ్టంట్ మెసేజింగ్ యాప్ వాట్చాప్ ద్సారా ఒకరితో ఒకరు కనెక్ట్ అవ్సడానికి ఉపయోగిస్లుంటారు,0.0,మనలో చాలామంది ఫేస్బుక్ ఇన్వ్టంట్ మెసేజింగ్ యాప్ వాట్వాప్ ద్యారా ఒకరితో ఒకరు కనెక్ట్ అవ్నడానికి ఉపయోగిస్లుంటారు
అంతేకాకుండా పెట్రోల్ రూపంలో ఏడాదికి రూ,0.0,అంతేకాకుండా పెట్రోల్ రూపంలో ఏడాదికి రూ,0.0,అంతేకాకుండా పెట్రోల్ రూపంలో ఏడాదికి రూ,0.0,అంతేకాకుండా పెట్రోల్ రూపంలో ఏడాదికి రూ,0.0,అంతేకాకుండా పెట్రోల్ రూపంలో ఏడాదికి రూ
రికార్డు చేరువలో కోహ్లీ,0.0,రికార్ధు చేరువలో కోహ్ధీ,0.0,రికార్ధు చేరువలో కోహ్తీ,0.0,రికార్ధు చేరువలో కోహ్ధీ,0.0,రికార్దు చేరువలో కోహ్గీ
మిమ్మల్ని నిద్రపోనివ్వరు,0.0,మిమ్శల్వి నిద్రపోనివ్నరు,0.0,మిమ్శల్పి నిద్రపోనివ్పరు,0.0,మిమ్శల్పి నిద్రపోనివ్సరు,0.0,మిమ్శల్పి నిద్రపోనివ్నరు
దక్షిణ నిర్వాహక జిల్లా,0.0,దక్షిణ నిర్పాహక జిల్ధా,0.0,దక్షిణ నిర్యాహక జిల్గా,0.0,దక్షిణ నిర్చాహక జిల్ధా,0.0,దక్షిణ నిర్యాహక జిల్గా
ఇక్కడ మాత్రం బయటపడింది,0.0,ఇక్కడ మాత్రం బయటపడింది,0.0,ఇక్కడ మాత్రం బయటపడింది,0.0,ఇక్కడ మాత్రం బయటపడింది,0.0,ఇక్కడ మాత్రం బయటపడింది
ఉత్తమ తెలుగు చిత్రం ఘాజీ,0.0,ఉత్లమ తెలుగు చిత్రం ఘాజీ,0.0,ఉత్లమ తెలుగు చిత్రం ఘాజీ,0.0,ఉత్లమ తెలుగు చిత్రం ఘాజీ,0.0,ఉత్లమ తెలుగు చిత్రం ఘాజీ
వారిపై దాడి చేశాడు,0.0,వారిపై దాడి చేశాడు,0.0,వారిపై దాడి చేశాడు,0.0,వారిపై దాడి చేశాడు,0.0,వారిపై దాడి చేశాడు
కానీ నమ్మకమైన యెహోవా సేవకులు ఎవ్వరూ వాళ్లలా స్వార్థంగా చెడ్డగా ప్రవర్తించరు,0.0,కానీ నమ్శకమైన యెహోవా సేవకులు ఎవ్పరూ వాళ్ధలా స్సార్థంగా చెడ్ధగా ప్రవర్లించరు,0.0,కానీ నమ్శకమైన యెహోవా సేవకులు ఎవ్చరూ వాళ్గలా స్యార్థంగా చెడ్ధగా ప్రవర్లించరు,0.0,కానీ నమ్శకమైన యెహోవా సేవకులు ఎవ్యరూ వాళ్గలా స్పార్థంగా చెడ్ధగా ప్రవర్లించరు,0.0,కానీ నమ్శకమైన యెహోవా సేవకులు ఎవ్సరూ వాళ్ధలా స్సార్థంగా చెడ్దగా ప్రవర్లించరు
రెండు పార్టీలు కలిసిన అధికారం చేజిక్కుంచుకునే అవకాశాలు కూడ లేవని అన్నారు,0.0,రెండు పార్టీలు కలిసిన అధికారం చేజిక్కుంచుకునే అవకాశాలు కూడ లేవని అన్పారు,0.0,రెండు పార్టీలు కలిసిన అధికారం చేజిక్కుంచుకునే అవకాశాలు కూడ లేవని అన్పారు,0.0,రెండు పార్టీలు కలిసిన అధికారం చేజిక్కుంచుకునే అవకాశాలు కూడ లేవని అన్పారు,0.0,రెండు పార్టీలు కలిసిన అధికారం చేజిక్కుంచుకునే అవకాశాలు కూడ లేవని అన్పారు
పంటలు ఆస్తులకు జరిగిన నష్టాన్ని రు,0.0,పంటలు ఆస్లులకు జరిగిన నష్టాన్పి రు,0.0,పంటలు ఆస్లులకు జరిగిన నష్టాన్పి రు,0.0,పంటలు ఆస్లులకు జరిగిన నష్టాన్వి రు,0.0,పంటలు ఆస్లులకు జరిగిన నష్టాన్వి రు
పిడుగుపాటుకు ఐదుగురు దుర్మరణం,0.0,పిడుగుపాటుకు ఐదుగురు దుర్శరణం,0.0,పిడుగుపాటుకు ఐదుగురు దుర్శరణం,0.0,పిడుగుపాటుకు ఐదుగురు దుర్శరణం,0.0,పిడుగుపాటుకు ఐదుగురు దుర్శరణం
లక్షల సీట్లను తక్కువ ధరకే ఆఫర్ చేస్తోంది,0.0,లక్షల సీట్గను తక్కువ ధరకే ఆఫర్ చేస్లోంది,0.0,లక్షల సీట్గను తక్కువ ధరకే ఆఫర్ చేస్లోంది,0.0,లక్షల సీట్గను తక్కువ ధరకే ఆఫర్ చేస్లోంది,0.0,లక్షల సీట్తను తక్కువ ధరకే ఆఫర్ చేస్లోంది
వీటితోపాటు ఇంద్ర ఏసీ గరుడ అమరావతి బస్సుల్లో కిలోమీటర్కు పైసలు చార్జీ పెంపు ఉంటుందని ఆర్టీసీ యాజమాన్యం తెలిపింది,0.0,వీటితోపాటు ఇంద్ర ఏసీ గరుడ అమరావతి బస్పుల్తో కిలోమీటర్కు పైసలు చార్జీ పెంపు ఉంటుందని ఆర్టీసీ యాజమాన్యం తెలిపింది,0.0,వీటితోపాటు ఇంద్ర ఏసీ గరుడ అమరావతి బస్పుల్తో కిలోమీటర్కు పైసలు చార్జీ పెంపు ఉంటుందని ఆర్టీసీ యాజమాన్యం తెలిపింది,0.0,వీటితోపాటు ఇంద్ర ఏసీ గరుడ అమరావతి బస్చుల్ధో కిలోమీటర్కు పైసలు చార్జీ పెంపు ఉంటుందని ఆర్టీసీ యాజమాన్యం తెలిపింది,0.0,వీటితోపాటు ఇంద్ర ఏసీ గరుడ అమరావతి బస్పుల్తో కిలోమీటర్కు పైసలు చార్జీ పెంపు ఉంటుందని ఆర్టీసీ యాజమాన్యం తెలిపింది
ఈ అంశాలపై బోర్డుకు ఫిర్యాదు చేసినప్పటికీ ఎటువంటి చర్యలు తీసుకోవడం లేదని ఆయన ఆరోపించారు,0.0,ఈ అంశాలపై బోర్దుకు ఫిర్యాదు చేసినప్యటికీ ఎటువంటి చర్యలు తీసుకోవడం లేదని ఆయన ఆరోపించారు,0.0,ఈ అంశాలపై బోర్దుకు ఫిర్యాదు చేసినప్నటికీ ఎటువంటి చర్యలు తీసుకోవడం లేదని ఆయన ఆరోపించారు,0.0,ఈ అంశాలపై బోర్దుకు ఫిర్యాదు చేసినప్యటికీ ఎటువంటి చర్యలు తీసుకోవడం లేదని ఆయన ఆరోపించారు,0.0,ఈ అంశాలపై బోర్ధుకు ఫిర్యాదు చేసినప్నటికీ ఎటువంటి చర్యలు తీసుకోవడం లేదని ఆయన ఆరోపించారు
సినిమాతో ఏం చెబుతున్నారు,0.0,సినిమాతో ఏం చెబుతున్పారు,0.0,సినిమాతో ఏం చెబుతున్వారు,0.0,సినిమాతో ఏం చెబుతున్వారు,0.0,సినిమాతో ఏం చెబుతున్వారు
వాటిని తగలబెట్టారు,0.0,వాటిని తగలబెట్టారు,0.0,వాటిని తగలబెట్టారు,0.0,వాటిని తగలబెట్టారు,0.0,వాటిని తగలబెట్టారు
ఆమె నుంచి ఎవ్వరం తప్పించుకోలేం,0.0,ఆమె నుంచి ఎవ్పరం తప్యించుకోలేం,0.0,ఆమె నుంచి ఎవ్సరం తప్సించుకోలేం,0.0,ఆమె నుంచి ఎవ్నరం తప్వించుకోలేం,0.0,ఆమె నుంచి ఎవ్చరం తప్యించుకోలేం
ఏది చేస్తే మంచి జరుగుతుందో ఆయనకు తెలుసు,0.0,ఏది చేస్లే మంచి జరుగుతుందో ఆయనకు తెలుసు,0.0,ఏది చేస్లే మంచి జరుగుతుందో ఆయనకు తెలుసు,0.0,ఏది చేస్లే మంచి జరుగుతుందో ఆయనకు తెలుసు,0.0,ఏది చేస్లే మంచి జరుగుతుందో ఆయనకు తెలుసు
దానికి తగ్గట్టే కొన్ని ముందస్తు మార్పులు అప్పుడే గోచరిస్తున్నాయి,0.0,దానికి తగ్లట్టే కొన్వి ముందస్లు మార్వులు అప్నుడే గోచరిస్లున్వాయి,0.0,దానికి తగ్లట్టే కొన్పి ముందస్లు మార్వులు అప్యుడే గోచరిస్లున్పాయి,0.0,దానికి తగ్ధట్టే కొన్వి ముందస్లు మార్యులు అప్సుడే గోచరిస్లున్వాయి,0.0,దానికి తగ్ఠట్టే కొన్వి ముందస్లు మార్వులు అప్వుడే గోచరిస్లున్వాయి
హుషారు చిత్ర దర్శకుడు శ్రీహర్ష కొనుగంటి ఈ చిత్రానికి దర్శకత్వం వహిస్తున్నారు,0.0,హుషారు చిత్ర దర్మకుడు శ్రీహర్ష కొనుగంటి ఈ చిత్రానికి దర్మకత్యం వహిస్లున్వారు,0.0,హుషారు చిత్ర దర్మకుడు శ్రీహర్ష కొనుగంటి ఈ చిత్రానికి దర్మకత్నం వహిస్లున్వారు,0.0,హుషారు చిత్ర దర్మకుడు శ్రీహర్ష కొనుగంటి ఈ చిత్రానికి దర్మకత్సం వహిస్లున్పారు,0.0,హుషారు చిత్ర దర్మకుడు శ్రీహర్ష కొనుగంటి ఈ చిత్రానికి దర్మకత్చం వహిస్లున్వారు
ఏది ఏమైనా కూడా ఫలితాలు వచ్చే వారికి వేచి చేయిదాల్సిందే మరి,0.0,ఏది ఏమైనా కూడా ఫలితాలు వచ్వే వారికి వేచి చేయిదాల్పిందే మరి,0.0,ఏది ఏమైనా కూడా ఫలితాలు వచ్వే వారికి వేచి చేయిదాల్చిందే మరి,0.0,ఏది ఏమైనా కూడా ఫలితాలు వచ్వే వారికి వేచి చేయిదాల్నిందే మరి,0.0,ఏది ఏమైనా కూడా ఫలితాలు వచ్వే వారికి వేచి చేయిదాల్పిందే మరి
చిలకలగూడ పోలీస్స్టేషన్ పరిధిలో ఈ సంఘటన జరిగింది,0.0,చిలకలగూడ పోలీస్చ్టేషన్ పరిధిలో ఈ సంఘటన జరిగింది,0.0,చిలకలగూడ పోలీస్చ్టేషన్ పరిధిలో ఈ సంఘటన జరిగింది,0.0,చిలకలగూడ పోలీస్చ్టేషన్ పరిధిలో ఈ సంఘటన జరిగింది,0.0,చిలకలగూడ పోలీస్వ్టేషన్ పరిధిలో ఈ సంఘటన జరిగింది
టాం గ్రూప్ నుండి ఎఫ్ ఎ బి లో భాగంగా ఉంది,0.0,టాం గ్రూప్ నుండి ఎఫ్ ఎ బి లో భాగంగా ఉంది,0.0,టాం గ్రూప్ నుండి ఎఫ్ ఎ బి లో భాగంగా ఉంది,0.0,టాం గ్రూప్ నుండి ఎఫ్ ఎ బి లో భాగంగా ఉంది,0.0,టాం గ్రూప్ నుండి ఎఫ్ ఎ బి లో భాగంగా ఉంది
మీరు వాటిపై ఎక్కువ శ్రద్ధ చూపాలి,0.0,మీరు వాటిపై ఎక్కువ శ్రద్ద చూపాలి,0.0,మీరు వాటిపై ఎక్కువ శ్రద్ల చూపాలి,0.0,మీరు వాటిపై ఎక్కువ శ్రద్ద చూపాలి,0.0,మీరు వాటిపై ఎక్కువ శ్రద్డ చూపాలి
ఈ సంఘటన తమిళనాడు రాష్ట్రం పుదుకోట జిల్లాలో చోటుచేసుకుంది,0.0,ఈ సంఘటన తమిళనాడు రాష్ట్రం పుదుకోట జిల్గాలో చోటుచేసుకుంది,0.0,ఈ సంఘటన తమిళనాడు రాష్ట్రం పుదుకోట జిల్ధాలో చోటుచేసుకుంది,0.0,ఈ సంఘటన తమిళనాడు రాష్ట్రం పుదుకోట జిల్గాలో చోటుచేసుకుంది,0.0,ఈ సంఘటన తమిళనాడు రాష్ట్రం పుదుకోట జిల్ధాలో చోటుచేసుకుంది
పసందంటే మనది,0.0,పసందంటే మనది,0.0,పసందంటే మనది,0.0,పసందంటే మనది,0.0,పసందంటే మనది
కౌఫ్మాన్ అభ్యర్ధన మీద డెన్వర్ కళాకారుడు అలెన్ టప్పర్ ట్రూ ఆనకట్ట కుడ్యాలంకరణ భూ అలంకరణ ఫ్లోరింగ్ డిజైన్ పనికి నియమించబడ్డాడు,0.0,కౌఫ్శాన్ అభ్యర్డన మీద డెన్చర్ కళాకారుడు అలెన్ టప్సర్ ట్రూ ఆనకట్ట కుడ్యాలంకరణ భూ అలంకరణ ఫ్గోరింగ్ డిజైన్ పనికి నియమించబడ్ధాడు,0.0,కౌఫ్శాన్ అభ్యర్లన మీద డెన్పర్ కళాకారుడు అలెన్ టప్నర్ ట్రూ ఆనకట్ట కుడ్యాలంకరణ భూ అలంకరణ ఫ్గోరింగ్ డిజైన్ పనికి నియమించబడ్దాడు,0.0,కౌఫ్శాన్ అభ్యర్లన మీద డెన్సర్ కళాకారుడు అలెన్ టప్సర్ ట్రూ ఆనకట్ట కుడ్యాలంకరణ భూ అలంకరణ ఫ్తోరింగ్ డిజైన్ పనికి నియమించబడ్దాడు,0.0,కౌఫ్శాన్ అభ్యర్గన మీద డెన్చర్ కళాకారుడు అలెన్ టప్వర్ ట్రూ ఆనకట్ట కుడ్యాలంకరణ భూ అలంకరణ ఫ్ధోరింగ్ డిజైన్ పనికి నియమించబడ్దాడు
ప్రేమ పేరుతో,0.0,ప్రేమ పేరుతో,0.0,ప్రేమ పేరుతో,0.0,ప్రేమ పేరుతో,0.0,ప్రేమ పేరుతో
విజయవాడ లో స్విగ్గి కార్మికుల ధర్నా,0.0,విజయవాడ లో స్పిగ్ఠి కార్శికుల ధర్వా,0.0,విజయవాడ లో స్చిగ్ఠి కార్శికుల ధర్పా,0.0,విజయవాడ లో స్పిగ్లి కార్శికుల ధర్వా,0.0,విజయవాడ లో స్సిగ్లి కార్శికుల ధర్వా
చూసాడట ఉదయం పదిగంటలకే,0.0,చూసాడట ఉదయం పదిగంటలకే,0.0,చూసాడట ఉదయం పదిగంటలకే,0.0,చూసాడట ఉదయం పదిగంటలకే,0.0,చూసాడట ఉదయం పదిగంటలకే
ఎంపిక కోసం ప్రమాణాలు,0.0,ఎంపిక కోసం ప్రమాణాలు,0.0,ఎంపిక కోసం ప్రమాణాలు,0.0,ఎంపిక కోసం ప్రమాణాలు,0.0,ఎంపిక కోసం ప్రమాణాలు
సర్టిఫికెట్ల తనిఖీకి వచ్చేటప్పుడు అవసరమైన అన్ని పత్రాలను తప్పనిసరిగా వెంట తీసుకురావాలి,0.0,సర్టిఫికెట్త తనిఖీకి వచ్వేటప్వుడు అవసరమైన అన్పి పత్రాలను తప్యనిసరిగా వెంట తీసుకురావాలి,0.0,సర్టిఫికెట్గ తనిఖీకి వచ్వేటప్యుడు అవసరమైన అన్వి పత్రాలను తప్సనిసరిగా వెంట తీసుకురావాలి,0.0,సర్టిఫికెట్గ తనిఖీకి వచ్వేటప్సుడు అవసరమైన అన్వి పత్రాలను తప్ననిసరిగా వెంట తీసుకురావాలి,0.0,సర్టిఫికెట్ధ తనిఖీకి వచ్సేటప్సుడు అవసరమైన అన్వి పత్రాలను తప్యనిసరిగా వెంట తీసుకురావాలి
రెంజల్ మండలం సాటాపూర్ వద్ద ఈ ఘటన చోటుచేసుకుంది,0.0,రెంజల్ మండలం సాటాపూర్ వద్  ఈ ఘటన చోటుచేసుకుంది,0.0,రెంజల్ మండలం సాటాపూర్ వద్ధ ఈ ఘటన చోటుచేసుకుంది,0.0,రెంజల్ మండలం సాటాపూర్ వద్డ ఈ ఘటన చోటుచేసుకుంది,0.0,రెంజల్ మండలం సాటాపూర్ వద్ధ ఈ ఘటన చోటుచేసుకుంది
వొక గుర్తు,0.0,వొక గుర్లు,0.0,వొక గుర్లు,0.0,వొక గుర్లు,0.0,వొక గుర్లు
వారు తమ సమయాన్ని చాలా జాగ్రత్తగా వినియోగించుకొంటారు,0.0,వారు తమ సమయాన్వి చాలా జాగ్రత్లగా వినియోగించుకొంటారు,0.0,వారు తమ సమయాన్పి చాలా జాగ్రత్లగా వినియోగించుకొంటారు,0.0,వారు తమ సమయాన్పి చాలా జాగ్రత్లగా వినియోగించుకొంటారు,0.0,వారు తమ సమయాన్వి చాలా జాగ్రత్లగా వినియోగించుకొంటారు
ఇండియాలో పాగా,0.0,ఇండియాలో పాగా,0.0,ఇండియాలో పాగా,0.0,ఇండియాలో పాగా,0.0,ఇండియాలో పాగా
ఈ నేపథ్యంలో ముచ్చటగా మూడోసారి నితీశ్ కుమార్ దీపావళి తర్వాత సీఎంగా ప్రమాణం చేయనున్నారు,0.0,ఈ నేపథ్యంలో ముచ్సటగా మూడోసారి నితీశ్ కుమార్ దీపావళి తర్యాత సీఎంగా ప్రమాణం చేయనున్వారు,0.0,ఈ నేపథ్యంలో ముచ్సటగా మూడోసారి నితీశ్ కుమార్ దీపావళి తర్చాత సీఎంగా ప్రమాణం చేయనున్పారు,0.0,ఈ నేపథ్యంలో ముచ్సటగా మూడోసారి నితీశ్ కుమార్ దీపావళి తర్యాత సీఎంగా ప్రమాణం చేయనున్పారు,0.0,ఈ నేపథ్యంలో ముచ్వటగా మూడోసారి నితీశ్ కుమార్ దీపావళి తర్పాత సీఎంగా ప్రమాణం చేయనున్పారు
ఆయన మృతిపై పలు అనుమానాలను వ్యక్తం చేశారు,0.0,ఆయన మృతిపై పలు అనుమానాలను వ్యక్లం చేశారు,0.0,ఆయన మృతిపై పలు అనుమానాలను వ్యక్లం చేశారు,0.0,ఆయన మృతిపై పలు అనుమానాలను వ్యక్లం చేశారు,0.0,ఆయన మృతిపై పలు అనుమానాలను వ్యక్లం చేశారు
తెరపై కనిపించే,0.0,తెరపై కనిపించే,0.0,తెరపై కనిపించే,0.0,తెరపై కనిపించే,0.0,తెరపై కనిపించే
ఇతరులు యెహోవా గురించి తెలుసుకునేందుకు సహాయం చేయడానికే నేను గినియాలో ఉన్నానని నాకు నేను రోజూ గుర్తుతెచ్చుకునేదాన్ని,0.0,ఇతరులు యెహోవా గురించి తెలుసుకునేందుకు సహాయం చేయడానికే నేను గినియాలో ఉన్పానని నాకు నేను రోజూ గుర్లుతెచ్వుకునేదాన్వి,0.0,ఇతరులు యెహోవా గురించి తెలుసుకునేందుకు సహాయం చేయడానికే నేను గినియాలో ఉన్వానని నాకు నేను రోజూ గుర్లుతెచ్వుకునేదాన్పి,0.0,ఇతరులు యెహోవా గురించి తెలుసుకునేందుకు సహాయం చేయడానికే నేను గినియాలో ఉన్వానని నాకు నేను రోజూ గుర్లుతెచ్వుకునేదాన్వి,0.0,ఇతరులు యెహోవా గురించి తెలుసుకునేందుకు సహాయం చేయడానికే నేను గినియాలో ఉన్వానని నాకు నేను రోజూ గుర్లుతెచ్వుకునేదాన్పి
ఈ ఘటన కర్ణాటక రాష్ట్రంలో జరగగా ఆలస్యంగా వెలుగులోకి వచ్చింది,0.0,ఈ ఘటన కర్ణాటక రాష్ట్రంలో జరగగా ఆలస్యంగా వెలుగులోకి వచ్సింది,0.0,ఈ ఘటన కర్ణాటక రాష్ట్రంలో జరగగా ఆలస్యంగా వెలుగులోకి వచ్సింది,0.0,ఈ ఘటన కర్ణాటక రాష్ట్రంలో జరగగా ఆలస్యంగా వెలుగులోకి వచ్సింది,0.0,ఈ ఘటన కర్ణాటక రాష్ట్రంలో జరగగా ఆలస్యంగా వెలుగులోకి వచ్సింది
కోకో పౌడర్ టేబుల్ స్పూన్లు,0.0,కోకో పౌడర్ టేబుల్ స్సూన్గు,0.0,కోకో పౌడర్ టేబుల్ స్సూన్తు,0.0,కోకో పౌడర్ టేబుల్ స్వూన్తు,0.0,కోకో పౌడర్ టేబుల్ స్యూన్గు
ఏ రంగు అయినా ఎంపిక చేసుకోండి,0.0,ఏ రంగు అయినా ఎంపిక చేసుకోండి,0.0,ఏ రంగు అయినా ఎంపిక చేసుకోండి,0.0,ఏ రంగు అయినా ఎంపిక చేసుకోండి,0.0,ఏ రంగు అయినా ఎంపిక చేసుకోండి
ముఖ్యమంత్రి వైఎస్ జగన్మోహన్రెడ్డి పాడి రైతులకు భరోసా ఇస్తున్నట్లు ప్రకటించారు,0.0,ముఖ్యమంత్రి వైఎస్ జగన్శోహన్రెడ్ది పాడి రైతులకు భరోసా ఇస్లున్పట్తు ప్రకటించారు,0.0,ముఖ్యమంత్రి వైఎస్ జగన్శోహన్రెడ్ధి పాడి రైతులకు భరోసా ఇస్లున్పట్గు ప్రకటించారు,0.0,ముఖ్యమంత్రి వైఎస్ జగన్శోహన్రెడ్ది పాడి రైతులకు భరోసా ఇస్లున్పట్గు ప్రకటించారు,0.0,ముఖ్యమంత్రి వైఎస్ జగన్శోహన్రెడ్ధి పాడి రైతులకు భరోసా ఇస్లున్పట్ధు ప్రకటించారు
అయితే ఈ ప్రాజెక్ట్ పై ఇన్ని వార్తలొస్తున్నా సంబంధిత వ్యక్తుల నుండి ఇంకా ఎలాంటి ప్రకటన వెలువడలేదు,0.0,అయితే ఈ ప్రాజెక్ట్ పై ఇన్వి వార్లలొస్లున్పా సంబంధిత వ్యక్లుల నుండి ఇంకా ఎలాంటి ప్రకటన వెలువడలేదు,0.0,అయితే ఈ ప్రాజెక్ట్ పై ఇన్పి వార్లలొస్లున్పా సంబంధిత వ్యక్లుల నుండి ఇంకా ఎలాంటి ప్రకటన వెలువడలేదు,0.0,అయితే ఈ ప్రాజెక్ట్ పై ఇన్పి వార్లలొస్లున్వా సంబంధిత వ్యక్లుల నుండి ఇంకా ఎలాంటి ప్రకటన వెలువడలేదు,0.0,అయితే ఈ ప్రాజెక్ట్ పై ఇన్పి వార్లలొస్లున్పా సంబంధిత వ్యక్లుల నుండి ఇంకా ఎలాంటి ప్రకటన వెలువడలేదు
కోటిన్నరలో తీసిన ఈ సినిమా రూ,0.0,కోటిన్పరలో తీసిన ఈ సినిమా రూ,0.0,కోటిన్పరలో తీసిన ఈ సినిమా రూ,0.0,కోటిన్వరలో తీసిన ఈ సినిమా రూ,0.0,కోటిన్పరలో తీసిన ఈ సినిమా రూ
ధర అద్భుతమైన ఉంది,0.0,ధర అద్భుతమైన ఉంది,0.0,ధర అద్భుతమైన ఉంది,0.0,ధర అద్భుతమైన ఉంది,0.0,ధర అద్భుతమైన ఉంది
తగినంత ఇప్పటికే,0.0,తగినంత ఇప్సటికే,0.0,తగినంత ఇప్వటికే,0.0,తగినంత ఇప్వటికే,0.0,తగినంత ఇప్వటికే
దేశ రాజధాని ఢిల్లీలో పెట్రోల్ ధర పైసలు పెరుగుదలతో రూ,0.0,దేశ రాజధాని ఢిల్గీలో పెట్రోల్ ధర పైసలు పెరుగుదలతో రూ,0.0,దేశ రాజధాని ఢిల్గీలో పెట్రోల్ ధర పైసలు పెరుగుదలతో రూ,0.0,దేశ రాజధాని ఢిల్ధీలో పెట్రోల్ ధర పైసలు పెరుగుదలతో రూ,0.0,దేశ రాజధాని ఢిల్గీలో పెట్రోల్ ధర పైసలు పెరుగుదలతో రూ
భారత్ అన్ని రంగాల్లో పటిష్టంగా ఉంది,0.0,భారత్ అన్వి రంగాల్ధో పటిష్టంగా ఉంది,0.0,భారత్ అన్పి రంగాల్తో పటిష్టంగా ఉంది,0.0,భారత్ అన్వి రంగాల్తో పటిష్టంగా ఉంది,0.0,భారత్ అన్వి రంగాల్ధో పటిష్టంగా ఉంది
అడగడానికి లేదు,0.0,అడగడానికి లేదు,0.0,అడగడానికి లేదు,0.0,అడగడానికి లేదు,0.0,అడగడానికి లేదు
కానీ సరైన కథ దొరకడానికి కొంత సమయం పడుతుంది,0.0,కానీ సరైన కథ దొరకడానికి కొంత సమయం పడుతుంది,0.0,కానీ సరైన కథ దొరకడానికి కొంత సమయం పడుతుంది,0.0,కానీ సరైన కథ దొరకడానికి కొంత సమయం పడుతుంది,0.0,కానీ సరైన కథ దొరకడానికి కొంత సమయం పడుతుంది
మనకి పెద్దగా పనిఉండదు,0.0,మనకి పెద్డగా పనిఉండదు,0.0,మనకి పెద్ గా పనిఉండదు,0.0,మనకి పెద్ధగా పనిఉండదు,0.0,మనకి పెద్ గా పనిఉండదు
అయోధ్య కేసులో సుప్రీం తీర్పుపై అసదుద్దీన్ రియాక్షన్,0.0,అయోధ్య కేసులో సుప్రీం తీర్యుపై అసదుద్డీన్ రియాక్షన్,0.0,అయోధ్య కేసులో సుప్రీం తీర్సుపై అసదుద్డీన్ రియాక్షన్,0.0,అయోధ్య కేసులో సుప్రీం తీర్సుపై అసదుద్డీన్ రియాక్షన్,0.0,అయోధ్య కేసులో సుప్రీం తీర్యుపై అసదుద్ధీన్ రియాక్షన్
అయితే వివాహం జరగలేదు,0.0,అయితే వివాహం జరగలేదు,0.0,అయితే వివాహం జరగలేదు,0.0,అయితే వివాహం జరగలేదు,0.0,అయితే వివాహం జరగలేదు
దీన్ని కచ్చితంగా చేస్తాం అని పేర్కొన్నారు,0.0,దీన్వి కచ్వితంగా చేస్లాం అని పేర్కొన్పారు,0.0,దీన్పి కచ్సితంగా చేస్లాం అని పేర్కొన్వారు,0.0,దీన్పి కచ్వితంగా చేస్లాం అని పేర్కొన్పారు,0.0,దీన్వి కచ్వితంగా చేస్లాం అని పేర్కొన్పారు
కానీ మేము వాస్తవికతను గురించి మర్చిపోతే ఉండకూడదు,0.0,కానీ మేము వాస్లవికతను గురించి మర్విపోతే ఉండకూడదు,0.0,కానీ మేము వాస్లవికతను గురించి మర్విపోతే ఉండకూడదు,0.0,కానీ మేము వాస్లవికతను గురించి మర్సిపోతే ఉండకూడదు,0.0,కానీ మేము వాస్లవికతను గురించి మర్విపోతే ఉండకూడదు
రాజకీయాల నుంచి వైదొలగుతా,0.0,రాజకీయాల నుంచి వైదొలగుతా,0.0,రాజకీయాల నుంచి వైదొలగుతా,0.0,రాజకీయాల నుంచి వైదొలగుతా,0.0,రాజకీయాల నుంచి వైదొలగుతా
అవును దేశం మొత్తం ఎంతగానో ఎదురుచూస్తున్న క్విడ్ లీటర్ కారును రెనో నేడు ఆగష్టు విడుదల చేసింది,0.0,అవును దేశం మొత్లం ఎంతగానో ఎదురుచూస్లున్ప క్నిడ్ లీటర్ కారును రెనో నేడు ఆగష్టు విడుదల చేసింది,0.0,అవును దేశం మొత్లం ఎంతగానో ఎదురుచూస్లున్వ క్పిడ్ లీటర్ కారును రెనో నేడు ఆగష్టు విడుదల చేసింది,0.0,అవును దేశం మొత్లం ఎంతగానో ఎదురుచూస్లున్ప క్పిడ్ లీటర్ కారును రెనో నేడు ఆగష్టు విడుదల చేసింది,0.0,అవును దేశం మొత్లం ఎంతగానో ఎదురుచూస్లున్ప క్యిడ్ లీటర్ కారును రెనో నేడు ఆగష్టు విడుదల చేసింది
ఈ చిత్ర డైరెక్టర్ ఎన్,0.0,ఈ చిత్ర డైరెక్టర్ ఎన్,0.0,ఈ చిత్ర డైరెక్టర్ ఎన్,0.0,ఈ చిత్ర డైరెక్టర్ ఎన్,0.0,ఈ చిత్ర డైరెక్టర్ ఎన్
ఈ ఎన్నికలలో విజయం సాధించేది బీజేపీ అని ఆశ తో ఉన్నారు,0.0,ఈ ఎన్వికలలో విజయం సాధించేది బీజేపీ అని ఆశ తో ఉన్వారు,0.0,ఈ ఎన్వికలలో విజయం సాధించేది బీజేపీ అని ఆశ తో ఉన్పారు,0.0,ఈ ఎన్పికలలో విజయం సాధించేది బీజేపీ అని ఆశ తో ఉన్వారు,0.0,ఈ ఎన్వికలలో విజయం సాధించేది బీజేపీ అని ఆశ తో ఉన్వారు
దీని ప్రభావం ప్రపంచ వ్యాప్తంగా వివిధ దేశాల మీద పడుతుంది,0.0,దీని ప్రభావం ప్రపంచ వ్యాప్లంగా వివిధ దేశాల మీద పడుతుంది,0.0,దీని ప్రభావం ప్రపంచ వ్యాప్లంగా వివిధ దేశాల మీద పడుతుంది,0.0,దీని ప్రభావం ప్రపంచ వ్యాప్లంగా వివిధ దేశాల మీద పడుతుంది,0.0,దీని ప్రభావం ప్రపంచ వ్యాప్లంగా వివిధ దేశాల మీద పడుతుంది
అన్నాడతను,0.0,అన్వాడతను,0.0,అన్పాడతను,0.0,అన్పాడతను,0.0,అన్వాడతను
అటు బీజేపీ కార్యకర్తలు నాయకులు ఆశ్చర్యానికి లోనయ్యారు,0.0,అటు బీజేపీ కార్యకర్లలు నాయకులు ఆశ్సర్యానికి లోనయ్యారు,0.0,అటు బీజేపీ కార్యకర్లలు నాయకులు ఆశ్సర్యానికి లోనయ్యారు,0.0,అటు బీజేపీ కార్యకర్లలు నాయకులు ఆశ్వర్యానికి లోనయ్యారు,0.0,అటు బీజేపీ కార్యకర్లలు నాయకులు ఆశ్వర్యానికి లోనయ్యారు
మన మెజారిటీ ప్రజలకు లబ్ధి చేకూర్చగల ప్రాజెక్టులకు పెట్టుబడిని విజయవంతంగా సమకూర్చగల సామర్ధ్యం తమకు ఉందని మన మార్కెట్లు చూపించాలి,0.0,మన మెజారిటీ ప్రజలకు లబ్గి చేకూర్సగల ప్రాజెక్టులకు పెట్టుబడిని విజయవంతంగా సమకూర్సగల సామర్గ్యం తమకు ఉందని మన మార్కెట్గు చూపించాలి,0.0,మన మెజారిటీ ప్రజలకు లబ్ది చేకూర్సగల ప్రాజెక్టులకు పెట్టుబడిని విజయవంతంగా సమకూర్వగల సామర్ల్యం తమకు ఉందని మన మార్కెట్తు చూపించాలి,0.0,మన మెజారిటీ ప్రజలకు లబ్గి చేకూర్వగల ప్రాజెక్టులకు పెట్టుబడిని విజయవంతంగా సమకూర్వగల సామర్డ్యం తమకు ఉందని మన మార్కెట్గు చూపించాలి,0.0,మన మెజారిటీ ప్రజలకు లబ్లి చేకూర్సగల ప్రాజెక్టులకు పెట్టుబడిని విజయవంతంగా సమకూర్వగల సామర్డ్యం తమకు ఉందని మన మార్కెట్ధు చూపించాలి
నియామక ప్రక్రియ ఇలా,0.0,నియామక ప్రక్రియ ఇలా,0.0,నియామక ప్రక్రియ ఇలా,0.0,నియామక ప్రక్రియ ఇలా,0.0,నియామక ప్రక్రియ ఇలా
వారూ చురుగ్గా ఉంటారు,0.0,వారూ చురుగ్ధా ఉంటారు,0.0,వారూ చురుగ్లా ఉంటారు,0.0,వారూ చురుగ్ధా ఉంటారు,0.0,వారూ చురుగ్ధా ఉంటారు
చదరపు చాలెట్తో ప్రాంతం,0.0,చదరపు చాలెట్లో ప్రాంతం,0.0,చదరపు చాలెట్లో ప్రాంతం,0.0,చదరపు చాలెట్లో ప్రాంతం,0.0,చదరపు చాలెట్లో ప్రాంతం
నోట్లు రూపంలో ఉన్నాయి,0.0,నోట్తు రూపంలో ఉన్వాయి,0.0,నోట్గు రూపంలో ఉన్వాయి,0.0,నోట్గు రూపంలో ఉన్వాయి,0.0,నోట్ధు రూపంలో ఉన్పాయి
సమంత ప్రధాన పాత్రధారిగా నందినీ రెడ్డి దర్శకత్వంలో ఓ బేబీ రూపొందుతోంది,0.0,సమంత ప్రధాన పాత్రధారిగా నందినీ రెడ్ధి దర్మకత్సంలో ఓ బేబీ రూపొందుతోంది,0.0,సమంత ప్రధాన పాత్రధారిగా నందినీ రెడ్ధి దర్మకత్పంలో ఓ బేబీ రూపొందుతోంది,0.0,సమంత ప్రధాన పాత్రధారిగా నందినీ రెడ్ధి దర్మకత్యంలో ఓ బేబీ రూపొందుతోంది,0.0,సమంత ప్రధాన పాత్రధారిగా నందినీ రెడ్ది దర్మకత్చంలో ఓ బేబీ రూపొందుతోంది
ఈ సినిమాలో అఖిల్ అక్కినేని సరసన బుట్టబొమ్మ పూజా హెగ్డే హీరోయిన్గా నటించారు,0.0,ఈ సినిమాలో అఖిల్ అక్కినేని సరసన బుట్టబొమ్శ పూజా హెగ్దే హీరోయిన్ఠా నటించారు,0.0,ఈ సినిమాలో అఖిల్ అక్కినేని సరసన బుట్టబొమ్శ పూజా హెగ్దే హీరోయిన్లా నటించారు,0.0,ఈ సినిమాలో అఖిల్ అక్కినేని సరసన బుట్టబొమ్శ పూజా హెగ్దే హీరోయిన్ఠా నటించారు,0.0,ఈ సినిమాలో అఖిల్ అక్కినేని సరసన బుట్టబొమ్శ పూజా హెగ్దే హీరోయిన్ధా నటించారు
మెట్రో ఆర్టీసి బస్సులు హైదరాబాద్ లో అన్ని కాలనీలు శానిటేషన్ చేసారు,0.0,మెట్రో ఆర్టీసి బస్వులు హైదరాబాద్ లో అన్వి కాలనీలు శానిటేషన్ చేసారు,0.0,మెట్రో ఆర్టీసి బస్నులు హైదరాబాద్ లో అన్వి కాలనీలు శానిటేషన్ చేసారు,0.0,మెట్రో ఆర్టీసి బస్పులు హైదరాబాద్ లో అన్వి కాలనీలు శానిటేషన్ చేసారు,0.0,మెట్రో ఆర్టీసి బస్వులు హైదరాబాద్ లో అన్వి కాలనీలు శానిటేషన్ చేసారు
విచారణ తర్వాతే అన్ని విషయాలు తెలుస్తాయని ఆయన చెప్పారు,0.0,విచారణ తర్యాతే అన్పి విషయాలు తెలుస్లాయని ఆయన చెప్నారు,0.0,విచారణ తర్పాతే అన్వి విషయాలు తెలుస్లాయని ఆయన చెప్యారు,0.0,విచారణ తర్పాతే అన్వి విషయాలు తెలుస్లాయని ఆయన చెప్నారు,0.0,విచారణ తర్యాతే అన్వి విషయాలు తెలుస్లాయని ఆయన చెప్నారు
చైనాలో ఈ వైరస్ కారణంగా మృతిచెందిన వారి సంఖ్య కి చేరింది,0.0,చైనాలో ఈ వైరస్ కారణంగా మృతిచెందిన వారి సంఖ్య కి చేరింది,0.0,చైనాలో ఈ వైరస్ కారణంగా మృతిచెందిన వారి సంఖ్య కి చేరింది,0.0,చైనాలో ఈ వైరస్ కారణంగా మృతిచెందిన వారి సంఖ్య కి చేరింది,0.0,చైనాలో ఈ వైరస్ కారణంగా మృతిచెందిన వారి సంఖ్య కి చేరింది
ఎగ్జిట్ పోల్స్ అంచనాలకు భిన్నంగా హర్యానాలో బిజెపి స్థానాలతో సరిపెట్టుకుంది,0.0,ఎగ్జిట్ పోల్వ్ అంచనాలకు భిన్వంగా హర్యానాలో బిజెపి స్థానాలతో సరిపెట్టుకుంది,0.0,ఎగ్జిట్ పోల్చ్ అంచనాలకు భిన్వంగా హర్యానాలో బిజెపి స్థానాలతో సరిపెట్టుకుంది,0.0,ఎగ్జిట్ పోల్వ్ అంచనాలకు భిన్వంగా హర్యానాలో బిజెపి స్థానాలతో సరిపెట్టుకుంది,0.0,ఎగ్జిట్ పోల్న్ అంచనాలకు భిన్పంగా హర్యానాలో బిజెపి స్థానాలతో సరిపెట్టుకుంది
భాజపా జేడీయూ మధ్య నెలకొన్న సంక్షోభమ్,0.0,భాజపా జేడీయూ మధ్య నెలకొన్ప సంక్షోభమ్,0.0,భాజపా జేడీయూ మధ్య నెలకొన్ప సంక్షోభమ్,0.0,భాజపా జేడీయూ మధ్య నెలకొన్ప సంక్షోభమ్,0.0,భాజపా జేడీయూ మధ్య నెలకొన్ప సంక్షోభమ్
నిందితులను శిక్షించాల్సిందే,0.0,నిందితులను శిక్షించాల్చిందే,0.0,నిందితులను శిక్షించాల్చిందే,0.0,నిందితులను శిక్షించాల్నిందే,0.0,నిందితులను శిక్షించాల్నిందే
అనవసర వివాదాలను తలకెత్తుకోకూడదు,0.0,అనవసర వివాదాలను తలకెత్లుకోకూడదు,0.0,అనవసర వివాదాలను తలకెత్లుకోకూడదు,0.0,అనవసర వివాదాలను తలకెత్లుకోకూడదు,0.0,అనవసర వివాదాలను తలకెత్లుకోకూడదు
ఈ వీడియో సోషల్ మీడియాలో పోస్ట్ చేయడంతో వైరల్ అయ్యింది,0.0,ఈ వీడియో సోషల్ మీడియాలో పోస్ట్ చేయడంతో వైరల్ అయ్యింది,0.0,ఈ వీడియో సోషల్ మీడియాలో పోస్ట్ చేయడంతో వైరల్ అయ్యింది,0.0,ఈ వీడియో సోషల్ మీడియాలో పోస్ట్ చేయడంతో వైరల్ అయ్యింది,0.0,ఈ వీడియో సోషల్ మీడియాలో పోస్ట్ చేయడంతో వైరల్ అయ్యింది
బ్యాడ్మింటన్లో ఇండియా తరఫున వరల్డ్ నెం,0.0,బ్యాడ్శింటన్ధో ఇండియా తరఫున వరల్ధ్ నెం,0.0,బ్యాడ్శింటన్గో ఇండియా తరఫున వరల్ధ్ నెం,0.0,బ్యాడ్శింటన్గో ఇండియా తరఫున వరల్ద్ నెం,0.0,బ్యాడ్శింటన్ధో ఇండియా తరఫున వరల్ధ్ నెం
భారతదేశం పౌర పరమాణు సహకార ఒప్పందాన్ని సైతం కుదుర్చుకున్న అతి కొద్ది దేశాలలో ఫ్రాన్స్ కూడా ఒక దేశం,0.0,భారతదేశం పౌర పరమాణు సహకార ఒప్సందాన్పి సైతం కుదుర్సుకున్ప అతి కొద్డి దేశాలలో ఫ్రాన్ప్ కూడా ఒక దేశం,0.0,భారతదేశం పౌర పరమాణు సహకార ఒప్వందాన్పి సైతం కుదుర్వుకున్వ అతి కొద్డి దేశాలలో ఫ్రాన్చ్ కూడా ఒక దేశం,0.0,భారతదేశం పౌర పరమాణు సహకార ఒప్నందాన్వి సైతం కుదుర్వుకున్వ అతి కొద్ధి దేశాలలో ఫ్రాన్చ్ కూడా ఒక దేశం,0.0,భారతదేశం పౌర పరమాణు సహకార ఒప్నందాన్వి సైతం కుదుర్వుకున్వ అతి కొద్ధి దేశాలలో ఫ్రాన్చ్ కూడా ఒక దేశం
ఈ సంఘటన గుంటూరు జిల్లా పిడుగురాళ్లలో చోటుచేసుకుంది,0.0,ఈ సంఘటన గుంటూరు జిల్తా పిడుగురాళ్గలో చోటుచేసుకుంది,0.0,ఈ సంఘటన గుంటూరు జిల్ధా పిడుగురాళ్గలో చోటుచేసుకుంది,0.0,ఈ సంఘటన గుంటూరు జిల్ధా పిడుగురాళ్తలో చోటుచేసుకుంది,0.0,ఈ సంఘటన గుంటూరు జిల్ధా పిడుగురాళ్గలో చోటుచేసుకుంది
అదీ తనకు రుచించలేదు,0.0,అదీ తనకు రుచించలేదు,0.0,అదీ తనకు రుచించలేదు,0.0,అదీ తనకు రుచించలేదు,0.0,అదీ తనకు రుచించలేదు
పశువులకు బీమా,0.0,పశువులకు బీమా,0.0,పశువులకు బీమా,0.0,పశువులకు బీమా,0.0,పశువులకు బీమా
రామారావు సమర్పణలో క్రియేటివ్ కమర్షియల్స్ బ్యానర్ పై యంగ్ ప్రొడ్యూసర్ కె ఎ వల్లభ నిర్మించిన చిత్రం వరల్డ్ ఫేమస్ లవర్,0.0,రామారావు సమర్యణలో క్రియేటివ్ కమర్షియల్న్ బ్యానర్ పై యంగ్ ప్రొడ్యూసర్ కె ఎ వల్తభ నిర్శించిన చిత్రం వరల్ద్ ఫేమస్ లవర్,0.0,రామారావు సమర్నణలో క్రియేటివ్ కమర్షియల్న్ బ్యానర్ పై యంగ్ ప్రొడ్యూసర్ కె ఎ వల్తభ నిర్శించిన చిత్రం వరల్ద్ ఫేమస్ లవర్,0.0,రామారావు సమర్యణలో క్రియేటివ్ కమర్షియల్చ్ బ్యానర్ పై యంగ్ ప్రొడ్యూసర్ కె ఎ వల్గభ నిర్శించిన చిత్రం వరల్ద్ ఫేమస్ లవర్,0.0,రామారావు సమర్వణలో క్రియేటివ్ కమర్షియల్న్ బ్యానర్ పై యంగ్ ప్రొడ్యూసర్ కె ఎ వల్గభ నిర్శించిన చిత్రం వరల్ధ్ ఫేమస్ లవర్
సవాల్ కు సిద్ధమా శకుని మామా,0.0,సవాల్ కు సిద్గమా శకుని మామా,0.0,సవాల్ కు సిద్లమా శకుని మామా,0.0,సవాల్ కు సిద్డమా శకుని మామా,0.0,సవాల్ కు సిద్డమా శకుని మామా
హర్షద్ మణియార్,0.0,హర్షద్ మణియార్,0.0,హర్షద్ మణియార్,0.0,హర్షద్ మణియార్,0.0,హర్షద్ మణియార్
గుర్తుంచుకోవాల్సిన ముఖ్యమైన విషయాలు,0.0,గుర్లుంచుకోవాల్చిన ముఖ్యమైన విషయాలు,0.0,గుర్లుంచుకోవాల్చిన ముఖ్యమైన విషయాలు,0.0,గుర్లుంచుకోవాల్నిన ముఖ్యమైన విషయాలు,0.0,గుర్లుంచుకోవాల్పిన ముఖ్యమైన విషయాలు
దీపికా పడుకునే ప్రధాన పాత్రలో నటిస్తున్న పద్మావతి సంజయ్లీలా భన్సాలీ దర్శకత్వంలో తెరకెక్కుతోంది,0.0,దీపికా పడుకునే ప్రధాన పాత్రలో నటిస్లున్ప పద్శావతి సంజయ్తీలా భన్పాలీ దర్మకత్సంలో తెరకెక్కుతోంది,0.0,దీపికా పడుకునే ప్రధాన పాత్రలో నటిస్లున్వ పద్శావతి సంజయ్ధీలా భన్పాలీ దర్మకత్చంలో తెరకెక్కుతోంది,0.0,దీపికా పడుకునే ప్రధాన పాత్రలో నటిస్లున్వ పద్శావతి సంజయ్ధీలా భన్నాలీ దర్మకత్నంలో తెరకెక్కుతోంది,0.0,దీపికా పడుకునే ప్రధాన పాత్రలో నటిస్లున్వ పద్శావతి సంజయ్ధీలా భన్వాలీ దర్మకత్పంలో తెరకెక్కుతోంది
సమాచారహక్కు చట్టం ద్వారా ఈ వివరాలన్నీ రాబట్టాడు,0.0,సమాచారహక్కు చట్టం ద్యారా ఈ వివరాలన్పీ రాబట్టాడు,0.0,సమాచారహక్కు చట్టం ద్పారా ఈ వివరాలన్వీ రాబట్టాడు,0.0,సమాచారహక్కు చట్టం ద్సారా ఈ వివరాలన్వీ రాబట్టాడు,0.0,సమాచారహక్కు చట్టం ద్సారా ఈ వివరాలన్పీ రాబట్టాడు
తన భార్యకు రూ,0.0,తన భార్యకు రూ,0.0,తన భార్యకు రూ,0.0,తన భార్యకు రూ,0.0,తన భార్యకు రూ
హస్తినాపురానికి రాజైన ప్రతీపునికి వృద్ధాప్యంలో జన్మించిన కనిష్ఠ పుత్రుడు,0.0,హస్లినాపురానికి రాజైన ప్రతీపునికి వృద్డాప్యంలో జన్శించిన కనిష్గ పుత్రుడు,0.0,హస్లినాపురానికి రాజైన ప్రతీపునికి వృద్డాప్యంలో జన్శించిన కనిష్గ పుత్రుడు,0.0,హస్లినాపురానికి రాజైన ప్రతీపునికి వృద్డాప్యంలో జన్శించిన కనిష్ల పుత్రుడు,0.0,హస్లినాపురానికి రాజైన ప్రతీపునికి వృద్దాప్యంలో జన్శించిన కనిష్గ పుత్రుడు
వారు దేశంలో నివసించేందుకు ఒక గృహం కొనుగోలు చేసేందుకు అనుమతిస్తారు,0.0,వారు దేశంలో నివసించేందుకు ఒక గృహం కొనుగోలు చేసేందుకు అనుమతిస్లారు,0.0,వారు దేశంలో నివసించేందుకు ఒక గృహం కొనుగోలు చేసేందుకు అనుమతిస్లారు,0.0,వారు దేశంలో నివసించేందుకు ఒక గృహం కొనుగోలు చేసేందుకు అనుమతిస్లారు,0.0,వారు దేశంలో నివసించేందుకు ఒక గృహం కొనుగోలు చేసేందుకు అనుమతిస్లారు
ఆ మొత్తం ఇండియన్ కరెన్సీలో రెండు బిలియన్ల రూపాయలకు పైగానే ఉంటుంది,0.0,ఆ మొత్లం ఇండియన్ కరెన్చీలో రెండు బిలియన్గ రూపాయలకు పైగానే ఉంటుంది,0.0,ఆ మొత్లం ఇండియన్ కరెన్చీలో రెండు బిలియన్ధ రూపాయలకు పైగానే ఉంటుంది,0.0,ఆ మొత్లం ఇండియన్ కరెన్పీలో రెండు బిలియన్గ రూపాయలకు పైగానే ఉంటుంది,0.0,ఆ మొత్లం ఇండియన్ కరెన్నీలో రెండు బిలియన్ధ రూపాయలకు పైగానే ఉంటుంది
జరిగితే వారి పెళ్లి ఎలా జరిగింది,0.0,జరిగితే వారి పెళ్గి ఎలా జరిగింది,0.0,జరిగితే వారి పెళ్ధి ఎలా జరిగింది,0.0,జరిగితే వారి పెళ్ధి ఎలా జరిగింది,0.0,జరిగితే వారి పెళ్తి ఎలా జరిగింది
ఓవెన్ వేడి చేయాలి,0.0,ఓవెన్ వేడి చేయాలి,0.0,ఓవెన్ వేడి చేయాలి,0.0,ఓవెన్ వేడి చేయాలి,0.0,ఓవెన్ వేడి చేయాలి
ఎన్నో సమస్యలు రాజ్యమేలుతున్నాయి,0.0,ఎన్వో సమస్యలు రాజ్యమేలుతున్వాయి,0.0,ఎన్పో సమస్యలు రాజ్యమేలుతున్వాయి,0.0,ఎన్వో సమస్యలు రాజ్యమేలుతున్పాయి,0.0,ఎన్పో సమస్యలు రాజ్యమేలుతున్వాయి
సరిహద్దు వెంబడి నియంత్రణ రేఖ వెంబడి ఇటీవలి కాలంలో హింస పెరగడం పట్ల తాము ఆందోళన చెందుతున్నట్లు ఆయన తెలిపారు,0.0,సరిహద్డు వెంబడి నియంత్రణ రేఖ వెంబడి ఇటీవలి కాలంలో హింస పెరగడం పట్త తాము ఆందోళన చెందుతున్పట్ధు ఆయన తెలిపారు,0.0,సరిహద్ధు వెంబడి నియంత్రణ రేఖ వెంబడి ఇటీవలి కాలంలో హింస పెరగడం పట్ధ తాము ఆందోళన చెందుతున్పట్తు ఆయన తెలిపారు,0.0,సరిహద్ ు వెంబడి నియంత్రణ రేఖ వెంబడి ఇటీవలి కాలంలో హింస పెరగడం పట్ధ తాము ఆందోళన చెందుతున్పట్గు ఆయన తెలిపారు,0.0,సరిహద్ ు వెంబడి నియంత్రణ రేఖ వెంబడి ఇటీవలి కాలంలో హింస పెరగడం పట్ధ తాము ఆందోళన చెందుతున్పట్ధు ఆయన తెలిపారు
మూడు టి మ్యాచ్ ల సిరీస్ లో ఫ్లోరిడాలో రెండు మ్యాచ్ లు జరగనున్నాయి,0.0,మూడు టి మ్యాచ్ ల సిరీస్ లో ఫ్తోరిడాలో రెండు మ్యాచ్ లు జరగనున్పాయి,0.0,మూడు టి మ్యాచ్ ల సిరీస్ లో ఫ్ధోరిడాలో రెండు మ్యాచ్ లు జరగనున్పాయి,0.0,మూడు టి మ్యాచ్ ల సిరీస్ లో ఫ్గోరిడాలో రెండు మ్యాచ్ లు జరగనున్వాయి,0.0,మూడు టి మ్యాచ్ ల సిరీస్ లో ఫ్గోరిడాలో రెండు మ్యాచ్ లు జరగనున్వాయి
జమ్మూ కశ్మీర్లో ఆర్టికల్ రద్దు చేయగానే రెండు దేశాల మధ్య వైరం మరింత పెరిగింది,0.0,జమ్శూ కశ్శీర్తో ఆర్టికల్ రద్డు చేయగానే రెండు దేశాల మధ్య వైరం మరింత పెరిగింది,0.0,జమ్శూ కశ్శీర్ధో ఆర్టికల్ రద్ధు చేయగానే రెండు దేశాల మధ్య వైరం మరింత పెరిగింది,0.0,జమ్శూ కశ్శీర్ధో ఆర్టికల్ రద్ ు చేయగానే రెండు దేశాల మధ్య వైరం మరింత పెరిగింది,0.0,జమ్శూ కశ్శీర్ధో ఆర్టికల్ రద్ ు చేయగానే రెండు దేశాల మధ్య వైరం మరింత పెరిగింది
నిజానికి మనిషికి కావలసిన వాటిలో తన అనుదినాహారాన్ని సంపాదించుకోవడం అత్యంత ప్రాముఖ్యమైనది,0.0,నిజానికి మనిషికి కావలసిన వాటిలో తన అనుదినాహారాన్వి సంపాదించుకోవడం అత్యంత ప్రాముఖ్యమైనది,0.0,నిజానికి మనిషికి కావలసిన వాటిలో తన అనుదినాహారాన్పి సంపాదించుకోవడం అత్యంత ప్రాముఖ్యమైనది,0.0,నిజానికి మనిషికి కావలసిన వాటిలో తన అనుదినాహారాన్వి సంపాదించుకోవడం అత్యంత ప్రాముఖ్యమైనది,0.0,నిజానికి మనిషికి కావలసిన వాటిలో తన అనుదినాహారాన్పి సంపాదించుకోవడం అత్యంత ప్రాముఖ్యమైనది
ప్రపంచవ్యాప్తంగా సుజుకి బ్రాండ్ తమ వ వార్షికోత్సవాన్ని జరుపుకుంటున్న వేడుకను పురస్కరించుకొని కంపెనీ ఇందులో కొత్త పెయింట్ స్కీమ్లను ప్రారంభించింది,0.0,ప్రపంచవ్యాప్లంగా సుజుకి బ్రాండ్ తమ వ వార్షికోత్పవాన్పి జరుపుకుంటున్వ వేడుకను పురస్కరించుకొని కంపెనీ ఇందులో కొత్ల పెయింట్ స్కీమ్ధను ప్రారంభించింది,0.0,ప్రపంచవ్యాప్లంగా సుజుకి బ్రాండ్ తమ వ వార్షికోత్చవాన్పి జరుపుకుంటున్వ వేడుకను పురస్కరించుకొని కంపెనీ ఇందులో కొత్ల పెయింట్ స్కీమ్ధను ప్రారంభించింది,0.0,ప్రపంచవ్యాప్లంగా సుజుకి బ్రాండ్ తమ వ వార్షికోత్చవాన్వి జరుపుకుంటున్వ వేడుకను పురస్కరించుకొని కంపెనీ ఇందులో కొత్ల పెయింట్ స్కీమ్గను ప్రారంభించింది,0.0,ప్రపంచవ్యాప్లంగా సుజుకి బ్రాండ్ తమ వ వార్షికోత్వవాన్వి జరుపుకుంటున్వ వేడుకను పురస్కరించుకొని కంపెనీ ఇందులో కొత్ల పెయింట్ స్కీమ్తను ప్రారంభించింది
కానీ వారు అందుకు నిరాకరిస్తున్నట్లు ఆరోపించింది,0.0,కానీ వారు అందుకు నిరాకరిస్లున్వట్ధు ఆరోపించింది,0.0,కానీ వారు అందుకు నిరాకరిస్లున్వట్గు ఆరోపించింది,0.0,కానీ వారు అందుకు నిరాకరిస్లున్వట్ధు ఆరోపించింది,0.0,కానీ వారు అందుకు నిరాకరిస్లున్వట్తు ఆరోపించింది
్యాంక్యూ సింధూ,0.0,్యాంక్యూ సింధూ,0.0,్యాంక్యూ సింధూ,0.0,్యాంక్యూ సింధూ,0.0,్యాంక్యూ సింధూ
యువన్ శంకర్ రాజా పాటలు సోసోగా ఉన్నాయి,0.0,యువన్ శంకర్ రాజా పాటలు సోసోగా ఉన్వాయి,0.0,యువన్ శంకర్ రాజా పాటలు సోసోగా ఉన్వాయి,0.0,యువన్ శంకర్ రాజా పాటలు సోసోగా ఉన్వాయి,0.0,యువన్ శంకర్ రాజా పాటలు సోసోగా ఉన్వాయి
విద్యార్థిని ఫిర్యాదుపై ప్రిన్సిపాల్ అరెస్టు,0.0,విద్యార్థిని ఫిర్యాదుపై ప్రిన్పిపాల్ అరెస్టు,0.0,విద్యార్థిని ఫిర్యాదుపై ప్రిన్పిపాల్ అరెస్టు,0.0,విద్యార్థిని ఫిర్యాదుపై ప్రిన్నిపాల్ అరెస్టు,0.0,విద్యార్థిని ఫిర్యాదుపై ప్రిన్పిపాల్ అరెస్టు
దీంతో పలువురు మహిళలకు గాయాలయ్యాయి,0.0,దీంతో పలువురు మహిళలకు గాయాలయ్యాయి,0.0,దీంతో పలువురు మహిళలకు గాయాలయ్యాయి,0.0,దీంతో పలువురు మహిళలకు గాయాలయ్యాయి,0.0,దీంతో పలువురు మహిళలకు గాయాలయ్యాయి
ఎంతో ఎమోషన్ అయిపోయానని చెప్పారు,0.0,ఎంతో ఎమోషన్ అయిపోయానని చెప్సారు,0.0,ఎంతో ఎమోషన్ అయిపోయానని చెప్యారు,0.0,ఎంతో ఎమోషన్ అయిపోయానని చెప్యారు,0.0,ఎంతో ఎమోషన్ అయిపోయానని చెప్యారు
అక్టోబర్ ఫైడ్ ప్రపంచ చదరంగం చాంపియన్షిప్ను వెసెలిన్ టొపాలోవ్ గెలుచుకున్నాడు,0.0,అక్టోబర్ ఫైడ్ ప్రపంచ చదరంగం చాంపియన్షిప్వు వెసెలిన్ టొపాలోవ్ గెలుచుకున్పాడు,0.0,అక్టోబర్ ఫైడ్ ప్రపంచ చదరంగం చాంపియన్షిప్పు వెసెలిన్ టొపాలోవ్ గెలుచుకున్వాడు,0.0,అక్టోబర్ ఫైడ్ ప్రపంచ చదరంగం చాంపియన్షిప్వు వెసెలిన్ టొపాలోవ్ గెలుచుకున్వాడు,0.0,అక్టోబర్ ఫైడ్ ప్రపంచ చదరంగం చాంపియన్షిప్వు వెసెలిన్ టొపాలోవ్ గెలుచుకున్వాడు
స్రవంతి రవి కిషోర్ సురేష్ బాబులు కలిసి ఈ సినిమాని నిర్మిస్తున్నారు,0.0,స్రవంతి రవి కిషోర్ సురేష్ బాబులు కలిసి ఈ సినిమాని నిర్శిస్లున్పారు,0.0,స్రవంతి రవి కిషోర్ సురేష్ బాబులు కలిసి ఈ సినిమాని నిర్శిస్లున్వారు,0.0,స్రవంతి రవి కిషోర్ సురేష్ బాబులు కలిసి ఈ సినిమాని నిర్శిస్లున్పారు,0.0,స్రవంతి రవి కిషోర్ సురేష్ బాబులు కలిసి ఈ సినిమాని నిర్శిస్లున్వారు
అనురాగ్ ఠాకూర్ వర్మపై ఈసీ నిషేధం,0.0,అనురాగ్ ఠాకూర్ వర్శపై ఈసీ నిషేధం,0.0,అనురాగ్ ఠాకూర్ వర్శపై ఈసీ నిషేధం,0.0,అనురాగ్ ఠాకూర్ వర్శపై ఈసీ నిషేధం,0.0,అనురాగ్ ఠాకూర్ వర్శపై ఈసీ నిషేధం
దట్టమైన పొగమంచు కారణంగా విమాన రాకపోకలకు తీవ్ర అంతరాయం కలిగింది,0.0,దట్టమైన పొగమంచు కారణంగా విమాన రాకపోకలకు తీవ్ర అంతరాయం కలిగింది,0.0,దట్టమైన పొగమంచు కారణంగా విమాన రాకపోకలకు తీవ్ర అంతరాయం కలిగింది,0.0,దట్టమైన పొగమంచు కారణంగా విమాన రాకపోకలకు తీవ్ర అంతరాయం కలిగింది,0.0,దట్టమైన పొగమంచు కారణంగా విమాన రాకపోకలకు తీవ్ర అంతరాయం కలిగింది
అలాంటి స్థానాల లిస్టులో తెలంగాణ రాష్ట్రం కూడా ఉంది,0.0,అలాంటి స్థానాల లిస్టులో తెలంగాణ రాష్ట్రం కూడా ఉంది,0.0,అలాంటి స్థానాల లిస్టులో తెలంగాణ రాష్ట్రం కూడా ఉంది,0.0,అలాంటి స్థానాల లిస్టులో తెలంగాణ రాష్ట్రం కూడా ఉంది,0.0,అలాంటి స్థానాల లిస్టులో తెలంగాణ రాష్ట్రం కూడా ఉంది
తెలంగాణలో కొత్తగా ఏర్పాటైన జిల్లాలో కూడా జవహర్ నవోదయ కేంద్రీయ విద్యాలాయాల ఏర్పాటు చేయాలన్నారు,0.0,తెలంగాణలో కొత్లగా ఏర్నాటైన జిల్తాలో కూడా జవహర్ నవోదయ కేంద్రీయ విద్యాలాయాల ఏర్యాటు చేయాలన్వారు,0.0,తెలంగాణలో కొత్లగా ఏర్యాటైన జిల్తాలో కూడా జవహర్ నవోదయ కేంద్రీయ విద్యాలాయాల ఏర్నాటు చేయాలన్వారు,0.0,తెలంగాణలో కొత్లగా ఏర్వాటైన జిల్గాలో కూడా జవహర్ నవోదయ కేంద్రీయ విద్యాలాయాల ఏర్వాటు చేయాలన్పారు,0.0,తెలంగాణలో కొత్లగా ఏర్వాటైన జిల్గాలో కూడా జవహర్ నవోదయ కేంద్రీయ విద్యాలాయాల ఏర్యాటు చేయాలన్వారు
మూజువాణి ఓటుతో సభ ఈ తీర్మానాన్ని ఆమోదించింది,0.0,మూజువాణి ఓటుతో సభ ఈ తీర్శానాన్వి ఆమోదించింది,0.0,మూజువాణి ఓటుతో సభ ఈ తీర్శానాన్పి ఆమోదించింది,0.0,మూజువాణి ఓటుతో సభ ఈ తీర్శానాన్వి ఆమోదించింది,0.0,మూజువాణి ఓటుతో సభ ఈ తీర్శానాన్పి ఆమోదించింది
ఉత్తర కొరియా ఇటీవల పదేపదే మిసైల్ అణుపరీక్షలు జరుపుతోంది,0.0,ఉత్లర కొరియా ఇటీవల పదేపదే మిసైల్ అణుపరీక్షలు జరుపుతోంది,0.0,ఉత్లర కొరియా ఇటీవల పదేపదే మిసైల్ అణుపరీక్షలు జరుపుతోంది,0.0,ఉత్లర కొరియా ఇటీవల పదేపదే మిసైల్ అణుపరీక్షలు జరుపుతోంది,0.0,ఉత్లర కొరియా ఇటీవల పదేపదే మిసైల్ అణుపరీక్షలు జరుపుతోంది
దేశంలో ప్లేగు వ్యాధి ప్రబలినపుడు ఆమె చేసిన సేవలకు గుర్తింపుగా బ్రిటిష్ ప్రభుత్వం ఖైజర్ఎహింద్ పతకంతో సత్కరించింది,0.0,దేశంలో ప్ధేగు వ్యాధి ప్రబలినపుడు ఆమె చేసిన సేవలకు గుర్లింపుగా బ్రిటిష్ ప్రభుత్నం ఖైజర్ఎహింద్ పతకంతో సత్కరించింది,0.0,దేశంలో ప్గేగు వ్యాధి ప్రబలినపుడు ఆమె చేసిన సేవలకు గుర్లింపుగా బ్రిటిష్ ప్రభుత్చం ఖైజర్ఎహింద్ పతకంతో సత్కరించింది,0.0,దేశంలో ప్తేగు వ్యాధి ప్రబలినపుడు ఆమె చేసిన సేవలకు గుర్లింపుగా బ్రిటిష్ ప్రభుత్చం ఖైజర్ఎహింద్ పతకంతో సత్కరించింది,0.0,దేశంలో ప్ధేగు వ్యాధి ప్రబలినపుడు ఆమె చేసిన సేవలకు గుర్లింపుగా బ్రిటిష్ ప్రభుత్సం ఖైజర్ఎహింద్ పతకంతో సత్కరించింది
వెచ్చించాల్సి వస్తుంది,0.0,వెచ్వించాల్ని వస్లుంది,0.0,వెచ్సించాల్వి వస్లుంది,0.0,వెచ్సించాల్పి వస్లుంది,0.0,వెచ్వించాల్ని వస్లుంది
లో ఈ కేంద్రీయ విద్యాలయ సంస్థను స్థాపించారు,0.0,లో ఈ కేంద్రీయ విద్యాలయ సంస్థను స్థాపించారు,0.0,లో ఈ కేంద్రీయ విద్యాలయ సంస్థను స్థాపించారు,0.0,లో ఈ కేంద్రీయ విద్యాలయ సంస్థను స్థాపించారు,0.0,లో ఈ కేంద్రీయ విద్యాలయ సంస్థను స్థాపించారు
లక్షల కోట్లకు మించింది,0.0,లక్షల కోట్ధకు మించింది,0.0,లక్షల కోట్ధకు మించింది,0.0,లక్షల కోట్ధకు మించింది,0.0,లక్షల కోట్ధకు మించింది
వేడుక లింపారు బెంగుళూరు,0.0,వేడుక లింపారు బెంగుళూరు,0.0,వేడుక లింపారు బెంగుళూరు,0.0,వేడుక లింపారు బెంగుళూరు,0.0,వేడుక లింపారు బెంగుళూరు
ఈ విషయంలో రాష్ట్ర అకౌంటెంట్ జనరల్కు నోటీసులు జారీ చేయాలని ఆదేశించింది,0.0,ఈ విషయంలో రాష్ట్ర అకౌంటెంట్ జనరల్కు నోటీసులు జారీ చేయాలని ఆదేశించింది,0.0,ఈ విషయంలో రాష్ట్ర అకౌంటెంట్ జనరల్కు నోటీసులు జారీ చేయాలని ఆదేశించింది,0.0,ఈ విషయంలో రాష్ట్ర అకౌంటెంట్ జనరల్కు నోటీసులు జారీ చేయాలని ఆదేశించింది,0.0,ఈ విషయంలో రాష్ట్ర అకౌంటెంట్ జనరల్కు నోటీసులు జారీ చేయాలని ఆదేశించింది
పోలీసులు కేసు నమోదు,0.0,పోలీసులు కేసు నమోదు,0.0,పోలీసులు కేసు నమోదు,0.0,పోలీసులు కేసు నమోదు,0.0,పోలీసులు కేసు నమోదు
ఈ అంశంపై తామిచ్చిన వాయిదా తీర్మానంపై చర్చ చేపట్టాలని డిమాండ్ చేశారు,0.0,ఈ అంశంపై తామిచ్సిన వాయిదా తీర్శానంపై చర్స చేపట్టాలని డిమాండ్ చేశారు,0.0,ఈ అంశంపై తామిచ్విన వాయిదా తీర్శానంపై చర్వ చేపట్టాలని డిమాండ్ చేశారు,0.0,ఈ అంశంపై తామిచ్సిన వాయిదా తీర్శానంపై చర్వ చేపట్టాలని డిమాండ్ చేశారు,0.0,ఈ అంశంపై తామిచ్సిన వాయిదా తీర్శానంపై చర్స చేపట్టాలని డిమాండ్ చేశారు
కాబట్టి ఇది ఏది గెలుస్తుంది,0.0,కాబట్టి ఇది ఏది గెలుస్లుంది,0.0,కాబట్టి ఇది ఏది గెలుస్లుంది,0.0,కాబట్టి ఇది ఏది గెలుస్లుంది,0.0,కాబట్టి ఇది ఏది గెలుస్లుంది
వారి గోత్రాలలో మార్పు రాలేదు,0.0,వారి గోత్రాలలో మార్యు రాలేదు,0.0,వారి గోత్రాలలో మార్సు రాలేదు,0.0,వారి గోత్రాలలో మార్యు రాలేదు,0.0,వారి గోత్రాలలో మార్వు రాలేదు
అయితే ఈ రూమర్లో ఎలాంటి నిజం లేదని తేలింది,0.0,అయితే ఈ రూమర్గో ఎలాంటి నిజం లేదని తేలింది,0.0,అయితే ఈ రూమర్గో ఎలాంటి నిజం లేదని తేలింది,0.0,అయితే ఈ రూమర్తో ఎలాంటి నిజం లేదని తేలింది,0.0,అయితే ఈ రూమర్తో ఎలాంటి నిజం లేదని తేలింది
మంత్రి అవంతి ైతం స్పందించారు,0.0,మంత్రి అవంతి ైతం స్సందించారు,0.0,మంత్రి అవంతి ైతం స్వందించారు,0.0,మంత్రి అవంతి ైతం స్నందించారు,0.0,మంత్రి అవంతి ైతం స్యందించారు
ఐపీఎల్లో అందరూ బాగా ఆడేవారే,0.0,ఐపీఎల్గో అందరూ బాగా ఆడేవారే,0.0,ఐపీఎల్తో అందరూ బాగా ఆడేవారే,0.0,ఐపీఎల్తో అందరూ బాగా ఆడేవారే,0.0,ఐపీఎల్గో అందరూ బాగా ఆడేవారే
పెరుగు అన్నం,0.0,పెరుగు అన్వం,0.0,పెరుగు అన్పం,0.0,పెరుగు అన్వం,0.0,పెరుగు అన్పం
ఇద్దరూ పసివాళ్లే,0.0,ఇద్ధరూ పసివాళ్ధే,0.0,ఇద్ధరూ పసివాళ్తే,0.0,ఇద్ధరూ పసివాళ్ధే,0.0,ఇద్డరూ పసివాళ్తే
ఇళ్లు వంతెనలు కొట్టుకుపోగా పంటలకు తీవ్ర నష్టం జరిగింది,0.0,ఇళ్ధు వంతెనలు కొట్టుకుపోగా పంటలకు తీవ్ర నష్టం జరిగింది,0.0,ఇళ్తు వంతెనలు కొట్టుకుపోగా పంటలకు తీవ్ర నష్టం జరిగింది,0.0,ఇళ్తు వంతెనలు కొట్టుకుపోగా పంటలకు తీవ్ర నష్టం జరిగింది,0.0,ఇళ్తు వంతెనలు కొట్టుకుపోగా పంటలకు తీవ్ర నష్టం జరిగింది
పరిపూర్ణమైన చిత్రమిది,0.0,పరిపూర్ణమైన చిత్రమిది,0.0,పరిపూర్ణమైన చిత్రమిది,0.0,పరిపూర్ణమైన చిత్రమిది,0.0,పరిపూర్ణమైన చిత్రమిది
ెళ్లి తర్వాతే తీయించుకున్నారట,0.0,ెళ్ధి తర్చాతే తీయించుకున్వారట,0.0,ెళ్గి తర్సాతే తీయించుకున్వారట,0.0,ెళ్గి తర్సాతే తీయించుకున్వారట,0.0,ెళ్ధి తర్చాతే తీయించుకున్పారట
ఇప్పటికే నలుగురి అరెస్టు త్వరలో మరిన్ని,0.0,ఇప్సటికే నలుగురి అరెస్టు త్చరలో మరిన్వి,0.0,ఇప్వటికే నలుగురి అరెస్టు త్పరలో మరిన్వి,0.0,ఇప్సటికే నలుగురి అరెస్టు త్నరలో మరిన్పి,0.0,ఇప్వటికే నలుగురి అరెస్టు త్పరలో మరిన్పి
అడ్డా కూలీగా పనిచేసే మహిళల స్థితి దారుణంగా ఉంటుంది,0.0,అడ్దా కూలీగా పనిచేసే మహిళల స్థితి దారుణంగా ఉంటుంది,0.0,అడ్దా కూలీగా పనిచేసే మహిళల స్థితి దారుణంగా ఉంటుంది,0.0,అడ్ధా కూలీగా పనిచేసే మహిళల స్థితి దారుణంగా ఉంటుంది,0.0,అడ్దా కూలీగా పనిచేసే మహిళల స్థితి దారుణంగా ఉంటుంది
అనంతరం వీరికి ఆలయ అధికారులు స్వామివారి తీర్ధ ప్రసాదాలను చిత్ర పటాన్ని అందజేశారు,0.0,అనంతరం వీరికి ఆలయ అధికారులు స్సామివారి తీర్డ ప్రసాదాలను చిత్ర పటాన్వి అందజేశారు,0.0,అనంతరం వీరికి ఆలయ అధికారులు స్యామివారి తీర్ద ప్రసాదాలను చిత్ర పటాన్పి అందజేశారు,0.0,అనంతరం వీరికి ఆలయ అధికారులు స్యామివారి తీర్డ ప్రసాదాలను చిత్ర పటాన్వి అందజేశారు,0.0,అనంతరం వీరికి ఆలయ అధికారులు స్పామివారి తీర్ద ప్రసాదాలను చిత్ర పటాన్పి అందజేశారు
ఐక్యరాజ్య సమితి సర్వసభ్య సమావేశంలో మోడీ ప్రసంగించారు,0.0,ఐక్యరాజ్య సమితి సర్పసభ్య సమావేశంలో మోడీ ప్రసంగించారు,0.0,ఐక్యరాజ్య సమితి సర్యసభ్య సమావేశంలో మోడీ ప్రసంగించారు,0.0,ఐక్యరాజ్య సమితి సర్పసభ్య సమావేశంలో మోడీ ప్రసంగించారు,0.0,ఐక్యరాజ్య సమితి సర్యసభ్య సమావేశంలో మోడీ ప్రసంగించారు
హోరాహోరీగా జాతీయ బ్యాడ్మింటన్ పోటీలు,0.0,హోరాహోరీగా జాతీయ బ్యాడ్శింటన్ పోటీలు,0.0,హోరాహోరీగా జాతీయ బ్యాడ్శింటన్ పోటీలు,0.0,హోరాహోరీగా జాతీయ బ్యాడ్శింటన్ పోటీలు,0.0,హోరాహోరీగా జాతీయ బ్యాడ్శింటన్ పోటీలు
ఈ గ్రామం నుంచి మూడు సార్లు ఎంపిపిగా ఎంపికయ్యారు,0.0,ఈ గ్రామం నుంచి మూడు సార్తు ఎంపిపిగా ఎంపికయ్యారు,0.0,ఈ గ్రామం నుంచి మూడు సార్గు ఎంపిపిగా ఎంపికయ్యారు,0.0,ఈ గ్రామం నుంచి మూడు సార్తు ఎంపిపిగా ఎంపికయ్యారు,0.0,ఈ గ్రామం నుంచి మూడు సార్గు ఎంపిపిగా ఎంపికయ్యారు
అక్కడంతా మసకమసగ్గా ఉంది,0.0,అక్కడంతా మసకమసగ్ఠా ఉంది,0.0,అక్కడంతా మసకమసగ్ఠా ఉంది,0.0,అక్కడంతా మసకమసగ్లా ఉంది,0.0,అక్కడంతా మసకమసగ్ధా ఉంది
మంచి చెడ్డ మనకు తెలుసు,0.0,మంచి చెడ్ధ మనకు తెలుసు,0.0,మంచి చెడ్ధ మనకు తెలుసు,0.0,మంచి చెడ్ద మనకు తెలుసు,0.0,మంచి చెడ్ధ మనకు తెలుసు
తుపాకీతో కాల్చుకుని డాక్టర్ ఆత్మహత్య,0.0,తుపాకీతో కాల్సుకుని డాక్టర్ ఆత్శహత్య,0.0,తుపాకీతో కాల్సుకుని డాక్టర్ ఆత్శహత్య,0.0,తుపాకీతో కాల్వుకుని డాక్టర్ ఆత్శహత్య,0.0,తుపాకీతో కాల్సుకుని డాక్టర్ ఆత్శహత్య
ఈఎల్ఎస్ఎ పెట్టుబడులను క్రమానుగత పెట్టుబడి ప్రణాళిక సిప్ లేదా ఏక మొత్తంగా పెట్టవచ్చు,0.0,ఈఎల్ఎస్ఎ పెట్టుబడులను క్రమానుగత పెట్టుబడి ప్రణాళిక సిప్ లేదా ఏక మొత్లంగా పెట్టవచ్వు,0.0,ఈఎల్ఎస్ఎ పెట్టుబడులను క్రమానుగత పెట్టుబడి ప్రణాళిక సిప్ లేదా ఏక మొత్లంగా పెట్టవచ్వు,0.0,ఈఎల్ఎస్ఎ పెట్టుబడులను క్రమానుగత పెట్టుబడి ప్రణాళిక సిప్ లేదా ఏక మొత్లంగా పెట్టవచ్వు,0.0,ఈఎల్ఎస్ఎ పెట్టుబడులను క్రమానుగత పెట్టుబడి ప్రణాళిక సిప్ లేదా ఏక మొత్లంగా పెట్టవచ్సు
సంవత్సరంలో లక్షల రూపాయల వరకు గృహ రుణం తీసుకునే వారికి శాతం వడ్డీ రాయితీ లభిస్తుంది,0.0,సంవత్నరంలో లక్షల రూపాయల వరకు గృహ రుణం తీసుకునే వారికి శాతం వడ్ధీ రాయితీ లభిస్లుంది,0.0,సంవత్పరంలో లక్షల రూపాయల వరకు గృహ రుణం తీసుకునే వారికి శాతం వడ్ధీ రాయితీ లభిస్లుంది,0.0,సంవత్నరంలో లక్షల రూపాయల వరకు గృహ రుణం తీసుకునే వారికి శాతం వడ్ధీ రాయితీ లభిస్లుంది,0.0,సంవత్వరంలో లక్షల రూపాయల వరకు గృహ రుణం తీసుకునే వారికి శాతం వడ్ధీ రాయితీ లభిస్లుంది
ఆ సమయంలో ఒక రకమైన ఉద్విగ వాతావరణం నెలకొని ఉండేది,0.0,ఆ సమయంలో ఒక రకమైన ఉద్సిగ వాతావరణం నెలకొని ఉండేది,0.0,ఆ సమయంలో ఒక రకమైన ఉద్యిగ వాతావరణం నెలకొని ఉండేది,0.0,ఆ సమయంలో ఒక రకమైన ఉద్నిగ వాతావరణం నెలకొని ఉండేది,0.0,ఆ సమయంలో ఒక రకమైన ఉద్చిగ వాతావరణం నెలకొని ఉండేది
ఈ చిత్రానికి తేజ దర్శకత్వం వహిస్తున్నాడు,0.0,ఈ చిత్రానికి తేజ దర్మకత్సం వహిస్లున్వాడు,0.0,ఈ చిత్రానికి తేజ దర్మకత్సం వహిస్లున్వాడు,0.0,ఈ చిత్రానికి తేజ దర్మకత్నం వహిస్లున్వాడు,0.0,ఈ చిత్రానికి తేజ దర్మకత్పం వహిస్లున్పాడు
పోలీసులు వచ్చిన తర్వాత ఆమెను ఆస్పత్రికి తరలించారు,0.0,పోలీసులు వచ్సిన తర్నాత ఆమెను ఆస్యత్రికి తరలించారు,0.0,పోలీసులు వచ్విన తర్యాత ఆమెను ఆస్నత్రికి తరలించారు,0.0,పోలీసులు వచ్విన తర్సాత ఆమెను ఆస్వత్రికి తరలించారు,0.0,పోలీసులు వచ్సిన తర్యాత ఆమెను ఆస్వత్రికి తరలించారు
ఈ పదాలు గట్టిగా మాట్లాడతారు,0.0,ఈ పదాలు గట్టిగా మాట్తాడతారు,0.0,ఈ పదాలు గట్టిగా మాట్తాడతారు,0.0,ఈ పదాలు గట్టిగా మాట్గాడతారు,0.0,ఈ పదాలు గట్టిగా మాట్తాడతారు
క్రిష్ దర్శకత్వంలో రూపొందుతున్న ఈ సినిమాలో ఎన్టీఆర్ పాత్రలో బాలకృష్ణ నటిస్తున్నారు,0.0,క్రిష్ దర్మకత్పంలో రూపొందుతున్వ ఈ సినిమాలో ఎన్టీఆర్ పాత్రలో బాలకృష్ణ నటిస్లున్వారు,0.0,క్రిష్ దర్మకత్యంలో రూపొందుతున్వ ఈ సినిమాలో ఎన్టీఆర్ పాత్రలో బాలకృష్ణ నటిస్లున్పారు,0.0,క్రిష్ దర్మకత్పంలో రూపొందుతున్వ ఈ సినిమాలో ఎన్టీఆర్ పాత్రలో బాలకృష్ణ నటిస్లున్వారు,0.0,క్రిష్ దర్మకత్సంలో రూపొందుతున్ప ఈ సినిమాలో ఎన్టీఆర్ పాత్రలో బాలకృష్ణ నటిస్లున్పారు
ఇందులో లీటర్ సిలిండర్ టర్బోపెట్రోల్ ఇంజన్ బిహెచ్పి పవర్ను మరియు ఎన్ఎమ్ టార్క్ను ఉత్పత్తి చేస్తుంది,0.0,ఇందులో లీటర్ సిలిండర్ టర్బోపెట్రోల్ ఇంజన్ బిహెచ్ని పవర్పు మరియు ఎన్ఎమ్ టార్క్పు ఉత్నత్లి చేస్లుంది,0.0,ఇందులో లీటర్ సిలిండర్ టర్బోపెట్రోల్ ఇంజన్ బిహెచ్యి పవర్వు మరియు ఎన్ఎమ్ టార్క్పు ఉత్నత్లి చేస్లుంది,0.0,ఇందులో లీటర్ సిలిండర్ టర్బోపెట్రోల్ ఇంజన్ బిహెచ్ని పవర్పు మరియు ఎన్ఎమ్ టార్క్పు ఉత్వత్లి చేస్లుంది,0.0,ఇందులో లీటర్ సిలిండర్ టర్బోపెట్రోల్ ఇంజన్ బిహెచ్వి పవర్వు మరియు ఎన్ఎమ్ టార్క్పు ఉత్వత్లి చేస్లుంది
వీటి ప్రత్యేకతేంటంటే,0.0,వీటి ప్రత్యేకతేంటంటే,0.0,వీటి ప్రత్యేకతేంటంటే,0.0,వీటి ప్రత్యేకతేంటంటే,0.0,వీటి ప్రత్యేకతేంటంటే
పెళ్లి తరవాత సినిమాల్లో నటించడం నాకిష్టం లేదు,0.0,పెళ్ధి తరవాత సినిమాల్తో నటించడం నాకిష్టం లేదు,0.0,పెళ్గి తరవాత సినిమాల్ధో నటించడం నాకిష్టం లేదు,0.0,పెళ్ధి తరవాత సినిమాల్తో నటించడం నాకిష్టం లేదు,0.0,పెళ్గి తరవాత సినిమాల్ధో నటించడం నాకిష్టం లేదు
మంది సైనికుల మరణం,0.0,మంది సైనికుల మరణం,0.0,మంది సైనికుల మరణం,0.0,మంది సైనికుల మరణం,0.0,మంది సైనికుల మరణం
వేలకు పైగా కేసులు నమోదయ్యాయి,0.0,వేలకు పైగా కేసులు నమోదయ్యాయి,0.0,వేలకు పైగా కేసులు నమోదయ్యాయి,0.0,వేలకు పైగా కేసులు నమోదయ్యాయి,0.0,వేలకు పైగా కేసులు నమోదయ్యాయి
ఈ స్థలాన్నే తరువాత మద్రాసు ఏరోడ్రోమ్గా ఉపయోగించారు,0.0,ఈ స్థలాన్పే తరువాత మద్రాసు ఏరోడ్రోమ్ఠా ఉపయోగించారు,0.0,ఈ స్థలాన్వే తరువాత మద్రాసు ఏరోడ్రోమ్లా ఉపయోగించారు,0.0,ఈ స్థలాన్పే తరువాత మద్రాసు ఏరోడ్రోమ్లా ఉపయోగించారు,0.0,ఈ స్థలాన్పే తరువాత మద్రాసు ఏరోడ్రోమ్ధా ఉపయోగించారు
ఆర్థిక వ్యవస్థ దిగజారుతోందన్నారు,0.0,ఆర్థిక వ్యవస్థ దిగజారుతోందన్వారు,0.0,ఆర్థిక వ్యవస్థ దిగజారుతోందన్వారు,0.0,ఆర్థిక వ్యవస్థ దిగజారుతోందన్పారు,0.0,ఆర్థిక వ్యవస్థ దిగజారుతోందన్వారు
తండ్రి ఒక బూట్ల తయారీదారు మరియు అతని తల్లి మార్కెట్లో కూరగాయలు అమ్మేవాడు,0.0,తండ్రి ఒక బూట్త తయారీదారు మరియు అతని తల్గి మార్కెట్గో కూరగాయలు అమ్శేవాడు,0.0,తండ్రి ఒక బూట్గ తయారీదారు మరియు అతని తల్తి మార్కెట్తో కూరగాయలు అమ్శేవాడు,0.0,తండ్రి ఒక బూట్త తయారీదారు మరియు అతని తల్గి మార్కెట్ధో కూరగాయలు అమ్శేవాడు,0.0,తండ్రి ఒక బూట్ధ తయారీదారు మరియు అతని తల్గి మార్కెట్ధో కూరగాయలు అమ్శేవాడు
పోలీసుల వివరాల ప్రకారం బారాముల్లా జిల్లా సోపోర్ పట్టణంలో గస్తీ నిర్వహిస్తున్న సీఆర్పీఎఫ్ దళాలపై ఒక్కసారిగా ఉగ్రవాదులు కాల్పులకు తెగబడ్డారు,0.0,పోలీసుల వివరాల ప్రకారం బారాముల్గా జిల్ధా సోపోర్ పట్టణంలో గస్లీ నిర్చహిస్లున్ప సీఆర్సీఎఫ్ దళాలపై ఒక్కసారిగా ఉగ్రవాదులు కాల్నులకు తెగబడ్ధారు,0.0,పోలీసుల వివరాల ప్రకారం బారాముల్తా జిల్ధా సోపోర్ పట్టణంలో గస్లీ నిర్చహిస్లున్ప సీఆర్వీఎఫ్ దళాలపై ఒక్కసారిగా ఉగ్రవాదులు కాల్నులకు తెగబడ్ధారు,0.0,పోలీసుల వివరాల ప్రకారం బారాముల్ధా జిల్గా సోపోర్ పట్టణంలో గస్లీ నిర్నహిస్లున్ప సీఆర్నీఎఫ్ దళాలపై ఒక్కసారిగా ఉగ్రవాదులు కాల్వులకు తెగబడ్ధారు,0.0,పోలీసుల వివరాల ప్రకారం బారాముల్గా జిల్ధా సోపోర్ పట్టణంలో గస్లీ నిర్చహిస్లున్వ సీఆర్నీఎఫ్ దళాలపై ఒక్కసారిగా ఉగ్రవాదులు కాల్యులకు తెగబడ్ధారు
దీంతో వీటి మొత్తం సంఖ్య బోగీల్లో దాటింది దీనివల్ల శాతం బయో టాయిలెట్లు ఏర్పాటు పూర్తయింది,0.0,దీంతో వీటి మొత్లం సంఖ్య బోగీల్ధో దాటింది దీనివల్ధ శాతం బయో టాయిలెట్తు ఏర్వాటు పూర్లయింది,0.0,దీంతో వీటి మొత్లం సంఖ్య బోగీల్తో దాటింది దీనివల్ధ శాతం బయో టాయిలెట్తు ఏర్వాటు పూర్లయింది,0.0,దీంతో వీటి మొత్లం సంఖ్య బోగీల్తో దాటింది దీనివల్ధ శాతం బయో టాయిలెట్గు ఏర్సాటు పూర్లయింది,0.0,దీంతో వీటి మొత్లం సంఖ్య బోగీల్తో దాటింది దీనివల్గ శాతం బయో టాయిలెట్గు ఏర్సాటు పూర్లయింది
నేను బాగా ఆలోచించే ఈ నిర్ణయం తీసుకున్నాను,0.0,నేను బాగా ఆలోచించే ఈ నిర్ణయం తీసుకున్వాను,0.0,నేను బాగా ఆలోచించే ఈ నిర్ణయం తీసుకున్వాను,0.0,నేను బాగా ఆలోచించే ఈ నిర్ణయం తీసుకున్పాను,0.0,నేను బాగా ఆలోచించే ఈ నిర్ణయం తీసుకున్వాను
ఆ సమయంలో ఓ మలుపు వద్ద రైలు నెమ్మదిగా వెళుతోంది,0.0,ఆ సమయంలో ఓ మలుపు వద్డ రైలు నెమ్శదిగా వెళుతోంది,0.0,ఆ సమయంలో ఓ మలుపు వద్డ రైలు నెమ్శదిగా వెళుతోంది,0.0,ఆ సమయంలో ఓ మలుపు వద్డ రైలు నెమ్శదిగా వెళుతోంది,0.0,ఆ సమయంలో ఓ మలుపు వద్  రైలు నెమ్శదిగా వెళుతోంది
మరో బౌల్లో బట్టర్ బ్రౌన్ షుగర్ వేసి బాగా మిక్స్ చేయాలి,0.0,మరో బౌల్తో బట్టర్ బ్రౌన్ షుగర్ వేసి బాగా మిక్ప్ చేయాలి,0.0,మరో బౌల్తో బట్టర్ బ్రౌన్ షుగర్ వేసి బాగా మిక్వ్ చేయాలి,0.0,మరో బౌల్తో బట్టర్ బ్రౌన్ షుగర్ వేసి బాగా మిక్ప్ చేయాలి,0.0,మరో బౌల్గో బట్టర్ బ్రౌన్ షుగర్ వేసి బాగా మిక్న్ చేయాలి
ప్రజారోగ్యానికి ప్రాధాన్యత పెరిగింది,0.0,ప్రజారోగ్యానికి ప్రాధాన్యత పెరిగింది,0.0,ప్రజారోగ్యానికి ప్రాధాన్యత పెరిగింది,0.0,ప్రజారోగ్యానికి ప్రాధాన్యత పెరిగింది,0.0,ప్రజారోగ్యానికి ప్రాధాన్యత పెరిగింది
తర్వాత జైపూర్ హోటల్లో ఓ స్టోరీ గురించి చర్చించడానికి పిలిచి తనపై అఘాయిత్యానికి పాల్పడ్డారని ఆర్టికల్లో తెలిపింది,0.0,తర్సాత జైపూర్ హోటల్ధో ఓ స్టోరీ గురించి చర్వించడానికి పిలిచి తనపై అఘాయిత్యానికి పాల్యడ్ధారని ఆర్టికల్ధో తెలిపింది,0.0,తర్సాత జైపూర్ హోటల్గో ఓ స్టోరీ గురించి చర్సించడానికి పిలిచి తనపై అఘాయిత్యానికి పాల్వడ్దారని ఆర్టికల్ధో తెలిపింది,0.0,తర్పాత జైపూర్ హోటల్గో ఓ స్టోరీ గురించి చర్వించడానికి పిలిచి తనపై అఘాయిత్యానికి పాల్నడ్దారని ఆర్టికల్ధో తెలిపింది,0.0,తర్పాత జైపూర్ హోటల్తో ఓ స్టోరీ గురించి చర్వించడానికి పిలిచి తనపై అఘాయిత్యానికి పాల్వడ్దారని ఆర్టికల్తో తెలిపింది
జనారోగ్యమే పరమావధిగా,0.0,జనారోగ్యమే పరమావధిగా,0.0,జనారోగ్యమే పరమావధిగా,0.0,జనారోగ్యమే పరమావధిగా,0.0,జనారోగ్యమే పరమావధిగా
ఇతరభాషలు హిందీ ఆంగ్లము ఇంగ్లీషు ఉర్దూ,0.0,ఇతరభాషలు హిందీ ఆంగ్ధము ఇంగ్తీషు ఉర్డూ,0.0,ఇతరభాషలు హిందీ ఆంగ్గము ఇంగ్ధీషు ఉర్ధూ,0.0,ఇతరభాషలు హిందీ ఆంగ్తము ఇంగ్గీషు ఉర్ ూ,0.0,ఇతరభాషలు హిందీ ఆంగ్గము ఇంగ్తీషు ఉర్ధూ
వాళ్లలో నూటికి మంది మగపురుషులే,0.0,వాళ్గలో నూటికి మంది మగపురుషులే,0.0,వాళ్తలో నూటికి మంది మగపురుషులే,0.0,వాళ్గలో నూటికి మంది మగపురుషులే,0.0,వాళ్గలో నూటికి మంది మగపురుషులే
వేఈనరాఈట్ యు ఏస్ ఆర్మీ ఏరఫీల్డ్,0.0,వేఈనరాఈట్ యు ఏస్ ఆర్శీ ఏరఫీల్ధ్,0.0,వేఈనరాఈట్ యు ఏస్ ఆర్శీ ఏరఫీల్ద్,0.0,వేఈనరాఈట్ యు ఏస్ ఆర్శీ ఏరఫీల్ద్,0.0,వేఈనరాఈట్ యు ఏస్ ఆర్శీ ఏరఫీల్ద్
మాకు అర్హత లేదు అని మాట్లాడాడు,0.0,మాకు అర్హత లేదు అని మాట్గాడాడు,0.0,మాకు అర్హత లేదు అని మాట్ధాడాడు,0.0,మాకు అర్హత లేదు అని మాట్తాడాడు,0.0,మాకు అర్హత లేదు అని మాట్గాడాడు
ఈ ఒకరు మృతి చెందగా మరొకరు తీవ్రంగా గాయపడ్డారు,0.0,ఈ ఒకరు మృతి చెందగా మరొకరు తీవ్రంగా గాయపడ్దారు,0.0,ఈ ఒకరు మృతి చెందగా మరొకరు తీవ్రంగా గాయపడ్దారు,0.0,ఈ ఒకరు మృతి చెందగా మరొకరు తీవ్రంగా గాయపడ్దారు,0.0,ఈ ఒకరు మృతి చెందగా మరొకరు తీవ్రంగా గాయపడ్దారు
ఇక్కడ ప్రతిదీ ఈ ఉంది,0.0,ఇక్కడ ప్రతిదీ ఈ ఉంది,0.0,ఇక్కడ ప్రతిదీ ఈ ఉంది,0.0,ఇక్కడ ప్రతిదీ ఈ ఉంది,0.0,ఇక్కడ ప్రతిదీ ఈ ఉంది
కానీ నన్ను విడిచిపెట్టదు,0.0,కానీ నన్పు విడిచిపెట్టదు,0.0,కానీ నన్పు విడిచిపెట్టదు,0.0,కానీ నన్పు విడిచిపెట్టదు,0.0,కానీ నన్పు విడిచిపెట్టదు
సరికొత్త బిఎమ్డబ్ల్యూ ఆర్ ఆర్ బైక్ బాడీ ఫిట్నెస్లో బ్లాక్ కలర్ ఫినిషింగ్ గల బాడీ పార్ట్స్ చూడవచ్చు,0.0,సరికొత్ల బిఎమ్ధబ్గ్యూ ఆర్ ఆర్ బైక్ బాడీ ఫిట్వెస్ధో బ్గాక్ కలర్ ఫినిషింగ్ గల బాడీ పార్ట్న్ చూడవచ్వు,0.0,సరికొత్ల బిఎమ్దబ్ధ్యూ ఆర్ ఆర్ బైక్ బాడీ ఫిట్పెస్గో బ్గాక్ కలర్ ఫినిషింగ్ గల బాడీ పార్ట్చ్ చూడవచ్సు,0.0,సరికొత్ల బిఎమ్ధబ్త్యూ ఆర్ ఆర్ బైక్ బాడీ ఫిట్పెస్ధో బ్గాక్ కలర్ ఫినిషింగ్ గల బాడీ పార్ట్వ్ చూడవచ్సు,0.0,సరికొత్ల బిఎమ్ధబ్గ్యూ ఆర్ ఆర్ బైక్ బాడీ ఫిట్పెస్తో బ్తాక్ కలర్ ఫినిషింగ్ గల బాడీ పార్ట్ప్ చూడవచ్సు
సినిమాల్లోకి వస్తానని కలలో కూడా ఊహించలేదు,0.0,సినిమాల్గోకి వస్లానని కలలో కూడా ఊహించలేదు,0.0,సినిమాల్తోకి వస్లానని కలలో కూడా ఊహించలేదు,0.0,సినిమాల్ధోకి వస్లానని కలలో కూడా ఊహించలేదు,0.0,సినిమాల్ధోకి వస్లానని కలలో కూడా ఊహించలేదు
కానీ వివిధ కారణాలతో ఇది ముందుకు సాగలేదు,0.0,కానీ వివిధ కారణాలతో ఇది ముందుకు సాగలేదు,0.0,కానీ వివిధ కారణాలతో ఇది ముందుకు సాగలేదు,0.0,కానీ వివిధ కారణాలతో ఇది ముందుకు సాగలేదు,0.0,కానీ వివిధ కారణాలతో ఇది ముందుకు సాగలేదు
అతను బోధన ఆకర్షితుడయ్యాడు,0.0,అతను బోధన ఆకర్షితుడయ్యాడు,0.0,అతను బోధన ఆకర్షితుడయ్యాడు,0.0,అతను బోధన ఆకర్షితుడయ్యాడు,0.0,అతను బోధన ఆకర్షితుడయ్యాడు
దుఃఖం గందరగోళం విచారం తెలీదు,0.0,దుఃఖం గందరగోళం విచారం తెలీదు,0.0,దుఃఖం గందరగోళం విచారం తెలీదు,0.0,దుఃఖం గందరగోళం విచారం తెలీదు,0.0,దుఃఖం గందరగోళం విచారం తెలీదు
వ్యవస్థ యొక్క ప్రతికూలతలు,0.0,వ్యవస్థ యొక్క ప్రతికూలతలు,0.0,వ్యవస్థ యొక్క ప్రతికూలతలు,0.0,వ్యవస్థ యొక్క ప్రతికూలతలు,0.0,వ్యవస్థ యొక్క ప్రతికూలతలు
కోట్లు వినియోగించారు,0.0,కోట్గు వినియోగించారు,0.0,కోట్గు వినియోగించారు,0.0,కోట్గు వినియోగించారు,0.0,కోట్ధు వినియోగించారు
బక్కవాడు ఎంతనే,0.0,బక్కవాడు ఎంతనే,0.0,బక్కవాడు ఎంతనే,0.0,బక్కవాడు ఎంతనే,0.0,బక్కవాడు ఎంతనే
దీనిపై మీరు స్పష్టత ఇవ్వగలరా,0.0,దీనిపై మీరు స్నష్టత ఇవ్సగలరా,0.0,దీనిపై మీరు స్వష్టత ఇవ్పగలరా,0.0,దీనిపై మీరు స్నష్టత ఇవ్చగలరా,0.0,దీనిపై మీరు స్యష్టత ఇవ్యగలరా
తొలి వన్డేలో మాత్రమే అర్ధ శతకంతో రాణించాడు,0.0,తొలి వన్దేలో మాత్రమే అర్గ శతకంతో రాణించాడు,0.0,తొలి వన్దేలో మాత్రమే అర్ద శతకంతో రాణించాడు,0.0,తొలి వన్దేలో మాత్రమే అర్ల శతకంతో రాణించాడు,0.0,తొలి వన్ధేలో మాత్రమే అర్ద శతకంతో రాణించాడు
కోట్లు రుణాలు ఇచ్చారన్నారు,0.0,కోట్తు రుణాలు ఇచ్వారన్వారు,0.0,కోట్తు రుణాలు ఇచ్సారన్వారు,0.0,కోట్తు రుణాలు ఇచ్సారన్వారు,0.0,కోట్ధు రుణాలు ఇచ్వారన్పారు
ఏమిటి ఆ సమస్య,0.0,ఏమిటి ఆ సమస్య,0.0,ఏమిటి ఆ సమస్య,0.0,ఏమిటి ఆ సమస్య,0.0,ఏమిటి ఆ సమస్య
సేక్రెడ్ గేమ్స్లో రాజీవ్ గాంధీని ఏమన్నారు,0.0,సేక్రెడ్ గేమ్వ్ధో రాజీవ్ గాంధీని ఏమన్వారు,0.0,సేక్రెడ్ గేమ్న్ధో రాజీవ్ గాంధీని ఏమన్వారు,0.0,సేక్రెడ్ గేమ్ప్తో రాజీవ్ గాంధీని ఏమన్వారు,0.0,సేక్రెడ్ గేమ్చ్తో రాజీవ్ గాంధీని ఏమన్పారు
ధిక లాభాలు వస్తాయి,0.0,ధిక లాభాలు వస్లాయి,0.0,ధిక లాభాలు వస్లాయి,0.0,ధిక లాభాలు వస్లాయి,0.0,ధిక లాభాలు వస్లాయి
ఆమిర్ ఖాన్ రెండో భార్య కిరణ్ రావు కూడా అబార్షన్ కారణంగా తీవ్ర మనో వేదనకు గురైంది,0.0,ఆమిర్ ఖాన్ రెండో భార్య కిరణ్ రావు కూడా అబార్షన్ కారణంగా తీవ్ర మనో వేదనకు గురైంది,0.0,ఆమిర్ ఖాన్ రెండో భార్య కిరణ్ రావు కూడా అబార్షన్ కారణంగా తీవ్ర మనో వేదనకు గురైంది,0.0,ఆమిర్ ఖాన్ రెండో భార్య కిరణ్ రావు కూడా అబార్షన్ కారణంగా తీవ్ర మనో వేదనకు గురైంది,0.0,ఆమిర్ ఖాన్ రెండో భార్య కిరణ్ రావు కూడా అబార్షన్ కారణంగా తీవ్ర మనో వేదనకు గురైంది
ములాయం రెండు సీట్లనుంచి ఆయన అల్లుళ్లు అక్షయ్ యాదవ్ ధర్మేంద్ర యాదవ్ కోడలు డింపుల్ యాదవ్ లు మాత్రమే గెలవగలిగారు,0.0,ములాయం రెండు సీట్గనుంచి ఆయన అల్గుళ్తు అక్షయ్ యాదవ్ ధర్శేంద్ర యాదవ్ కోడలు డింపుల్ యాదవ్ లు మాత్రమే గెలవగలిగారు,0.0,ములాయం రెండు సీట్గనుంచి ఆయన అల్ధుళ్గు అక్షయ్ యాదవ్ ధర్శేంద్ర యాదవ్ కోడలు డింపుల్ యాదవ్ లు మాత్రమే గెలవగలిగారు,0.0,ములాయం రెండు సీట్గనుంచి ఆయన అల్గుళ్ధు అక్షయ్ యాదవ్ ధర్శేంద్ర యాదవ్ కోడలు డింపుల్ యాదవ్ లు మాత్రమే గెలవగలిగారు,0.0,ములాయం రెండు సీట్ధనుంచి ఆయన అల్ధుళ్ధు అక్షయ్ యాదవ్ ధర్శేంద్ర యాదవ్ కోడలు డింపుల్ యాదవ్ లు మాత్రమే గెలవగలిగారు
ఎంత మంది బీజేపీలో చేరుతారన్నది మీరే చూస్తారు కదా అని అన్నారు,0.0,ఎంత మంది బీజేపీలో చేరుతారన్పది మీరే చూస్లారు కదా అని అన్వారు,0.0,ఎంత మంది బీజేపీలో చేరుతారన్వది మీరే చూస్లారు కదా అని అన్పారు,0.0,ఎంత మంది బీజేపీలో చేరుతారన్వది మీరే చూస్లారు కదా అని అన్పారు,0.0,ఎంత మంది బీజేపీలో చేరుతారన్పది మీరే చూస్లారు కదా అని అన్వారు
అమ్మ గదిలో పడుకుని ఉంది,0.0,అమ్శ గదిలో పడుకుని ఉంది,0.0,అమ్శ గదిలో పడుకుని ఉంది,0.0,అమ్శ గదిలో పడుకుని ఉంది,0.0,అమ్శ గదిలో పడుకుని ఉంది
రెండు వైపుల నుంచి ఒత్తిడి చేశాం,0.0,రెండు వైపుల నుంచి ఒత్లిడి చేశాం,0.0,రెండు వైపుల నుంచి ఒత్లిడి చేశాం,0.0,రెండు వైపుల నుంచి ఒత్లిడి చేశాం,0.0,రెండు వైపుల నుంచి ఒత్లిడి చేశాం
అల్వార్ నగరం సైతం ఎన్నో చారిత్రక భవనాలు కోటలు సమాధులు భవనాలు ఎంతో ప్రముఖమైనవి,0.0,అల్నార్ నగరం సైతం ఎన్పో చారిత్రక భవనాలు కోటలు సమాధులు భవనాలు ఎంతో ప్రముఖమైనవి,0.0,అల్పార్ నగరం సైతం ఎన్వో చారిత్రక భవనాలు కోటలు సమాధులు భవనాలు ఎంతో ప్రముఖమైనవి,0.0,అల్యార్ నగరం సైతం ఎన్వో చారిత్రక భవనాలు కోటలు సమాధులు భవనాలు ఎంతో ప్రముఖమైనవి,0.0,అల్పార్ నగరం సైతం ఎన్వో చారిత్రక భవనాలు కోటలు సమాధులు భవనాలు ఎంతో ప్రముఖమైనవి
అందరూ అప్రమత్తంగా ఉండండి,0.0,అందరూ అప్రమత్లంగా ఉండండి,0.0,అందరూ అప్రమత్లంగా ఉండండి,0.0,అందరూ అప్రమత్లంగా ఉండండి,0.0,అందరూ అప్రమత్లంగా ఉండండి
ఆప్షనల్ మెమరీ జీబి జీబి,0.0,ఆప్షనల్ మెమరీ జీబి జీబి,0.0,ఆప్షనల్ మెమరీ జీబి జీబి,0.0,ఆప్షనల్ మెమరీ జీబి జీబి,0.0,ఆప్షనల్ మెమరీ జీబి జీబి
ఆయనకు భార్య రజిత కుమార్తె కుమారుడు ఉన్నారు,0.0,ఆయనకు భార్య రజిత కుమార్లె కుమారుడు ఉన్పారు,0.0,ఆయనకు భార్య రజిత కుమార్లె కుమారుడు ఉన్పారు,0.0,ఆయనకు భార్య రజిత కుమార్లె కుమారుడు ఉన్వారు,0.0,ఆయనకు భార్య రజిత కుమార్లె కుమారుడు ఉన్వారు
లక్షలతో వేలంలోకి రాగా అదే ధరకి ముంబయి ఇండియన్స్ కొనుగోలు చేసింది,0.0,లక్షలతో వేలంలోకి రాగా అదే ధరకి ముంబయి ఇండియన్న్ కొనుగోలు చేసింది,0.0,లక్షలతో వేలంలోకి రాగా అదే ధరకి ముంబయి ఇండియన్వ్ కొనుగోలు చేసింది,0.0,లక్షలతో వేలంలోకి రాగా అదే ధరకి ముంబయి ఇండియన్ప్ కొనుగోలు చేసింది,0.0,లక్షలతో వేలంలోకి రాగా అదే ధరకి ముంబయి ఇండియన్వ్ కొనుగోలు చేసింది
లెక్కింపు అని పిలిచే ఒక సాధారణ రక్త పరీక్ష క్యూబిక్ మిల్లీమీటరులో కణాల సంఖ్యను అంచనా వేస్తుంది,0.0,లెక్కింపు అని పిలిచే ఒక సాధారణ రక్ల పరీక్ష క్యూబిక్ మిల్ధీమీటరులో కణాల సంఖ్యను అంచనా వేస్లుంది,0.0,లెక్కింపు అని పిలిచే ఒక సాధారణ రక్ల పరీక్ష క్యూబిక్ మిల్తీమీటరులో కణాల సంఖ్యను అంచనా వేస్లుంది,0.0,లెక్కింపు అని పిలిచే ఒక సాధారణ రక్ల పరీక్ష క్యూబిక్ మిల్తీమీటరులో కణాల సంఖ్యను అంచనా వేస్లుంది,0.0,లెక్కింపు అని పిలిచే ఒక సాధారణ రక్ల పరీక్ష క్యూబిక్ మిల్తీమీటరులో కణాల సంఖ్యను అంచనా వేస్లుంది
అట్లు ఆయన దీనులను ఉన్నతస్థలములలో నుంచునుదుఃఖపడువారిని క్షేమమునకు లేవనెత్తును,0.0,అట్ధు ఆయన దీనులను ఉన్వతస్థలములలో నుంచునుదుఃఖపడువారిని క్షేమమునకు లేవనెత్లును,0.0,అట్ధు ఆయన దీనులను ఉన్పతస్థలములలో నుంచునుదుఃఖపడువారిని క్షేమమునకు లేవనెత్లును,0.0,అట్ధు ఆయన దీనులను ఉన్వతస్థలములలో నుంచునుదుఃఖపడువారిని క్షేమమునకు లేవనెత్లును,0.0,అట్తు ఆయన దీనులను ఉన్పతస్థలములలో నుంచునుదుఃఖపడువారిని క్షేమమునకు లేవనెత్లును
ఉదాహరణకు ఒక ఆసక్తికరమైన పద్ధతి ఉంది,0.0,ఉదాహరణకు ఒక ఆసక్లికరమైన పద్లతి ఉంది,0.0,ఉదాహరణకు ఒక ఆసక్లికరమైన పద్లతి ఉంది,0.0,ఉదాహరణకు ఒక ఆసక్లికరమైన పద్దతి ఉంది,0.0,ఉదాహరణకు ఒక ఆసక్లికరమైన పద్డతి ఉంది
తరువాత నాకు తెలిసింది,0.0,తరువాత నాకు తెలిసింది,0.0,తరువాత నాకు తెలిసింది,0.0,తరువాత నాకు తెలిసింది,0.0,తరువాత నాకు తెలిసింది
ఉపయోగించండి ఎప్పుడు,0.0,ఉపయోగించండి ఎప్సుడు,0.0,ఉపయోగించండి ఎప్యుడు,0.0,ఉపయోగించండి ఎప్సుడు,0.0,ఉపయోగించండి ఎప్యుడు
లక్షలు లభిస్తాయి,0.0,లక్షలు లభిస్లాయి,0.0,లక్షలు లభిస్లాయి,0.0,లక్షలు లభిస్లాయి,0.0,లక్షలు లభిస్లాయి
జట్టు సభ్యులు,0.0,జట్టు సభ్యులు,0.0,జట్టు సభ్యులు,0.0,జట్టు సభ్యులు,0.0,జట్టు సభ్యులు
ఆమెను ఎందుకు,0.0,ఆమెను ఎందుకు,0.0,ఆమెను ఎందుకు,0.0,ఆమెను ఎందుకు,0.0,ఆమెను ఎందుకు
అందువల్ల అది కఠినత్వంతో క్రూరత్వంతో నిండి ఉందంటే అందులో ఆశ్చర్యపోవలసిందేమీ లేదు,0.0,అందువల్ధ అది కఠినత్యంతో క్రూరత్పంతో నిండి ఉందంటే అందులో ఆశ్సర్యపోవలసిందేమీ లేదు,0.0,అందువల్గ అది కఠినత్నంతో క్రూరత్చంతో నిండి ఉందంటే అందులో ఆశ్వర్యపోవలసిందేమీ లేదు,0.0,అందువల్ధ అది కఠినత్చంతో క్రూరత్చంతో నిండి ఉందంటే అందులో ఆశ్వర్యపోవలసిందేమీ లేదు,0.0,అందువల్గ అది కఠినత్యంతో క్రూరత్నంతో నిండి ఉందంటే అందులో ఆశ్వర్యపోవలసిందేమీ లేదు
మరోమారు టీడీపీకే పట్టం కట్టారా,0.0,మరోమారు టీడీపీకే పట్టం కట్టారా,0.0,మరోమారు టీడీపీకే పట్టం కట్టారా,0.0,మరోమారు టీడీపీకే పట్టం కట్టారా,0.0,మరోమారు టీడీపీకే పట్టం కట్టారా
సరిపోయే సమూహాలు,0.0,సరిపోయే సమూహాలు,0.0,సరిపోయే సమూహాలు,0.0,సరిపోయే సమూహాలు,0.0,సరిపోయే సమూహాలు
క్లోరినేషన్ గురించి మిస్కాన్సెప్ట్ వారు క్లోరినే కేసు కాదు రోజుల్లో ఒకసారి మాత్రమే చేయాలని ఆలోచిస్తున్నారు,0.0,క్లోరినేషన్ గురించి మిస్కాన్వెప్ట్ వారు క్గోరినే కేసు కాదు రోజుల్గో ఒకసారి మాత్రమే చేయాలని ఆలోచిస్లున్పారు,0.0,క్లోరినేషన్ గురించి మిస్కాన్నెప్ట్ వారు క్తోరినే కేసు కాదు రోజుల్ధో ఒకసారి మాత్రమే చేయాలని ఆలోచిస్లున్పారు,0.0,క్లోరినేషన్ గురించి మిస్కాన్వెప్ట్ వారు క్ధోరినే కేసు కాదు రోజుల్ధో ఒకసారి మాత్రమే చేయాలని ఆలోచిస్లున్వారు,0.0,క్లోరినేషన్ గురించి మిస్కాన్పెప్ట్ వారు క్ధోరినే కేసు కాదు రోజుల్ధో ఒకసారి మాత్రమే చేయాలని ఆలోచిస్లున్పారు
తప్పిదస్థుడు యాకోబు లోని ఉపదేశాన్ని ఎందుకు అనుసరించాలి,0.0,తప్సిదస్థుడు యాకోబు లోని ఉపదేశాన్వి ఎందుకు అనుసరించాలి,0.0,తప్విదస్థుడు యాకోబు లోని ఉపదేశాన్వి ఎందుకు అనుసరించాలి,0.0,తప్సిదస్థుడు యాకోబు లోని ఉపదేశాన్పి ఎందుకు అనుసరించాలి,0.0,తప్విదస్థుడు యాకోబు లోని ఉపదేశాన్వి ఎందుకు అనుసరించాలి
ఇందుకోసం రెండు అధ్యయనాలు చేస్తోంది,0.0,ఇందుకోసం రెండు అధ్యయనాలు చేస్లోంది,0.0,ఇందుకోసం రెండు అధ్యయనాలు చేస్లోంది,0.0,ఇందుకోసం రెండు అధ్యయనాలు చేస్లోంది,0.0,ఇందుకోసం రెండు అధ్యయనాలు చేస్లోంది
జేమ్స్ ఎర్స్ కైన్ దర్శకత్వంలో తెరకెక్కించిన ఈ సినిమాకు ఆస్కార్ విజేత ఏఆర్ రెహమాన్ సంగీతం అందించారు,0.0,జేమ్వ్ ఎర్వ్ కైన్ దర్మకత్పంలో తెరకెక్కించిన ఈ సినిమాకు ఆస్కార్ విజేత ఏఆర్ రెహమాన్ సంగీతం అందించారు,0.0,జేమ్న్ ఎర్చ్ కైన్ దర్మకత్యంలో తెరకెక్కించిన ఈ సినిమాకు ఆస్కార్ విజేత ఏఆర్ రెహమాన్ సంగీతం అందించారు,0.0,జేమ్ప్ ఎర్న్ కైన్ దర్మకత్పంలో తెరకెక్కించిన ఈ సినిమాకు ఆస్కార్ విజేత ఏఆర్ రెహమాన్ సంగీతం అందించారు,0.0,జేమ్న్ ఎర్వ్ కైన్ దర్మకత్నంలో తెరకెక్కించిన ఈ సినిమాకు ఆస్కార్ విజేత ఏఆర్ రెహమాన్ సంగీతం అందించారు
కొద్ది రోజుల వరకూ సినిమాలు చేయను,0.0,కొద్ ి రోజుల వరకూ సినిమాలు చేయను,0.0,కొద్డి రోజుల వరకూ సినిమాలు చేయను,0.0,కొద్ధి రోజుల వరకూ సినిమాలు చేయను,0.0,కొద్ధి రోజుల వరకూ సినిమాలు చేయను
దరఖాస్తు ఫీజు జనరల్ అభ్యర్థులకు రూ,0.0,దరఖాస్లు ఫీజు జనరల్ అభ్యర్థులకు రూ,0.0,దరఖాస్లు ఫీజు జనరల్ అభ్యర్థులకు రూ,0.0,దరఖాస్లు ఫీజు జనరల్ అభ్యర్థులకు రూ,0.0,దరఖాస్లు ఫీజు జనరల్ అభ్యర్థులకు రూ
త్వరలో ఈ ప్రాజెక్ట్ గురించిన అధికారిక ప్రకటన రానున్నదని అంటున్నారు,0.0,త్వరలో ఈ ప్రాజెక్ట్ గురించిన అధికారిక ప్రకటన రానున్వదని అంటున్వారు,0.0,త్వరలో ఈ ప్రాజెక్ట్ గురించిన అధికారిక ప్రకటన రానున్వదని అంటున్పారు,0.0,త్వరలో ఈ ప్రాజెక్ట్ గురించిన అధికారిక ప్రకటన రానున్వదని అంటున్వారు,0.0,త్వరలో ఈ ప్రాజెక్ట్ గురించిన అధికారిక ప్రకటన రానున్వదని అంటున్వారు
ఇప్పటిదాకా చూడకపోతే తప్పక చూడండి,0.0,ఇప్వటిదాకా చూడకపోతే తప్నక చూడండి,0.0,ఇప్యటిదాకా చూడకపోతే తప్సక చూడండి,0.0,ఇప్యటిదాకా చూడకపోతే తప్వక చూడండి,0.0,ఇప్యటిదాకా చూడకపోతే తప్సక చూడండి
అయినప్పటికీ ఆకలితో ఉన్న జనాభాకి భోజనం కల్పించడంలోను పెంపకందారులకు అవసరమైన ఆదాయాన్ని కల్పించడంలోను కోళ్ళు ముఖ్యమైన పాత్ర వహించగలవని నిపుణులు అభిప్రాయపడుతున్నారు,0.0,అయినప్సటికీ ఆకలితో ఉన్వ జనాభాకి భోజనం కల్వించడంలోను పెంపకందారులకు అవసరమైన ఆదాయాన్వి కల్సించడంలోను కోళ్ళు ముఖ్యమైన పాత్ర వహించగలవని నిపుణులు అభిప్రాయపడుతున్పారు,0.0,అయినప్సటికీ ఆకలితో ఉన్వ జనాభాకి భోజనం కల్వించడంలోను పెంపకందారులకు అవసరమైన ఆదాయాన్వి కల్సించడంలోను కోళ్ళు ముఖ్యమైన పాత్ర వహించగలవని నిపుణులు అభిప్రాయపడుతున్వారు,0.0,అయినప్వటికీ ఆకలితో ఉన్ప జనాభాకి భోజనం కల్సించడంలోను పెంపకందారులకు అవసరమైన ఆదాయాన్పి కల్నించడంలోను కోళ్ళు ముఖ్యమైన పాత్ర వహించగలవని నిపుణులు అభిప్రాయపడుతున్వారు,0.0,అయినప్వటికీ ఆకలితో ఉన్వ జనాభాకి భోజనం కల్యించడంలోను పెంపకందారులకు అవసరమైన ఆదాయాన్వి కల్నించడంలోను కోళ్ళు ముఖ్యమైన పాత్ర వహించగలవని నిపుణులు అభిప్రాయపడుతున్వారు
యోగతో ఆధ్యాత్మిక కుశలత,0.0,యోగతో ఆధ్యాత్శిక కుశలత,0.0,యోగతో ఆధ్యాత్శిక కుశలత,0.0,యోగతో ఆధ్యాత్శిక కుశలత,0.0,యోగతో ఆధ్యాత్శిక కుశలత
అధిక మరియు అధిక,0.0,అధిక మరియు అధిక,0.0,అధిక మరియు అధిక,0.0,అధిక మరియు అధిక,0.0,అధిక మరియు అధిక
ఐఎన్ఎక్స్ మీడియా కేసులో చిదంబరం జైలులో ఉన్నారు,0.0,ఐఎన్ఎక్వ్ మీడియా కేసులో చిదంబరం జైలులో ఉన్పారు,0.0,ఐఎన్ఎక్న్ మీడియా కేసులో చిదంబరం జైలులో ఉన్వారు,0.0,ఐఎన్ఎక్చ్ మీడియా కేసులో చిదంబరం జైలులో ఉన్పారు,0.0,ఐఎన్ఎక్న్ మీడియా కేసులో చిదంబరం జైలులో ఉన్పారు
ఈ నిర్ణయాన్ని వెంటనే ఉపసంహరించుకోవాలని డిమాండ్ చేశారు,0.0,ఈ నిర్ణయాన్పి వెంటనే ఉపసంహరించుకోవాలని డిమాండ్ చేశారు,0.0,ఈ నిర్ణయాన్వి వెంటనే ఉపసంహరించుకోవాలని డిమాండ్ చేశారు,0.0,ఈ నిర్ణయాన్వి వెంటనే ఉపసంహరించుకోవాలని డిమాండ్ చేశారు,0.0,ఈ నిర్ణయాన్వి వెంటనే ఉపసంహరించుకోవాలని డిమాండ్ చేశారు
అందులో ఏ ఒక్కరూ మినహాయింపు కాదు,0.0,అందులో ఏ ఒక్కరూ మినహాయింపు కాదు,0.0,అందులో ఏ ఒక్కరూ మినహాయింపు కాదు,0.0,అందులో ఏ ఒక్కరూ మినహాయింపు కాదు,0.0,అందులో ఏ ఒక్కరూ మినహాయింపు కాదు
ఈ సినిమా మీరెందుకు ఎంచుకున్నారు అని అడుగుతున్నారు,0.0,ఈ సినిమా మీరెందుకు ఎంచుకున్పారు అని అడుగుతున్పారు,0.0,ఈ సినిమా మీరెందుకు ఎంచుకున్పారు అని అడుగుతున్వారు,0.0,ఈ సినిమా మీరెందుకు ఎంచుకున్పారు అని అడుగుతున్పారు,0.0,ఈ సినిమా మీరెందుకు ఎంచుకున్వారు అని అడుగుతున్పారు
క్రూరమైన పన్నులు విధిస్తూ మోదీ ప్రభుత్వం లక్షల కోట్లరూపాయలు లాభపడిందని ఆయన తెలిపారు,0.0,క్రూరమైన పన్వులు విధిస్లూ మోదీ ప్రభుత్నం లక్షల కోట్గరూపాయలు లాభపడిందని ఆయన తెలిపారు,0.0,క్రూరమైన పన్పులు విధిస్లూ మోదీ ప్రభుత్సం లక్షల కోట్గరూపాయలు లాభపడిందని ఆయన తెలిపారు,0.0,క్రూరమైన పన్వులు విధిస్లూ మోదీ ప్రభుత్సం లక్షల కోట్ధరూపాయలు లాభపడిందని ఆయన తెలిపారు,0.0,క్రూరమైన పన్పులు విధిస్లూ మోదీ ప్రభుత్సం లక్షల కోట్గరూపాయలు లాభపడిందని ఆయన తెలిపారు
టోనర్ కార్ట్రిడ్జ్ లేదా లేజర్ టోనర్ అనేది లేజర్ ప్రింటర్ లో వినియోగించే అంతర్భాగం,0.0,టోనర్ కార్ట్రిడ్జ్ లేదా లేజర్ టోనర్ అనేది లేజర్ ప్రింటర్ లో వినియోగించే అంతర్భాగం,0.0,టోనర్ కార్ట్రిడ్జ్ లేదా లేజర్ టోనర్ అనేది లేజర్ ప్రింటర్ లో వినియోగించే అంతర్భాగం,0.0,టోనర్ కార్ట్రిడ్జ్ లేదా లేజర్ టోనర్ అనేది లేజర్ ప్రింటర్ లో వినియోగించే అంతర్భాగం,0.0,టోనర్ కార్ట్రిడ్జ్ లేదా లేజర్ టోనర్ అనేది లేజర్ ప్రింటర్ లో వినియోగించే అంతర్భాగం
బాలికను వైద్యపరీక్షలకు పంపారు,0.0,బాలికను వైద్యపరీక్షలకు పంపారు,0.0,బాలికను వైద్యపరీక్షలకు పంపారు,0.0,బాలికను వైద్యపరీక్షలకు పంపారు,0.0,బాలికను వైద్యపరీక్షలకు పంపారు
కొంత గందరగోళంగా ఉంటుంది,0.0,కొంత గందరగోళంగా ఉంటుంది,0.0,కొంత గందరగోళంగా ఉంటుంది,0.0,కొంత గందరగోళంగా ఉంటుంది,0.0,కొంత గందరగోళంగా ఉంటుంది
వివాదాస్పద స్థలంలోని ఓ ప్రదేశంలో నమాజ్ నిర్వహించేందుకు అనుమతి ఇవ్వాలంటూ అల్ రెహ్మాన్ ట్రస్ట్ అలహాబాద్ హైకోర్టులో పిటిషన్ దాఖలు చేశారు,0.0,వివాదాస్సద స్థలంలోని ఓ ప్రదేశంలో నమాజ్ నిర్సహించేందుకు అనుమతి ఇవ్యాలంటూ అల్ రెహ్శాన్ ట్రస్ట్ అలహాబాద్ హైకోర్టులో పిటిషన్ దాఖలు చేశారు,0.0,వివాదాస్నద స్థలంలోని ఓ ప్రదేశంలో నమాజ్ నిర్నహించేందుకు అనుమతి ఇవ్చాలంటూ అల్ రెహ్శాన్ ట్రస్ట్ అలహాబాద్ హైకోర్టులో పిటిషన్ దాఖలు చేశారు,0.0,వివాదాస్నద స్థలంలోని ఓ ప్రదేశంలో నమాజ్ నిర్చహించేందుకు అనుమతి ఇవ్నాలంటూ అల్ రెహ్శాన్ ట్రస్ట్ అలహాబాద్ హైకోర్టులో పిటిషన్ దాఖలు చేశారు,0.0,వివాదాస్నద స్థలంలోని ఓ ప్రదేశంలో నమాజ్ నిర్పహించేందుకు అనుమతి ఇవ్యాలంటూ అల్ రెహ్శాన్ ట్రస్ట్ అలహాబాద్ హైకోర్టులో పిటిషన్ దాఖలు చేశారు
ఆయన మేధస్సు ధైర్యం న్యాయవర్తన స్వరాజ్య భావన నిరంతరం స్ఫూర్తినిస్తాయి,0.0,ఆయన మేధస్పు ధైర్యం న్యాయవర్లన స్నరాజ్య భావన నిరంతరం స్ఫూర్లినిస్లాయి,0.0,ఆయన మేధస్ను ధైర్యం న్యాయవర్లన స్సరాజ్య భావన నిరంతరం స్ఫూర్లినిస్లాయి,0.0,ఆయన మేధస్ను ధైర్యం న్యాయవర్లన స్చరాజ్య భావన నిరంతరం స్ఫూర్లినిస్లాయి,0.0,ఆయన మేధస్పు ధైర్యం న్యాయవర్లన స్చరాజ్య భావన నిరంతరం స్ఫూర్లినిస్లాయి
కొత్త బ్లాక్ కలర్ ఎడిషన్ లో వస్తున్న టాటా హారియర్,0.0,కొత్ల బ్ధాక్ కలర్ ఎడిషన్ లో వస్లున్ప టాటా హారియర్,0.0,కొత్ల బ్ధాక్ కలర్ ఎడిషన్ లో వస్లున్ప టాటా హారియర్,0.0,కొత్ల బ్గాక్ కలర్ ఎడిషన్ లో వస్లున్ప టాటా హారియర్,0.0,కొత్ల బ్ధాక్ కలర్ ఎడిషన్ లో వస్లున్ప టాటా హారియర్
క్రికెట్ ఆపరేషన్స్ జనరల్ మేనేజర్ సబా కరీం సైతం వైదొలిగాడు,0.0,క్రికెట్ ఆపరేషన్చ్ జనరల్ మేనేజర్ సబా కరీం సైతం వైదొలిగాడు,0.0,క్రికెట్ ఆపరేషన్న్ జనరల్ మేనేజర్ సబా కరీం సైతం వైదొలిగాడు,0.0,క్రికెట్ ఆపరేషన్వ్ జనరల్ మేనేజర్ సబా కరీం సైతం వైదొలిగాడు,0.0,క్రికెట్ ఆపరేషన్న్ జనరల్ మేనేజర్ సబా కరీం సైతం వైదొలిగాడు
మరికొద్ది రోజుల్లో వైఎస్ జగన్ రాష్ట్ర దేశ రాజకీయాల్లో పోషించనున్న కీలక పాత్రకు ఇది సంకేతమని విశ్లేషకులు అభిప్రాయపడుతున్నారు,0.0,మరికొద్డి రోజుల్గో వైఎస్ జగన్ రాష్ట్ర దేశ రాజకీయాల్ధో పోషించనున్ప కీలక పాత్రకు ఇది సంకేతమని విశ్ధేషకులు అభిప్రాయపడుతున్పారు,0.0,మరికొద్డి రోజుల్గో వైఎస్ జగన్ రాష్ట్ర దేశ రాజకీయాల్తో పోషించనున్వ కీలక పాత్రకు ఇది సంకేతమని విశ్ధేషకులు అభిప్రాయపడుతున్పారు,0.0,మరికొద్డి రోజుల్తో వైఎస్ జగన్ రాష్ట్ర దేశ రాజకీయాల్ధో పోషించనున్ప కీలక పాత్రకు ఇది సంకేతమని విశ్గేషకులు అభిప్రాయపడుతున్వారు,0.0,మరికొద్ ి రోజుల్ధో వైఎస్ జగన్ రాష్ట్ర దేశ రాజకీయాల్తో పోషించనున్వ కీలక పాత్రకు ఇది సంకేతమని విశ్గేషకులు అభిప్రాయపడుతున్పారు
అంతర్జాతీయ ప్రొడక్షన్స్ పాల్గొనడం,0.0,అంతర్జాతీయ ప్రొడక్షన్వ్ పాల్ధొనడం,0.0,అంతర్జాతీయ ప్రొడక్షన్వ్ పాల్ఠొనడం,0.0,అంతర్జాతీయ ప్రొడక్షన్ప్ పాల్ఠొనడం,0.0,అంతర్జాతీయ ప్రొడక్షన్న్ పాల్ఠొనడం
టీచర్పై చర్యలు తీసుకోవాలని డిమాండ్ చేస్తున్నారు తల్లిదండ్రులు,0.0,టీచర్వై చర్యలు తీసుకోవాలని డిమాండ్ చేస్లున్పారు తల్గిదండ్రులు,0.0,టీచర్యై చర్యలు తీసుకోవాలని డిమాండ్ చేస్లున్వారు తల్తిదండ్రులు,0.0,టీచర్నై చర్యలు తీసుకోవాలని డిమాండ్ చేస్లున్వారు తల్ధిదండ్రులు,0.0,టీచర్నై చర్యలు తీసుకోవాలని డిమాండ్ చేస్లున్పారు తల్తిదండ్రులు
బోటు ప్రమాదం నుంచి మంది బయటపడ్డారు,0.0,బోటు ప్రమాదం నుంచి మంది బయటపడ్దారు,0.0,బోటు ప్రమాదం నుంచి మంది బయటపడ్ధారు,0.0,బోటు ప్రమాదం నుంచి మంది బయటపడ్దారు,0.0,బోటు ప్రమాదం నుంచి మంది బయటపడ్ధారు
అమెరికాలో కూడా ఉన్నాయి,0.0,అమెరికాలో కూడా ఉన్పాయి,0.0,అమెరికాలో కూడా ఉన్పాయి,0.0,అమెరికాలో కూడా ఉన్పాయి,0.0,అమెరికాలో కూడా ఉన్వాయి
శ్రీ స్రవంతి మూవీస్ బ్యానర్లో స్రవంతి రవికిశోర్ నిర్మిస్తున్న ఈ సినిమాకు దేవి శ్రీ ప్రసాద్ మ్యూజిక్ అందించాడు,0.0,శ్రీ స్రవంతి మూవీస్ బ్యానర్గో స్రవంతి రవికిశోర్ నిర్శిస్లున్వ ఈ సినిమాకు దేవి శ్రీ ప్రసాద్ మ్యూజిక్ అందించాడు,0.0,శ్రీ స్రవంతి మూవీస్ బ్యానర్ధో స్రవంతి రవికిశోర్ నిర్శిస్లున్ప ఈ సినిమాకు దేవి శ్రీ ప్రసాద్ మ్యూజిక్ అందించాడు,0.0,శ్రీ స్రవంతి మూవీస్ బ్యానర్ధో స్రవంతి రవికిశోర్ నిర్శిస్లున్వ ఈ సినిమాకు దేవి శ్రీ ప్రసాద్ మ్యూజిక్ అందించాడు,0.0,శ్రీ స్రవంతి మూవీస్ బ్యానర్ధో స్రవంతి రవికిశోర్ నిర్శిస్లున్వ ఈ సినిమాకు దేవి శ్రీ ప్రసాద్ మ్యూజిక్ అందించాడు
ఎలుగుబంటి మృతదేహాన్ని చూసిన స్థానికులు అటవీశాఖ అధికారులకు సమాచారం ఇచ్చారు,0.0,ఎలుగుబంటి మృతదేహాన్పి చూసిన స్థానికులు అటవీశాఖ అధికారులకు సమాచారం ఇచ్వారు,0.0,ఎలుగుబంటి మృతదేహాన్వి చూసిన స్థానికులు అటవీశాఖ అధికారులకు సమాచారం ఇచ్సారు,0.0,ఎలుగుబంటి మృతదేహాన్వి చూసిన స్థానికులు అటవీశాఖ అధికారులకు సమాచారం ఇచ్వారు,0.0,ఎలుగుబంటి మృతదేహాన్వి చూసిన స్థానికులు అటవీశాఖ అధికారులకు సమాచారం ఇచ్సారు
మోహనరావు తదితరులు పాల్గొన్నారు,0.0,మోహనరావు తదితరులు పాల్ఠొన్పారు,0.0,మోహనరావు తదితరులు పాల్ఠొన్పారు,0.0,మోహనరావు తదితరులు పాల్ఠొన్వారు,0.0,మోహనరావు తదితరులు పాల్ధొన్పారు
లక్షలు ఎమ్మెల్సీ నారదాసు లక్ష్మణరావు రూ,0.0,లక్షలు ఎమ్శెల్నీ నారదాసు లక్ష్శణరావు రూ,0.0,లక్షలు ఎమ్శెల్పీ నారదాసు లక్ష్శణరావు రూ,0.0,లక్షలు ఎమ్శెల్నీ నారదాసు లక్ష్శణరావు రూ,0.0,లక్షలు ఎమ్శెల్చీ నారదాసు లక్ష్శణరావు రూ
ఎక్కడ ఉపయోగించడానికి ఉత్తమ ఉంది,0.0,ఎక్కడ ఉపయోగించడానికి ఉత్లమ ఉంది,0.0,ఎక్కడ ఉపయోగించడానికి ఉత్లమ ఉంది,0.0,ఎక్కడ ఉపయోగించడానికి ఉత్లమ ఉంది,0.0,ఎక్కడ ఉపయోగించడానికి ఉత్లమ ఉంది
ఎందుకు నొప్పి నుండి వస్తుంది,0.0,ఎందుకు నొప్సి నుండి వస్లుంది,0.0,ఎందుకు నొప్సి నుండి వస్లుంది,0.0,ఎందుకు నొప్యి నుండి వస్లుంది,0.0,ఎందుకు నొప్యి నుండి వస్లుంది
రామ్ప్ర సాద్కు మొత్తం రూ,0.0,రామ్వ్ర సాద్కు మొత్లం రూ,0.0,రామ్న్ర సాద్కు మొత్లం రూ,0.0,రామ్వ్ర సాద్కు మొత్లం రూ,0.0,రామ్స్ర సాద్కు మొత్లం రూ
రెండు పార్టీలు కలిసి ఎపి ప్రజలను దారుణంగా మోసం చేశారు,0.0,రెండు పార్టీలు కలిసి ఎపి ప్రజలను దారుణంగా మోసం చేశారు,0.0,రెండు పార్టీలు కలిసి ఎపి ప్రజలను దారుణంగా మోసం చేశారు,0.0,రెండు పార్టీలు కలిసి ఎపి ప్రజలను దారుణంగా మోసం చేశారు,0.0,రెండు పార్టీలు కలిసి ఎపి ప్రజలను దారుణంగా మోసం చేశారు
లేక అందరికీనా అంటాడు జీతం పెంచకపోతే ఏం,0.0,లేక అందరికీనా అంటాడు జీతం పెంచకపోతే ఏం,0.0,లేక అందరికీనా అంటాడు జీతం పెంచకపోతే ఏం,0.0,లేక అందరికీనా అంటాడు జీతం పెంచకపోతే ఏం,0.0,లేక అందరికీనా అంటాడు జీతం పెంచకపోతే ఏం
మంచి విధానాలను మరింత విజయవంతమైన స్థానిక విధానాలను ఎవరు రూపొందించాలి,0.0,మంచి విధానాలను మరింత విజయవంతమైన స్థానిక విధానాలను ఎవరు రూపొందించాలి,0.0,మంచి విధానాలను మరింత విజయవంతమైన స్థానిక విధానాలను ఎవరు రూపొందించాలి,0.0,మంచి విధానాలను మరింత విజయవంతమైన స్థానిక విధానాలను ఎవరు రూపొందించాలి,0.0,మంచి విధానాలను మరింత విజయవంతమైన స్థానిక విధానాలను ఎవరు రూపొందించాలి
మీ ఇంటిని ఏ విధంగా ఉపయోగించాలనే విషయాన్ని మీరు నిర్ణయించుకుంటారు,0.0,మీ ఇంటిని ఏ విధంగా ఉపయోగించాలనే విషయాన్వి మీరు నిర్ణయించుకుంటారు,0.0,మీ ఇంటిని ఏ విధంగా ఉపయోగించాలనే విషయాన్వి మీరు నిర్ణయించుకుంటారు,0.0,మీ ఇంటిని ఏ విధంగా ఉపయోగించాలనే విషయాన్పి మీరు నిర్ణయించుకుంటారు,0.0,మీ ఇంటిని ఏ విధంగా ఉపయోగించాలనే విషయాన్పి మీరు నిర్ణయించుకుంటారు
ఈ రెండు ప్రశ్నలు చాలు,0.0,ఈ రెండు ప్రశ్వలు చాలు,0.0,ఈ రెండు ప్రశ్వలు చాలు,0.0,ఈ రెండు ప్రశ్పలు చాలు,0.0,ఈ రెండు ప్రశ్పలు చాలు
అధికారులు దళారులు మిల్లర్లు కుమ్మక్కయ్యారని గోలచేశారు,0.0,అధికారులు దళారులు మిల్ధర్గు కుమ్శక్కయ్యారని గోలచేశారు,0.0,అధికారులు దళారులు మిల్తర్తు కుమ్శక్కయ్యారని గోలచేశారు,0.0,అధికారులు దళారులు మిల్తర్ధు కుమ్శక్కయ్యారని గోలచేశారు,0.0,అధికారులు దళారులు మిల్గర్గు కుమ్శక్కయ్యారని గోలచేశారు
ంచి అవకాశాన్ని వృథా చేసుకొన్నట్టే,0.0,ంచి అవకాశాన్వి వృథా చేసుకొన్వట్టే,0.0,ంచి అవకాశాన్వి వృథా చేసుకొన్పట్టే,0.0,ంచి అవకాశాన్పి వృథా చేసుకొన్వట్టే,0.0,ంచి అవకాశాన్పి వృథా చేసుకొన్వట్టే
ఓట్లతో ఆమడ దూరంలో ట్రంప్,0.0,ఓట్ధతో ఆమడ దూరంలో ట్రంప్,0.0,ఓట్ధతో ఆమడ దూరంలో ట్రంప్,0.0,ఓట్గతో ఆమడ దూరంలో ట్రంప్,0.0,ఓట్తతో ఆమడ దూరంలో ట్రంప్
అందులో ఆమె రాజ్ కుమార్ రావుతో కలిసి నటిస్తోంది,0.0,అందులో ఆమె రాజ్ కుమార్ రావుతో కలిసి నటిస్లోంది,0.0,అందులో ఆమె రాజ్ కుమార్ రావుతో కలిసి నటిస్లోంది,0.0,అందులో ఆమె రాజ్ కుమార్ రావుతో కలిసి నటిస్లోంది,0.0,అందులో ఆమె రాజ్ కుమార్ రావుతో కలిసి నటిస్లోంది
బాలికను ఆస్పత్రికి తరలించి చికిత్స అందిస్తున్నారు,0.0,బాలికను ఆస్సత్రికి తరలించి చికిత్న అందిస్లున్పారు,0.0,బాలికను ఆస్నత్రికి తరలించి చికిత్న అందిస్లున్పారు,0.0,బాలికను ఆస్నత్రికి తరలించి చికిత్వ అందిస్లున్వారు,0.0,బాలికను ఆస్నత్రికి తరలించి చికిత్ప అందిస్లున్వారు
ఈ మందిరం ఒక ముస్లిం మతం సెయింట్ మరియు పండితుడు అలహజ్రాట్ ఇమామ్ అహ్మద్ రజా ఖాన్ గౌరావార్థం నిర్మించబడింది,0.0,ఈ మందిరం ఒక ముస్గిం మతం సెయింట్ మరియు పండితుడు అలహజ్రాట్ ఇమామ్ అహ్శద్ రజా ఖాన్ గౌరావార్థం నిర్శించబడింది,0.0,ఈ మందిరం ఒక ముస్గిం మతం సెయింట్ మరియు పండితుడు అలహజ్రాట్ ఇమామ్ అహ్శద్ రజా ఖాన్ గౌరావార్థం నిర్శించబడింది,0.0,ఈ మందిరం ఒక ముస్గిం మతం సెయింట్ మరియు పండితుడు అలహజ్రాట్ ఇమామ్ అహ్శద్ రజా ఖాన్ గౌరావార్థం నిర్శించబడింది,0.0,ఈ మందిరం ఒక ముస్గిం మతం సెయింట్ మరియు పండితుడు అలహజ్రాట్ ఇమామ్ అహ్శద్ రజా ఖాన్ గౌరావార్థం నిర్శించబడింది
లేక గాలి వాటమా,0.0,లేక గాలి వాటమా,0.0,లేక గాలి వాటమా,0.0,లేక గాలి వాటమా,0.0,లేక గాలి వాటమా
ఇక ఉత్తమ నటిగా రష్మిక మందానా ఎంపికైంది,0.0,ఇక ఉత్లమ నటిగా రష్శిక మందానా ఎంపికైంది,0.0,ఇక ఉత్లమ నటిగా రష్శిక మందానా ఎంపికైంది,0.0,ఇక ఉత్లమ నటిగా రష్శిక మందానా ఎంపికైంది,0.0,ఇక ఉత్లమ నటిగా రష్శిక మందానా ఎంపికైంది
శంకరం బడికి రాలేదు,0.0,శంకరం బడికి రాలేదు,0.0,శంకరం బడికి రాలేదు,0.0,శంకరం బడికి రాలేదు,0.0,శంకరం బడికి రాలేదు
అని వారి ప్రశ్న,0.0,అని వారి ప్రశ్వ,0.0,అని వారి ప్రశ్ప,0.0,అని వారి ప్రశ్వ,0.0,అని వారి ప్రశ్వ
అనేశాడు కనకయ్య,0.0,అనేశాడు కనకయ్య,0.0,అనేశాడు కనకయ్య,0.0,అనేశాడు కనకయ్య,0.0,అనేశాడు కనకయ్య
ఈ తతంగానంతా వీడియో తీసి టిక్టాక్లో పోస్ట్ చేశారు,0.0,ఈ తతంగానంతా వీడియో తీసి టిక్టాక్గో పోస్ట్ చేశారు,0.0,ఈ తతంగానంతా వీడియో తీసి టిక్టాక్గో పోస్ట్ చేశారు,0.0,ఈ తతంగానంతా వీడియో తీసి టిక్టాక్గో పోస్ట్ చేశారు,0.0,ఈ తతంగానంతా వీడియో తీసి టిక్టాక్తో పోస్ట్ చేశారు
కోర్టుకు వెళ్ళి న్యాయంకోసం పోరాడుతామన్నారు,0.0,కోర్టుకు వెళ్ళి న్యాయంకోసం పోరాడుతామన్వారు,0.0,కోర్టుకు వెళ్ళి న్యాయంకోసం పోరాడుతామన్వారు,0.0,కోర్టుకు వెళ్ళి న్యాయంకోసం పోరాడుతామన్వారు,0.0,కోర్టుకు వెళ్ళి న్యాయంకోసం పోరాడుతామన్వారు
అందుకే అలా చెబుతుంటా,0.0,అందుకే అలా చెబుతుంటా,0.0,అందుకే అలా చెబుతుంటా,0.0,అందుకే అలా చెబుతుంటా,0.0,అందుకే అలా చెబుతుంటా
చీపెస్ట్ ధరలో విడుదలైన రాయల్ ఎన్ఫీల్డ్ క్లాసిక్ కొత్త వేరియంట్,0.0,చీపెస్ట్ ధరలో విడుదలైన రాయల్ ఎన్ఫీల్ద్ క్గాసిక్ కొత్ల వేరియంట్,0.0,చీపెస్ట్ ధరలో విడుదలైన రాయల్ ఎన్ఫీల్ధ్ క్తాసిక్ కొత్ల వేరియంట్,0.0,చీపెస్ట్ ధరలో విడుదలైన రాయల్ ఎన్ఫీల్ధ్ క్ధాసిక్ కొత్ల వేరియంట్,0.0,చీపెస్ట్ ధరలో విడుదలైన రాయల్ ఎన్ఫీల్ద్ క్గాసిక్ కొత్ల వేరియంట్
మేము ఎల్లప్పుడూ నమలు ఏదో వద్దు,0.0,మేము ఎల్గప్యుడూ నమలు ఏదో వద్ధు,0.0,మేము ఎల్తప్వుడూ నమలు ఏదో వద్ ు,0.0,మేము ఎల్ధప్సుడూ నమలు ఏదో వద్ధు,0.0,మేము ఎల్ధప్వుడూ నమలు ఏదో వద్ధు
రౌండ్లలో ఓట్లను లెక్కించనున్నారు,0.0,రౌండ్ధలో ఓట్తను లెక్కించనున్వారు,0.0,రౌండ్ధలో ఓట్ధను లెక్కించనున్పారు,0.0,రౌండ్ధలో ఓట్తను లెక్కించనున్వారు,0.0,రౌండ్ధలో ఓట్తను లెక్కించనున్వారు
దీంతో ఇరువర్గాలు బాహాబాహికి దిగాయి,0.0,దీంతో ఇరువర్లాలు బాహాబాహికి దిగాయి,0.0,దీంతో ఇరువర్ధాలు బాహాబాహికి దిగాయి,0.0,దీంతో ఇరువర్ఠాలు బాహాబాహికి దిగాయి,0.0,దీంతో ఇరువర్లాలు బాహాబాహికి దిగాయి
మరిన్ని వివరాలు త్వరలో తెలియజేస్తాం అన్నారు,0.0,మరిన్పి వివరాలు త్పరలో తెలియజేస్లాం అన్వారు,0.0,మరిన్పి వివరాలు త్చరలో తెలియజేస్లాం అన్వారు,0.0,మరిన్పి వివరాలు త్నరలో తెలియజేస్లాం అన్పారు,0.0,మరిన్వి వివరాలు త్యరలో తెలియజేస్లాం అన్పారు
కానీ ఈ సినిమా సక్సెస్ కాలేకపోయింది,0.0,కానీ ఈ సినిమా సక్పెస్ కాలేకపోయింది,0.0,కానీ ఈ సినిమా సక్పెస్ కాలేకపోయింది,0.0,కానీ ఈ సినిమా సక్చెస్ కాలేకపోయింది,0.0,కానీ ఈ సినిమా సక్వెస్ కాలేకపోయింది
ఇక భారత్ఆస్ట్రేలియా మధ్య పూణే వేదికగా తొలి టెస్టు మ్యాచ్ జరుగనుంది,0.0,ఇక భారత్ఆస్ట్రేలియా మధ్య పూణే వేదికగా తొలి టెస్టు మ్యాచ్ జరుగనుంది,0.0,ఇక భారత్ఆస్ట్రేలియా మధ్య పూణే వేదికగా తొలి టెస్టు మ్యాచ్ జరుగనుంది,0.0,ఇక భారత్ఆస్ట్రేలియా మధ్య పూణే వేదికగా తొలి టెస్టు మ్యాచ్ జరుగనుంది,0.0,ఇక భారత్ఆస్ట్రేలియా మధ్య పూణే వేదికగా తొలి టెస్టు మ్యాచ్ జరుగనుంది
తాజాగా ఫస్ట్ లుక్ విడుదల చేశారు,0.0,తాజాగా ఫస్ట్ లుక్ విడుదల చేశారు,0.0,తాజాగా ఫస్ట్ లుక్ విడుదల చేశారు,0.0,తాజాగా ఫస్ట్ లుక్ విడుదల చేశారు,0.0,తాజాగా ఫస్ట్ లుక్ విడుదల చేశారు
ఏ పరికరము కనుగొనబడలేదు,0.0,ఏ పరికరము కనుగొనబడలేదు,0.0,ఏ పరికరము కనుగొనబడలేదు,0.0,ఏ పరికరము కనుగొనబడలేదు,0.0,ఏ పరికరము కనుగొనబడలేదు
వైద్య పరిస్థితి పరంగా యొక్క స్థితికి సంబంధించిన అస్పష్టత అనేది ఈ రకమైన నిందకు కారణంగా ఉంటుండవచ్చు,0.0,వైద్య పరిస్థితి పరంగా యొక్క స్థితికి సంబంధించిన అస్నష్టత అనేది ఈ రకమైన నిందకు కారణంగా ఉంటుండవచ్సు,0.0,వైద్య పరిస్థితి పరంగా యొక్క స్థితికి సంబంధించిన అస్వష్టత అనేది ఈ రకమైన నిందకు కారణంగా ఉంటుండవచ్సు,0.0,వైద్య పరిస్థితి పరంగా యొక్క స్థితికి సంబంధించిన అస్వష్టత అనేది ఈ రకమైన నిందకు కారణంగా ఉంటుండవచ్వు,0.0,వైద్య పరిస్థితి పరంగా యొక్క స్థితికి సంబంధించిన అస్వష్టత అనేది ఈ రకమైన నిందకు కారణంగా ఉంటుండవచ్వు
జి నాగేశ్వర్ రెడ్డి దర్శకత్వం వహిస్తున్న ఈ సినిమాలో మంచు మనోజ్ సరసన రకుల్ ప్రీత్ సింగ్ హీరోయిన్ గా నటిస్తోంది,0.0,జి నాగేశ్చర్ రెడ్ది దర్మకత్సం వహిస్లున్ప ఈ సినిమాలో మంచు మనోజ్ సరసన రకుల్ ప్రీత్ సింగ్ హీరోయిన్ గా నటిస్లోంది,0.0,జి నాగేశ్నర్ రెడ్ది దర్మకత్పం వహిస్లున్వ ఈ సినిమాలో మంచు మనోజ్ సరసన రకుల్ ప్రీత్ సింగ్ హీరోయిన్ గా నటిస్లోంది,0.0,జి నాగేశ్యర్ రెడ్ధి దర్మకత్నం వహిస్లున్ప ఈ సినిమాలో మంచు మనోజ్ సరసన రకుల్ ప్రీత్ సింగ్ హీరోయిన్ గా నటిస్లోంది,0.0,జి నాగేశ్నర్ రెడ్ది దర్మకత్పం వహిస్లున్ప ఈ సినిమాలో మంచు మనోజ్ సరసన రకుల్ ప్రీత్ సింగ్ హీరోయిన్ గా నటిస్లోంది
పోలింగ్ అయిపోయింది,0.0,పోలింగ్ అయిపోయింది,0.0,పోలింగ్ అయిపోయింది,0.0,పోలింగ్ అయిపోయింది,0.0,పోలింగ్ అయిపోయింది
ఈ సినిమా లో రజినీకాంత్ చాల కొత్త లుక్ లో కనిపించబోతున్నారు,0.0,ఈ సినిమా లో రజినీకాంత్ చాల కొత్ల లుక్ లో కనిపించబోతున్పారు,0.0,ఈ సినిమా లో రజినీకాంత్ చాల కొత్ల లుక్ లో కనిపించబోతున్పారు,0.0,ఈ సినిమా లో రజినీకాంత్ చాల కొత్ల లుక్ లో కనిపించబోతున్వారు,0.0,ఈ సినిమా లో రజినీకాంత్ చాల కొత్ల లుక్ లో కనిపించబోతున్వారు
రాష్ట్రంలో కౌంటింగ్ కేంద్రాలు ఉండగా ఒక్కో,0.0,రాష్ట్రంలో కౌంటింగ్ కేంద్రాలు ఉండగా ఒక్కో,0.0,రాష్ట్రంలో కౌంటింగ్ కేంద్రాలు ఉండగా ఒక్కో,0.0,రాష్ట్రంలో కౌంటింగ్ కేంద్రాలు ఉండగా ఒక్కో,0.0,రాష్ట్రంలో కౌంటింగ్ కేంద్రాలు ఉండగా ఒక్కో
ఎప్పట్లాగే మొదలు పెట్టాను,0.0,ఎప్యట్ధాగే మొదలు పెట్టాను,0.0,ఎప్వట్ధాగే మొదలు పెట్టాను,0.0,ఎప్వట్గాగే మొదలు పెట్టాను,0.0,ఎప్సట్తాగే మొదలు పెట్టాను
ఒప్పందాలు మరియు కాంట్రాక్టుల,0.0,ఒప్యందాలు మరియు కాంట్రాక్టుల,0.0,ఒప్సందాలు మరియు కాంట్రాక్టుల,0.0,ఒప్యందాలు మరియు కాంట్రాక్టుల,0.0,ఒప్యందాలు మరియు కాంట్రాక్టుల
చాలా సూటిగా తగులుతోంది,0.0,చాలా సూటిగా తగులుతోంది,0.0,చాలా సూటిగా తగులుతోంది,0.0,చాలా సూటిగా తగులుతోంది,0.0,చాలా సూటిగా తగులుతోంది
దీనిపై వైద్యులు ఏమంటున్నారంటే,0.0,దీనిపై వైద్యులు ఏమంటున్పారంటే,0.0,దీనిపై వైద్యులు ఏమంటున్వారంటే,0.0,దీనిపై వైద్యులు ఏమంటున్పారంటే,0.0,దీనిపై వైద్యులు ఏమంటున్పారంటే
అది తప్ప నాకు మరో చెడ్డ గుర్తు లేదు,0.0,అది తప్స నాకు మరో చెడ్ద గుర్లు లేదు,0.0,అది తప్వ నాకు మరో చెడ్ధ గుర్లు లేదు,0.0,అది తప్న నాకు మరో చెడ్ధ గుర్లు లేదు,0.0,అది తప్వ నాకు మరో చెడ్ధ గుర్లు లేదు
పాట్నా భారీ వర్షాల కారణంగా వరదలు పొటెత్తెడంతో బిహార్ అతలాకుతలమైన విషయం తెలిసిందే,0.0,పాట్పా భారీ వర్షాల కారణంగా వరదలు పొటెత్లెడంతో బిహార్ అతలాకుతలమైన విషయం తెలిసిందే,0.0,పాట్వా భారీ వర్షాల కారణంగా వరదలు పొటెత్లెడంతో బిహార్ అతలాకుతలమైన విషయం తెలిసిందే,0.0,పాట్వా భారీ వర్షాల కారణంగా వరదలు పొటెత్లెడంతో బిహార్ అతలాకుతలమైన విషయం తెలిసిందే,0.0,పాట్వా భారీ వర్షాల కారణంగా వరదలు పొటెత్లెడంతో బిహార్ అతలాకుతలమైన విషయం తెలిసిందే
చాలా ఎనర్జిటిక్ సాంగ్ ఇది,0.0,చాలా ఎనర్జిటిక్ సాంగ్ ఇది,0.0,చాలా ఎనర్జిటిక్ సాంగ్ ఇది,0.0,చాలా ఎనర్జిటిక్ సాంగ్ ఇది,0.0,చాలా ఎనర్జిటిక్ సాంగ్ ఇది
పోలీసులు ఇరువర్గాలను శాంతింపచేశారు,0.0,పోలీసులు ఇరువర్లాలను శాంతింపచేశారు,0.0,పోలీసులు ఇరువర్లాలను శాంతింపచేశారు,0.0,పోలీసులు ఇరువర్లాలను శాంతింపచేశారు,0.0,పోలీసులు ఇరువర్ఠాలను శాంతింపచేశారు
ఈ దేవాలయాలు ఐహోళే కోట వెలుపలి భాగంలో దుర్గగుడి మరియు చిక్కిగుడి సమీపంలో ఉన్నాయి,0.0,ఈ దేవాలయాలు ఐహోళే కోట వెలుపలి భాగంలో దుర్లగుడి మరియు చిక్కిగుడి సమీపంలో ఉన్వాయి,0.0,ఈ దేవాలయాలు ఐహోళే కోట వెలుపలి భాగంలో దుర్ఠగుడి మరియు చిక్కిగుడి సమీపంలో ఉన్వాయి,0.0,ఈ దేవాలయాలు ఐహోళే కోట వెలుపలి భాగంలో దుర్లగుడి మరియు చిక్కిగుడి సమీపంలో ఉన్పాయి,0.0,ఈ దేవాలయాలు ఐహోళే కోట వెలుపలి భాగంలో దుర్ధగుడి మరియు చిక్కిగుడి సమీపంలో ఉన్పాయి
మహిళల స్వయం సహాయ బృందాలు అయిదింటి కి ప్రశంసా లేఖల ను ఆయన ప్రదానం చేస్తారు,0.0,మహిళల స్సయం సహాయ బృందాలు అయిదింటి కి ప్రశంసా లేఖల ను ఆయన ప్రదానం చేస్లారు,0.0,మహిళల స్నయం సహాయ బృందాలు అయిదింటి కి ప్రశంసా లేఖల ను ఆయన ప్రదానం చేస్లారు,0.0,మహిళల స్పయం సహాయ బృందాలు అయిదింటి కి ప్రశంసా లేఖల ను ఆయన ప్రదానం చేస్లారు,0.0,మహిళల స్పయం సహాయ బృందాలు అయిదింటి కి ప్రశంసా లేఖల ను ఆయన ప్రదానం చేస్లారు
ఉల్లి ధరలు ఆకాశనంటడంపై టీడీపీ అధినేత చంద్రబాబు నిరసన వ్యక్తం చేశారు,0.0,ఉల్తి ధరలు ఆకాశనంటడంపై టీడీపీ అధినేత చంద్రబాబు నిరసన వ్యక్లం చేశారు,0.0,ఉల్గి ధరలు ఆకాశనంటడంపై టీడీపీ అధినేత చంద్రబాబు నిరసన వ్యక్లం చేశారు,0.0,ఉల్తి ధరలు ఆకాశనంటడంపై టీడీపీ అధినేత చంద్రబాబు నిరసన వ్యక్లం చేశారు,0.0,ఉల్తి ధరలు ఆకాశనంటడంపై టీడీపీ అధినేత చంద్రబాబు నిరసన వ్యక్లం చేశారు
ఆయనతో కలిసి పనిచేస్తే కలిగే అనుభూతి నాకెప్పుడూ నచ్చుతుంది అని పేర్కొన్నారు,0.0,ఆయనతో కలిసి పనిచేస్లే కలిగే అనుభూతి నాకెప్నుడూ నచ్వుతుంది అని పేర్కొన్పారు,0.0,ఆయనతో కలిసి పనిచేస్లే కలిగే అనుభూతి నాకెప్యుడూ నచ్వుతుంది అని పేర్కొన్వారు,0.0,ఆయనతో కలిసి పనిచేస్లే కలిగే అనుభూతి నాకెప్నుడూ నచ్వుతుంది అని పేర్కొన్పారు,0.0,ఆయనతో కలిసి పనిచేస్లే కలిగే అనుభూతి నాకెప్వుడూ నచ్సుతుంది అని పేర్కొన్పారు
ఈ ఈద్ సందర్బంగా సినిమా విడుదలకావాల్సి ఉండగా కోవిడ్ కారణంగా వాయిదాపడింది,0.0,ఈ ఈద్ సందర్బంగా సినిమా విడుదలకావాల్చి ఉండగా కోవిడ్ కారణంగా వాయిదాపడింది,0.0,ఈ ఈద్ సందర్బంగా సినిమా విడుదలకావాల్చి ఉండగా కోవిడ్ కారణంగా వాయిదాపడింది,0.0,ఈ ఈద్ సందర్బంగా సినిమా విడుదలకావాల్పి ఉండగా కోవిడ్ కారణంగా వాయిదాపడింది,0.0,ఈ ఈద్ సందర్బంగా సినిమా విడుదలకావాల్వి ఉండగా కోవిడ్ కారణంగా వాయిదాపడింది
అంతర్జాతీయ చెల్లింపుల వ్యవస్థ వ్యయాలను కన్నా ముందుగానే తగ్గించాలి,0.0,అంతర్జాతీయ చెల్గింపుల వ్యవస్థ వ్యయాలను కన్వా ముందుగానే తగ్ఠించాలి,0.0,అంతర్జాతీయ చెల్గింపుల వ్యవస్థ వ్యయాలను కన్పా ముందుగానే తగ్ఠించాలి,0.0,అంతర్జాతీయ చెల్ధింపుల వ్యవస్థ వ్యయాలను కన్వా ముందుగానే తగ్ధించాలి,0.0,అంతర్జాతీయ చెల్తింపుల వ్యవస్థ వ్యయాలను కన్వా ముందుగానే తగ్ఠించాలి
దీన్ని గమనించిన బాలిక తల్లి ఆమెను మందలించారు,0.0,దీన్పి గమనించిన బాలిక తల్తి ఆమెను మందలించారు,0.0,దీన్పి గమనించిన బాలిక తల్తి ఆమెను మందలించారు,0.0,దీన్పి గమనించిన బాలిక తల్ధి ఆమెను మందలించారు,0.0,దీన్వి గమనించిన బాలిక తల్ధి ఆమెను మందలించారు
నెట్ స్లోగా ఉందా,0.0,నెట్ స్ధోగా ఉందా,0.0,నెట్ స్ధోగా ఉందా,0.0,నెట్ స్తోగా ఉందా,0.0,నెట్ స్గోగా ఉందా
విద్యార్థులు విద్యా సంస్థ అందించిన ఒక సర్టిఫికేట్ అవసరం,0.0,విద్యార్థులు విద్యా సంస్థ అందించిన ఒక సర్టిఫికేట్ అవసరం,0.0,విద్యార్థులు విద్యా సంస్థ అందించిన ఒక సర్టిఫికేట్ అవసరం,0.0,విద్యార్థులు విద్యా సంస్థ అందించిన ఒక సర్టిఫికేట్ అవసరం,0.0,విద్యార్థులు విద్యా సంస్థ అందించిన ఒక సర్టిఫికేట్ అవసరం
ేసే వరకూ,0.0,ేసే వరకూ,0.0,ేసే వరకూ,0.0,ేసే వరకూ,0.0,ేసే వరకూ
అలాగే సోషల్ మీడియా కూడా ఆమెపై గురిపెట్టింది,0.0,అలాగే సోషల్ మీడియా కూడా ఆమెపై గురిపెట్టింది,0.0,అలాగే సోషల్ మీడియా కూడా ఆమెపై గురిపెట్టింది,0.0,అలాగే సోషల్ మీడియా కూడా ఆమెపై గురిపెట్టింది,0.0,అలాగే సోషల్ మీడియా కూడా ఆమెపై గురిపెట్టింది
ఈ మాసంలో విశేషంగా శివార్చనలు శివపూజలు అభిషేకాలు అధికంగా నిర్వహిస్తారు,0.0,ఈ మాసంలో విశేషంగా శివార్వనలు శివపూజలు అభిషేకాలు అధికంగా నిర్చహిస్లారు,0.0,ఈ మాసంలో విశేషంగా శివార్వనలు శివపూజలు అభిషేకాలు అధికంగా నిర్చహిస్లారు,0.0,ఈ మాసంలో విశేషంగా శివార్సనలు శివపూజలు అభిషేకాలు అధికంగా నిర్పహిస్లారు,0.0,ఈ మాసంలో విశేషంగా శివార్సనలు శివపూజలు అభిషేకాలు అధికంగా నిర్చహిస్లారు
కోర్బా ఎలా చేరుకోవాలి,0.0,కోర్బా ఎలా చేరుకోవాలి,0.0,కోర్బా ఎలా చేరుకోవాలి,0.0,కోర్బా ఎలా చేరుకోవాలి,0.0,కోర్బా ఎలా చేరుకోవాలి
అదే రోజు కోర్టుకు హాజరవ్వాలని కూడా న్యాయమూర్తి ధర్మాన మోపిదేవిలను ఆదేశించారు,0.0,అదే రోజు కోర్టుకు హాజరవ్చాలని కూడా న్యాయమూర్లి ధర్శాన మోపిదేవిలను ఆదేశించారు,0.0,అదే రోజు కోర్టుకు హాజరవ్యాలని కూడా న్యాయమూర్లి ధర్శాన మోపిదేవిలను ఆదేశించారు,0.0,అదే రోజు కోర్టుకు హాజరవ్పాలని కూడా న్యాయమూర్లి ధర్శాన మోపిదేవిలను ఆదేశించారు,0.0,అదే రోజు కోర్టుకు హాజరవ్యాలని కూడా న్యాయమూర్లి ధర్శాన మోపిదేవిలను ఆదేశించారు
మంత్రులు ఎమ్మెల్యేలు అన్ని జిల్లాల నాయకులు అందరూ ఈ సమావేశానికి హాజరు కావాలని సీఎం ఎడప్పాడి పళనిసామి పిలుపునిచ్చారు,0.0,మంత్రులు ఎమ్శెల్యేలు అన్వి జిల్ధాల నాయకులు అందరూ ఈ సమావేశానికి హాజరు కావాలని సీఎం ఎడప్సాడి పళనిసామి పిలుపునిచ్వారు,0.0,మంత్రులు ఎమ్శెల్యేలు అన్పి జిల్గాల నాయకులు అందరూ ఈ సమావేశానికి హాజరు కావాలని సీఎం ఎడప్నాడి పళనిసామి పిలుపునిచ్వారు,0.0,మంత్రులు ఎమ్శెల్యేలు అన్పి జిల్ధాల నాయకులు అందరూ ఈ సమావేశానికి హాజరు కావాలని సీఎం ఎడప్నాడి పళనిసామి పిలుపునిచ్సారు,0.0,మంత్రులు ఎమ్శెల్యేలు అన్పి జిల్ధాల నాయకులు అందరూ ఈ సమావేశానికి హాజరు కావాలని సీఎం ఎడప్నాడి పళనిసామి పిలుపునిచ్సారు
ఏ విశ్లేషణ ప్రసరణ అవసరం బలాలు బలహీనతలు అవకాశం మరియు బెదిరింపులు,0.0,ఏ విశ్గేషణ ప్రసరణ అవసరం బలాలు బలహీనతలు అవకాశం మరియు బెదిరింపులు,0.0,ఏ విశ్గేషణ ప్రసరణ అవసరం బలాలు బలహీనతలు అవకాశం మరియు బెదిరింపులు,0.0,ఏ విశ్ధేషణ ప్రసరణ అవసరం బలాలు బలహీనతలు అవకాశం మరియు బెదిరింపులు,0.0,ఏ విశ్తేషణ ప్రసరణ అవసరం బలాలు బలహీనతలు అవకాశం మరియు బెదిరింపులు
ఈ ఘటన స్థానిక కాలనీ వాసులను కలచివేసింది,0.0,ఈ ఘటన స్థానిక కాలనీ వాసులను కలచివేసింది,0.0,ఈ ఘటన స్థానిక కాలనీ వాసులను కలచివేసింది,0.0,ఈ ఘటన స్థానిక కాలనీ వాసులను కలచివేసింది,0.0,ఈ ఘటన స్థానిక కాలనీ వాసులను కలచివేసింది
దోషుల్లో ఒకరైన అక్షయ్ ఠాకూర్ భార్య తన భర్త నుంచి విడాకులు కోరుతూ బీహార్లోని ఔరంగాబాద్ కోర్టులో పిటిషన్ దాఖలు చేసింది,0.0,దోషుల్తో ఒకరైన అక్షయ్ ఠాకూర్ భార్య తన భర్ల నుంచి విడాకులు కోరుతూ బీహార్గోని ఔరంగాబాద్ కోర్టులో పిటిషన్ దాఖలు చేసింది,0.0,దోషుల్గో ఒకరైన అక్షయ్ ఠాకూర్ భార్య తన భర్ల నుంచి విడాకులు కోరుతూ బీహార్తోని ఔరంగాబాద్ కోర్టులో పిటిషన్ దాఖలు చేసింది,0.0,దోషుల్తో ఒకరైన అక్షయ్ ఠాకూర్ భార్య తన భర్ల నుంచి విడాకులు కోరుతూ బీహార్తోని ఔరంగాబాద్ కోర్టులో పిటిషన్ దాఖలు చేసింది,0.0,దోషుల్ధో ఒకరైన అక్షయ్ ఠాకూర్ భార్య తన భర్ల నుంచి విడాకులు కోరుతూ బీహార్గోని ఔరంగాబాద్ కోర్టులో పిటిషన్ దాఖలు చేసింది
అనేక అంతర్జాతీయ జాతీయ పురస్కారాలను సొంతం చేసుకుంది,0.0,అనేక అంతర్జాతీయ జాతీయ పురస్కారాలను సొంతం చేసుకుంది,0.0,అనేక అంతర్జాతీయ జాతీయ పురస్కారాలను సొంతం చేసుకుంది,0.0,అనేక అంతర్జాతీయ జాతీయ పురస్కారాలను సొంతం చేసుకుంది,0.0,అనేక అంతర్జాతీయ జాతీయ పురస్కారాలను సొంతం చేసుకుంది
నాలుగు టెస్టు మ్యాచ్ల సిరీస్లో భాగంగా భారత్ఆస్ట్రేలియా మధ్య జరిగిన రెండు టెస్ట్ల్లో విరాట్ విఫలమైన సంగతి తెలిసిందే,0.0,నాలుగు టెస్టు మ్యాచ్ధ సిరీస్తో భాగంగా భారత్ఆస్ట్రేలియా మధ్య జరిగిన రెండు టెస్ట్ధ్ధో విరాట్ విఫలమైన సంగతి తెలిసిందే,0.0,నాలుగు టెస్టు మ్యాచ్గ సిరీస్తో భాగంగా భారత్ఆస్ట్రేలియా మధ్య జరిగిన రెండు టెస్ట్త్తో విరాట్ విఫలమైన సంగతి తెలిసిందే,0.0,నాలుగు టెస్టు మ్యాచ్గ సిరీస్గో భాగంగా భారత్ఆస్ట్రేలియా మధ్య జరిగిన రెండు టెస్ట్గ్గో విరాట్ విఫలమైన సంగతి తెలిసిందే,0.0,నాలుగు టెస్టు మ్యాచ్గ సిరీస్తో భాగంగా భారత్ఆస్ట్రేలియా మధ్య జరిగిన రెండు టెస్ట్ధ్ధో విరాట్ విఫలమైన సంగతి తెలిసిందే
స్మాల్ ఫైనాన్స్ బ్యాంకులు శాతం వరకు వడ్డీని ఆఫర్ చేస్తున్నాయి,0.0,స్మాల్ ఫైనాన్చ్ బ్యాంకులు శాతం వరకు వడ్దీని ఆఫర్ చేస్లున్వాయి,0.0,స్మాల్ ఫైనాన్ప్ బ్యాంకులు శాతం వరకు వడ్ధీని ఆఫర్ చేస్లున్వాయి,0.0,స్మాల్ ఫైనాన్చ్ బ్యాంకులు శాతం వరకు వడ్ధీని ఆఫర్ చేస్లున్పాయి,0.0,స్మాల్ ఫైనాన్చ్ బ్యాంకులు శాతం వరకు వడ్ధీని ఆఫర్ చేస్లున్వాయి
రష్యా వైమానిక దళాల సేవలో,0.0,రష్యా వైమానిక దళాల సేవలో,0.0,రష్యా వైమానిక దళాల సేవలో,0.0,రష్యా వైమానిక దళాల సేవలో,0.0,రష్యా వైమానిక దళాల సేవలో
కానీ చైనా మాత్రం అన్య నిర్భర్ భారత్ ఇతరులపై ఆధారపడే భారతదేశం కావాలని ఆకాంక్షిస్తున్నదన్నారు,0.0,కానీ చైనా మాత్రం అన్య నిర్భర్ భారత్ ఇతరులపై ఆధారపడే భారతదేశం కావాలని ఆకాంక్షిస్లున్వదన్పారు,0.0,కానీ చైనా మాత్రం అన్య నిర్భర్ భారత్ ఇతరులపై ఆధారపడే భారతదేశం కావాలని ఆకాంక్షిస్లున్వదన్పారు,0.0,కానీ చైనా మాత్రం అన్య నిర్భర్ భారత్ ఇతరులపై ఆధారపడే భారతదేశం కావాలని ఆకాంక్షిస్లున్పదన్వారు,0.0,కానీ చైనా మాత్రం అన్య నిర్భర్ భారత్ ఇతరులపై ఆధారపడే భారతదేశం కావాలని ఆకాంక్షిస్లున్వదన్వారు
ఈ కార్యక్రమంలో ఎంఓడి డిఆర్డీఓ సీనియర్ అధికారులు పాల్గొన్నారు,0.0,ఈ కార్యక్రమంలో ఎంఓడి డిఆర్ధీఓ సీనియర్ అధికారులు పాల్ధొన్పారు,0.0,ఈ కార్యక్రమంలో ఎంఓడి డిఆర్ధీఓ సీనియర్ అధికారులు పాల్ఠొన్పారు,0.0,ఈ కార్యక్రమంలో ఎంఓడి డిఆర్దీఓ సీనియర్ అధికారులు పాల్ఠొన్పారు,0.0,ఈ కార్యక్రమంలో ఎంఓడి డిఆర్ధీఓ సీనియర్ అధికారులు పాల్లొన్పారు
హనీ కేక్,0.0,హనీ కేక్,0.0,హనీ కేక్,0.0,హనీ కేక్,0.0,హనీ కేక్
ఇది ఆర్థికరంగానికి తీవ్ర హాని చేసింది,0.0,ఇది ఆర్థికరంగానికి తీవ్ర హాని చేసింది,0.0,ఇది ఆర్థికరంగానికి తీవ్ర హాని చేసింది,0.0,ఇది ఆర్థికరంగానికి తీవ్ర హాని చేసింది,0.0,ఇది ఆర్థికరంగానికి తీవ్ర హాని చేసింది
ఎవరూ ఆహ్వానించలేదు కూడా ఎందుకంటే కాంగ్రెస్లో ఉండి,0.0,ఎవరూ ఆహ్నానించలేదు కూడా ఎందుకంటే కాంగ్రెస్తో ఉండి,0.0,ఎవరూ ఆహ్చానించలేదు కూడా ఎందుకంటే కాంగ్రెస్తో ఉండి,0.0,ఎవరూ ఆహ్పానించలేదు కూడా ఎందుకంటే కాంగ్రెస్తో ఉండి,0.0,ఎవరూ ఆహ్చానించలేదు కూడా ఎందుకంటే కాంగ్రెస్ధో ఉండి
ప్రేక్షకులను అనుమతించం,0.0,ప్రేక్షకులను అనుమతించం,0.0,ప్రేక్షకులను అనుమతించం,0.0,ప్రేక్షకులను అనుమతించం,0.0,ప్రేక్షకులను అనుమతించం
మన దేశం కూడా ఆ మాటే అంది,0.0,మన దేశం కూడా ఆ మాటే అంది,0.0,మన దేశం కూడా ఆ మాటే అంది,0.0,మన దేశం కూడా ఆ మాటే అంది,0.0,మన దేశం కూడా ఆ మాటే అంది
చిత్రం ఫస్ట్ షెడ్యూల్ ముంబైలో ఇప్పటికే పూర్తి కాగా సెకండ్ షెడ్యూల్ హైదరాబాద్లో స్టార్ట్ అయింది,0.0,చిత్రం ఫస్ట్ షెడ్యూల్ ముంబైలో ఇప్వటికే పూర్లి కాగా సెకండ్ షెడ్యూల్ హైదరాబాద్తో స్టార్ట్ అయింది,0.0,చిత్రం ఫస్ట్ షెడ్యూల్ ముంబైలో ఇప్నటికే పూర్లి కాగా సెకండ్ షెడ్యూల్ హైదరాబాద్తో స్టార్ట్ అయింది,0.0,చిత్రం ఫస్ట్ షెడ్యూల్ ముంబైలో ఇప్వటికే పూర్లి కాగా సెకండ్ షెడ్యూల్ హైదరాబాద్తో స్టార్ట్ అయింది,0.0,చిత్రం ఫస్ట్ షెడ్యూల్ ముంబైలో ఇప్యటికే పూర్లి కాగా సెకండ్ షెడ్యూల్ హైదరాబాద్ధో స్టార్ట్ అయింది
బాలీవుడ్ యువ హీరోల్లో చెప్పుకోదగ్గ నటుడు సిద్దార్థ్ మల్హోత్రా,0.0,బాలీవుడ్ యువ హీరోల్తో చెప్సుకోదగ్ఠ నటుడు సిద్డార్థ్ మల్హోత్రా,0.0,బాలీవుడ్ యువ హీరోల్తో చెప్సుకోదగ్ఠ నటుడు సిద్డార్థ్ మల్హోత్రా,0.0,బాలీవుడ్ యువ హీరోల్తో చెప్యుకోదగ్ధ నటుడు సిద్డార్థ్ మల్హోత్రా,0.0,బాలీవుడ్ యువ హీరోల్ధో చెప్యుకోదగ్ఠ నటుడు సిద్ ార్థ్ మల్హోత్రా
అందువల్ల కారణం ఇదని తెలియటం లేదు,0.0,అందువల్ధ కారణం ఇదని తెలియటం లేదు,0.0,అందువల్ధ కారణం ఇదని తెలియటం లేదు,0.0,అందువల్గ కారణం ఇదని తెలియటం లేదు,0.0,అందువల్ధ కారణం ఇదని తెలియటం లేదు
ఇందులో హీరోయిన్ పాత్రకు ఈసారి కాజల్ అగర్వాల్ను తీసుకోబోతున్నారట,0.0,ఇందులో హీరోయిన్ పాత్రకు ఈసారి కాజల్ అగర్పాల్పు తీసుకోబోతున్పారట,0.0,ఇందులో హీరోయిన్ పాత్రకు ఈసారి కాజల్ అగర్యాల్వు తీసుకోబోతున్పారట,0.0,ఇందులో హీరోయిన్ పాత్రకు ఈసారి కాజల్ అగర్పాల్పు తీసుకోబోతున్పారట,0.0,ఇందులో హీరోయిన్ పాత్రకు ఈసారి కాజల్ అగర్నాల్వు తీసుకోబోతున్వారట
ఇక ఏడ్చుటకు శక్తిలేక పోవునంత బిగ్గరగా ఏడ్చిరి,0.0,ఇక ఏడ్వుటకు శక్లిలేక పోవునంత బిగ్ఠరగా ఏడ్విరి,0.0,ఇక ఏడ్వుటకు శక్లిలేక పోవునంత బిగ్ధరగా ఏడ్సిరి,0.0,ఇక ఏడ్వుటకు శక్లిలేక పోవునంత బిగ్లరగా ఏడ్సిరి,0.0,ఇక ఏడ్సుటకు శక్లిలేక పోవునంత బిగ్ధరగా ఏడ్విరి
అతిథులకు చెప్పండి,0.0,అతిథులకు చెప్యండి,0.0,అతిథులకు చెప్వండి,0.0,అతిథులకు చెప్సండి,0.0,అతిథులకు చెప్యండి
మంది ఐఏఎస్లు బదిలీ,0.0,మంది ఐఏఎస్గు బదిలీ,0.0,మంది ఐఏఎస్ధు బదిలీ,0.0,మంది ఐఏఎస్తు బదిలీ,0.0,మంది ఐఏఎస్గు బదిలీ
కోట్ల స్కాం జరిగింది,0.0,కోట్గ స్కాం జరిగింది,0.0,కోట్ధ స్కాం జరిగింది,0.0,కోట్గ స్కాం జరిగింది,0.0,కోట్గ స్కాం జరిగింది
ఈ నేపధ్యంలో మరిన్ని సినిమాలు ఇదే బాట పడుతున్నాయి,0.0,ఈ నేపధ్యంలో మరిన్వి సినిమాలు ఇదే బాట పడుతున్పాయి,0.0,ఈ నేపధ్యంలో మరిన్పి సినిమాలు ఇదే బాట పడుతున్పాయి,0.0,ఈ నేపధ్యంలో మరిన్వి సినిమాలు ఇదే బాట పడుతున్వాయి,0.0,ఈ నేపధ్యంలో మరిన్వి సినిమాలు ఇదే బాట పడుతున్వాయి
దాంతో ఇద్దరు విడాకులు తీసుకున్నారు,0.0,దాంతో ఇద్ధరు విడాకులు తీసుకున్వారు,0.0,దాంతో ఇద్ రు విడాకులు తీసుకున్పారు,0.0,దాంతో ఇద్ రు విడాకులు తీసుకున్పారు,0.0,దాంతో ఇద్ రు విడాకులు తీసుకున్వారు
చివరికి సమాచారం అందుకున్న పోలీసులు ఘటనా స్థలానికి చేరుకుని కుమారస్వామిని అదుపులోకి తీసుకున్నారు,0.0,చివరికి సమాచారం అందుకున్ప పోలీసులు ఘటనా స్థలానికి చేరుకుని కుమారస్యామిని అదుపులోకి తీసుకున్వారు,0.0,చివరికి సమాచారం అందుకున్వ పోలీసులు ఘటనా స్థలానికి చేరుకుని కుమారస్నామిని అదుపులోకి తీసుకున్పారు,0.0,చివరికి సమాచారం అందుకున్వ పోలీసులు ఘటనా స్థలానికి చేరుకుని కుమారస్చామిని అదుపులోకి తీసుకున్పారు,0.0,చివరికి సమాచారం అందుకున్ప పోలీసులు ఘటనా స్థలానికి చేరుకుని కుమారస్యామిని అదుపులోకి తీసుకున్పారు
ఆ సంగతి బాబుకు బాగా తెలుసు,0.0,ఆ సంగతి బాబుకు బాగా తెలుసు,0.0,ఆ సంగతి బాబుకు బాగా తెలుసు,0.0,ఆ సంగతి బాబుకు బాగా తెలుసు,0.0,ఆ సంగతి బాబుకు బాగా తెలుసు
మొత్తం ప్రయాణానికి నిముషాలు పట్టింది,0.0,మొత్లం ప్రయాణానికి నిముషాలు పట్టింది,0.0,మొత్లం ప్రయాణానికి నిముషాలు పట్టింది,0.0,మొత్లం ప్రయాణానికి నిముషాలు పట్టింది,0.0,మొత్లం ప్రయాణానికి నిముషాలు పట్టింది
ఏనుగులు గ్రామంలోకి రాకుంగా అటవీ శాఖ అధికారులు గస్తీ కాస్తున్నారు,0.0,ఏనుగులు గ్రామంలోకి రాకుంగా అటవీ శాఖ అధికారులు గస్లీ కాస్లున్వారు,0.0,ఏనుగులు గ్రామంలోకి రాకుంగా అటవీ శాఖ అధికారులు గస్లీ కాస్లున్పారు,0.0,ఏనుగులు గ్రామంలోకి రాకుంగా అటవీ శాఖ అధికారులు గస్లీ కాస్లున్వారు,0.0,ఏనుగులు గ్రామంలోకి రాకుంగా అటవీ శాఖ అధికారులు గస్లీ కాస్లున్పారు
జాన్ సీగెన్లేర్ హేజ్ డిస్క్రిబెడ్ వికీపీడియా యాస్ అ ఫ్లాడ్ అండ్ ఇర్రెస్పాన్సిబుల్ రీసెర్చ్ టూల్,0.0,జాన్ సీగెన్తేర్ హేజ్ డిస్క్రిబెడ్ వికీపీడియా యాస్ అ ఫ్గాడ్ అండ్ ఇర్రెస్సాన్చిబుల్ రీసెర్వ్ టూల్,0.0,జాన్ సీగెన్ధేర్ హేజ్ డిస్క్రిబెడ్ వికీపీడియా యాస్ అ ఫ్తాడ్ అండ్ ఇర్రెస్వాన్విబుల్ రీసెర్వ్ టూల్,0.0,జాన్ సీగెన్తేర్ హేజ్ డిస్క్రిబెడ్ వికీపీడియా యాస్ అ ఫ్తాడ్ అండ్ ఇర్రెస్వాన్పిబుల్ రీసెర్వ్ టూల్,0.0,జాన్ సీగెన్ధేర్ హేజ్ డిస్క్రిబెడ్ వికీపీడియా యాస్ అ ఫ్ధాడ్ అండ్ ఇర్రెస్సాన్నిబుల్ రీసెర్వ్ టూల్
ఇటీవల రిలీజ్ చేసిన ఫస్ట్లుక్ పోస్టర్కు మంచి స్పందన లభిస్తోందని చిత్రబృందం తెలిపింది,0.0,ఇటీవల రిలీజ్ చేసిన ఫస్ట్గుక్ పోస్టర్కు మంచి స్యందన లభిస్లోందని చిత్రబృందం తెలిపింది,0.0,ఇటీవల రిలీజ్ చేసిన ఫస్ట్గుక్ పోస్టర్కు మంచి స్వందన లభిస్లోందని చిత్రబృందం తెలిపింది,0.0,ఇటీవల రిలీజ్ చేసిన ఫస్ట్ధుక్ పోస్టర్కు మంచి స్యందన లభిస్లోందని చిత్రబృందం తెలిపింది,0.0,ఇటీవల రిలీజ్ చేసిన ఫస్ట్ధుక్ పోస్టర్కు మంచి స్నందన లభిస్లోందని చిత్రబృందం తెలిపింది
ప్రతిపక్షాలు దుష్ప్రచారం చేయడంపై ఆగ్రహం వ్యక్తం చేశారు,0.0,ప్రతిపక్షాలు దుష్వ్రచారం చేయడంపై ఆగ్రహం వ్యక్లం చేశారు,0.0,ప్రతిపక్షాలు దుష్య్రచారం చేయడంపై ఆగ్రహం వ్యక్లం చేశారు,0.0,ప్రతిపక్షాలు దుష్య్రచారం చేయడంపై ఆగ్రహం వ్యక్లం చేశారు,0.0,ప్రతిపక్షాలు దుష్న్రచారం చేయడంపై ఆగ్రహం వ్యక్లం చేశారు
గతంలో అతడిపై ఎలాంటి ఆరోపణలు లేవు,0.0,గతంలో అతడిపై ఎలాంటి ఆరోపణలు లేవు,0.0,గతంలో అతడిపై ఎలాంటి ఆరోపణలు లేవు,0.0,గతంలో అతడిపై ఎలాంటి ఆరోపణలు లేవు,0.0,గతంలో అతడిపై ఎలాంటి ఆరోపణలు లేవు
ముంబయితోపాటు ఇతర ప్రాంతాల్లోని ఐదు కార్యాలయాలు నివాసాల్లో సోదాలు కొనసాగుతున్నాయని ఈడీ అధికారులు వెల్లడించారు,0.0,ముంబయితోపాటు ఇతర ప్రాంతాల్ధోని ఐదు కార్యాలయాలు నివాసాల్తో సోదాలు కొనసాగుతున్వాయని ఈడీ అధికారులు వెల్గడించారు,0.0,ముంబయితోపాటు ఇతర ప్రాంతాల్ధోని ఐదు కార్యాలయాలు నివాసాల్గో సోదాలు కొనసాగుతున్వాయని ఈడీ అధికారులు వెల్గడించారు,0.0,ముంబయితోపాటు ఇతర ప్రాంతాల్గోని ఐదు కార్యాలయాలు నివాసాల్తో సోదాలు కొనసాగుతున్పాయని ఈడీ అధికారులు వెల్గడించారు,0.0,ముంబయితోపాటు ఇతర ప్రాంతాల్ధోని ఐదు కార్యాలయాలు నివాసాల్తో సోదాలు కొనసాగుతున్పాయని ఈడీ అధికారులు వెల్గడించారు
ఇది మంచి వ్యూహం కాదు,0.0,ఇది మంచి వ్యూహం కాదు,0.0,ఇది మంచి వ్యూహం కాదు,0.0,ఇది మంచి వ్యూహం కాదు,0.0,ఇది మంచి వ్యూహం కాదు
అయితే ఈ భూకంపం ధాటికి ఎలాంటి ప్రాణనష్టం జరగలేదు,0.0,అయితే ఈ భూకంపం ధాటికి ఎలాంటి ప్రాణనష్టం జరగలేదు,0.0,అయితే ఈ భూకంపం ధాటికి ఎలాంటి ప్రాణనష్టం జరగలేదు,0.0,అయితే ఈ భూకంపం ధాటికి ఎలాంటి ప్రాణనష్టం జరగలేదు,0.0,అయితే ఈ భూకంపం ధాటికి ఎలాంటి ప్రాణనష్టం జరగలేదు
వాటిలో లక్ష రూపాయలు రూ,0.0,వాటిలో లక్ష రూపాయలు రూ,0.0,వాటిలో లక్ష రూపాయలు రూ,0.0,వాటిలో లక్ష రూపాయలు రూ,0.0,వాటిలో లక్ష రూపాయలు రూ
మేమంతా ఒక్కతాటిపై ఉన్నాం,0.0,మేమంతా ఒక్కతాటిపై ఉన్పాం,0.0,మేమంతా ఒక్కతాటిపై ఉన్పాం,0.0,మేమంతా ఒక్కతాటిపై ఉన్పాం,0.0,మేమంతా ఒక్కతాటిపై ఉన్పాం
ఆయన తరువాత మంది పాలకుల పేరు ఆదిత్య సూర్యుడుఅనే ప్రత్యయంతో ముగియడం ఇందుకు ఒక ఆధారంగా భావించబడుతుంది,0.0,ఆయన తరువాత మంది పాలకుల పేరు ఆదిత్య సూర్యుడుఅనే ప్రత్యయంతో ముగియడం ఇందుకు ఒక ఆధారంగా భావించబడుతుంది,0.0,ఆయన తరువాత మంది పాలకుల పేరు ఆదిత్య సూర్యుడుఅనే ప్రత్యయంతో ముగియడం ఇందుకు ఒక ఆధారంగా భావించబడుతుంది,0.0,ఆయన తరువాత మంది పాలకుల పేరు ఆదిత్య సూర్యుడుఅనే ప్రత్యయంతో ముగియడం ఇందుకు ఒక ఆధారంగా భావించబడుతుంది,0.0,ఆయన తరువాత మంది పాలకుల పేరు ఆదిత్య సూర్యుడుఅనే ప్రత్యయంతో ముగియడం ఇందుకు ఒక ఆధారంగా భావించబడుతుంది
ఎక్కువగా ఏ గేమ్ ఆడుతుంటారు,0.0,ఎక్కువగా ఏ గేమ్ ఆడుతుంటారు,0.0,ఎక్కువగా ఏ గేమ్ ఆడుతుంటారు,0.0,ఎక్కువగా ఏ గేమ్ ఆడుతుంటారు,0.0,ఎక్కువగా ఏ గేమ్ ఆడుతుంటారు
ఆ అడుగే ఆమె జీవితాన్ని మార్చేసింది,0.0,ఆ అడుగే ఆమె జీవితాన్వి మార్వేసింది,0.0,ఆ అడుగే ఆమె జీవితాన్వి మార్వేసింది,0.0,ఆ అడుగే ఆమె జీవితాన్పి మార్వేసింది,0.0,ఆ అడుగే ఆమె జీవితాన్పి మార్వేసింది
అనుచిత వ్యాఖ్యలు చేసిన బిజెపి ఎమ్మెల్యే అరెస్ట్,0.0,అనుచిత వ్యాఖ్యలు చేసిన బిజెపి ఎమ్శెల్యే అరెస్ట్,0.0,అనుచిత వ్యాఖ్యలు చేసిన బిజెపి ఎమ్శెల్యే అరెస్ట్,0.0,అనుచిత వ్యాఖ్యలు చేసిన బిజెపి ఎమ్శెల్యే అరెస్ట్,0.0,అనుచిత వ్యాఖ్యలు చేసిన బిజెపి ఎమ్శెల్యే అరెస్ట్
ఇప్పుడు తెలుగు బిగ్ బాస్ మూడవ సీజన్లో పెద్ద రచ్చ రచ్చ నడుస్తుంది,0.0,ఇప్సుడు తెలుగు బిగ్ బాస్ మూడవ సీజన్గో పెద్  రచ్వ రచ్స నడుస్లుంది,0.0,ఇప్యుడు తెలుగు బిగ్ బాస్ మూడవ సీజన్తో పెద్  రచ్వ రచ్స నడుస్లుంది,0.0,ఇప్నుడు తెలుగు బిగ్ బాస్ మూడవ సీజన్గో పెద్ధ రచ్వ రచ్స నడుస్లుంది,0.0,ఇప్సుడు తెలుగు బిగ్ బాస్ మూడవ సీజన్తో పెద్ధ రచ్స రచ్వ నడుస్లుంది
భారతదేశంలో రాష్ట్రాలలో బిజెపి ప్రభుత్వాలు ఉన్నాయి కదా ఎక్కడైనా కళ్యాణలక్ష్మి ఉందా,0.0,భారతదేశంలో రాష్ట్రాలలో బిజెపి ప్రభుత్చాలు ఉన్పాయి కదా ఎక్కడైనా కళ్యాణలక్ష్శి ఉందా,0.0,భారతదేశంలో రాష్ట్రాలలో బిజెపి ప్రభుత్యాలు ఉన్వాయి కదా ఎక్కడైనా కళ్యాణలక్ష్శి ఉందా,0.0,భారతదేశంలో రాష్ట్రాలలో బిజెపి ప్రభుత్పాలు ఉన్పాయి కదా ఎక్కడైనా కళ్యాణలక్ష్శి ఉందా,0.0,భారతదేశంలో రాష్ట్రాలలో బిజెపి ప్రభుత్పాలు ఉన్వాయి కదా ఎక్కడైనా కళ్యాణలక్ష్శి ఉందా
నాక్కొంచెం తిక్క ఉంది,0.0,నాక్కొంచెం తిక్క ఉంది,0.0,నాక్కొంచెం తిక్క ఉంది,0.0,నాక్కొంచెం తిక్క ఉంది,0.0,నాక్కొంచెం తిక్క ఉంది
ఇలా ముందుకు సాగుతూనే ఉంటాను అని సుదీర్ వివరించాడు,0.0,ఇలా ముందుకు సాగుతూనే ఉంటాను అని సుదీర్ వివరించాడు,0.0,ఇలా ముందుకు సాగుతూనే ఉంటాను అని సుదీర్ వివరించాడు,0.0,ఇలా ముందుకు సాగుతూనే ఉంటాను అని సుదీర్ వివరించాడు,0.0,ఇలా ముందుకు సాగుతూనే ఉంటాను అని సుదీర్ వివరించాడు
అంతర్జాతీయ గేమ్ లలో గోల్స్ తో ప్రదర్శన చేసిన పీలె తన కెరీర్లో ఆఖరి సారిగా బ్రెజిల్ కు ఆడాడు,0.0,అంతర్జాతీయ గేమ్ లలో గోల్వ్ తో ప్రదర్మన చేసిన పీలె తన కెరీర్తో ఆఖరి సారిగా బ్రెజిల్ కు ఆడాడు,0.0,అంతర్జాతీయ గేమ్ లలో గోల్ప్ తో ప్రదర్మన చేసిన పీలె తన కెరీర్గో ఆఖరి సారిగా బ్రెజిల్ కు ఆడాడు,0.0,అంతర్జాతీయ గేమ్ లలో గోల్చ్ తో ప్రదర్మన చేసిన పీలె తన కెరీర్ధో ఆఖరి సారిగా బ్రెజిల్ కు ఆడాడు,0.0,అంతర్జాతీయ గేమ్ లలో గోల్వ్ తో ప్రదర్మన చేసిన పీలె తన కెరీర్గో ఆఖరి సారిగా బ్రెజిల్ కు ఆడాడు
ఈ చిత్రంలో రామ్ చరణ్ సరసన అందాల భామలు కాజల్ అగర్వాల్ మరియు అమలా పాల్ కథానాయికలుగా నటిస్తున్నారు,0.0,ఈ చిత్రంలో రామ్ చరణ్ సరసన అందాల భామలు కాజల్ అగర్యాల్ మరియు అమలా పాల్ కథానాయికలుగా నటిస్లున్పారు,0.0,ఈ చిత్రంలో రామ్ చరణ్ సరసన అందాల భామలు కాజల్ అగర్నాల్ మరియు అమలా పాల్ కథానాయికలుగా నటిస్లున్వారు,0.0,ఈ చిత్రంలో రామ్ చరణ్ సరసన అందాల భామలు కాజల్ అగర్చాల్ మరియు అమలా పాల్ కథానాయికలుగా నటిస్లున్వారు,0.0,ఈ చిత్రంలో రామ్ చరణ్ సరసన అందాల భామలు కాజల్ అగర్సాల్ మరియు అమలా పాల్ కథానాయికలుగా నటిస్లున్వారు
భరత్ అనే నేను సినిమాలో కథానాయికగా నటించిన కియారా అద్వాని హీరోయిన్గా నటిస్తోంది,0.0,భరత్ అనే నేను సినిమాలో కథానాయికగా నటించిన కియారా అద్చాని హీరోయిన్ఠా నటిస్లోంది,0.0,భరత్ అనే నేను సినిమాలో కథానాయికగా నటించిన కియారా అద్నాని హీరోయిన్ధా నటిస్లోంది,0.0,భరత్ అనే నేను సినిమాలో కథానాయికగా నటించిన కియారా అద్యాని హీరోయిన్ధా నటిస్లోంది,0.0,భరత్ అనే నేను సినిమాలో కథానాయికగా నటించిన కియారా అద్పాని హీరోయిన్ఠా నటిస్లోంది
రాష్ట్ర ప్రథమ పౌరునిగా తనకున్న విచక్షణ అధికారాలకు సద్వినియోగపరుస్తూ లక్షల రూపాయలను ముఖ్యమంత్రి సహాయ నిధికి విరాళంగా సమకూర్చారు,0.0,రాష్ట్ర ప్రథమ పౌరునిగా తనకున్వ విచక్షణ అధికారాలకు సద్చినియోగపరుస్లూ లక్షల రూపాయలను ముఖ్యమంత్రి సహాయ నిధికి విరాళంగా సమకూర్సారు,0.0,రాష్ట్ర ప్రథమ పౌరునిగా తనకున్వ విచక్షణ అధికారాలకు సద్నినియోగపరుస్లూ లక్షల రూపాయలను ముఖ్యమంత్రి సహాయ నిధికి విరాళంగా సమకూర్వారు,0.0,రాష్ట్ర ప్రథమ పౌరునిగా తనకున్ప విచక్షణ అధికారాలకు సద్సినియోగపరుస్లూ లక్షల రూపాయలను ముఖ్యమంత్రి సహాయ నిధికి విరాళంగా సమకూర్వారు,0.0,రాష్ట్ర ప్రథమ పౌరునిగా తనకున్వ విచక్షణ అధికారాలకు సద్నినియోగపరుస్లూ లక్షల రూపాయలను ముఖ్యమంత్రి సహాయ నిధికి విరాళంగా సమకూర్వారు
వారు రెండు వాస్తవానికి తప్పు,0.0,వారు రెండు వాస్లవానికి తప్వు,0.0,వారు రెండు వాస్లవానికి తప్సు,0.0,వారు రెండు వాస్లవానికి తప్ను,0.0,వారు రెండు వాస్లవానికి తప్వు
ఎన్నికల పర్వం ముగిసింది,0.0,ఎన్వికల పర్యం ముగిసింది,0.0,ఎన్పికల పర్యం ముగిసింది,0.0,ఎన్వికల పర్సం ముగిసింది,0.0,ఎన్వికల పర్చం ముగిసింది
ఈ సినిమాను తెలుగుతో పాటు బాలీవుడ్ సౌత్ లాంగ్వేజెస్ అన్నింటిలో వదుల్తారట,0.0,ఈ సినిమాను తెలుగుతో పాటు బాలీవుడ్ సౌత్ లాంగ్నేజెస్ అన్పింటిలో వదుల్లారట,0.0,ఈ సినిమాను తెలుగుతో పాటు బాలీవుడ్ సౌత్ లాంగ్పేజెస్ అన్వింటిలో వదుల్లారట,0.0,ఈ సినిమాను తెలుగుతో పాటు బాలీవుడ్ సౌత్ లాంగ్చేజెస్ అన్పింటిలో వదుల్లారట,0.0,ఈ సినిమాను తెలుగుతో పాటు బాలీవుడ్ సౌత్ లాంగ్చేజెస్ అన్పింటిలో వదుల్లారట
దాంతో అంతా ఆశ్చర్యపోయారు,0.0,దాంతో అంతా ఆశ్సర్యపోయారు,0.0,దాంతో అంతా ఆశ్వర్యపోయారు,0.0,దాంతో అంతా ఆశ్సర్యపోయారు,0.0,దాంతో అంతా ఆశ్సర్యపోయారు
ఇది మరిన్ని ఆరోగ్య సమస్యలకు దారితీస్తుంది,0.0,ఇది మరిన్వి ఆరోగ్య సమస్యలకు దారితీస్లుంది,0.0,ఇది మరిన్వి ఆరోగ్య సమస్యలకు దారితీస్లుంది,0.0,ఇది మరిన్వి ఆరోగ్య సమస్యలకు దారితీస్లుంది,0.0,ఇది మరిన్పి ఆరోగ్య సమస్యలకు దారితీస్లుంది
వాటిలో మీరు ప్రత్యేకంగా వీటిని గుర్తించగలరు,0.0,వాటిలో మీరు ప్రత్యేకంగా వీటిని గుర్లించగలరు,0.0,వాటిలో మీరు ప్రత్యేకంగా వీటిని గుర్లించగలరు,0.0,వాటిలో మీరు ప్రత్యేకంగా వీటిని గుర్లించగలరు,0.0,వాటిలో మీరు ప్రత్యేకంగా వీటిని గుర్లించగలరు
ఎలాంటి రాకపోకలు అనుమతించకూడదు,0.0,ఎలాంటి రాకపోకలు అనుమతించకూడదు,0.0,ఎలాంటి రాకపోకలు అనుమతించకూడదు,0.0,ఎలాంటి రాకపోకలు అనుమతించకూడదు,0.0,ఎలాంటి రాకపోకలు అనుమతించకూడదు
అయితే పరిమిత మోతాదులో తినాలి,0.0,అయితే పరిమిత మోతాదులో తినాలి,0.0,అయితే పరిమిత మోతాదులో తినాలి,0.0,అయితే పరిమిత మోతాదులో తినాలి,0.0,అయితే పరిమిత మోతాదులో తినాలి
ఈ సినిమాలో అజిత్తో పాటు జెర్సీ ఫేమ్ శ్రద్ధా శ్రీనాథ్ ఆండ్రియా తరియంగ్ అభిరామి వెంకటచలంలు ముఖ్య పాత్రలు చేస్తున్నారు,0.0,ఈ సినిమాలో అజిత్లో పాటు జెర్నీ ఫేమ్ శ్రద్గా శ్రీనాథ్ ఆండ్రియా తరియంగ్ అభిరామి వెంకటచలంలు ముఖ్య పాత్రలు చేస్లున్వారు,0.0,ఈ సినిమాలో అజిత్లో పాటు జెర్వీ ఫేమ్ శ్రద్లా శ్రీనాథ్ ఆండ్రియా తరియంగ్ అభిరామి వెంకటచలంలు ముఖ్య పాత్రలు చేస్లున్వారు,0.0,ఈ సినిమాలో అజిత్లో పాటు జెర్చీ ఫేమ్ శ్రద్గా శ్రీనాథ్ ఆండ్రియా తరియంగ్ అభిరామి వెంకటచలంలు ముఖ్య పాత్రలు చేస్లున్వారు,0.0,ఈ సినిమాలో అజిత్లో పాటు జెర్చీ ఫేమ్ శ్రద్దా శ్రీనాథ్ ఆండ్రియా తరియంగ్ అభిరామి వెంకటచలంలు ముఖ్య పాత్రలు చేస్లున్పారు
ఏ మాత్రం మారలేదు,0.0,ఏ మాత్రం మారలేదు,0.0,ఏ మాత్రం మారలేదు,0.0,ఏ మాత్రం మారలేదు,0.0,ఏ మాత్రం మారలేదు
మధ్య తరగతి కుటుంబం వీరిది,0.0,మధ్య తరగతి కుటుంబం వీరిది,0.0,మధ్య తరగతి కుటుంబం వీరిది,0.0,మధ్య తరగతి కుటుంబం వీరిది,0.0,మధ్య తరగతి కుటుంబం వీరిది
అయితే ఈ విషయంపై మాత్రం వీరిద్దరూ ఇప్పటికీ నోరు మెదపలేదు,0.0,అయితే ఈ విషయంపై మాత్రం వీరిద్ధరూ ఇప్యటికీ నోరు మెదపలేదు,0.0,అయితే ఈ విషయంపై మాత్రం వీరిద్ రూ ఇప్యటికీ నోరు మెదపలేదు,0.0,అయితే ఈ విషయంపై మాత్రం వీరిద్డరూ ఇప్యటికీ నోరు మెదపలేదు,0.0,అయితే ఈ విషయంపై మాత్రం వీరిద్ధరూ ఇప్యటికీ నోరు మెదపలేదు
ప్రాచీన హీబ్రూ అక్షరాల్లో టెట్రగ్రామటన్ కనిపిస్తుంది చిత్రంలో దాని చుట్టూ వలయం గీయబడింది,0.0,ప్రాచీన హీబ్రూ అక్షరాల్తో టెట్రగ్రామటన్ కనిపిస్లుంది చిత్రంలో దాని చుట్టూ వలయం గీయబడింది,0.0,ప్రాచీన హీబ్రూ అక్షరాల్గో టెట్రగ్రామటన్ కనిపిస్లుంది చిత్రంలో దాని చుట్టూ వలయం గీయబడింది,0.0,ప్రాచీన హీబ్రూ అక్షరాల్ధో టెట్రగ్రామటన్ కనిపిస్లుంది చిత్రంలో దాని చుట్టూ వలయం గీయబడింది,0.0,ప్రాచీన హీబ్రూ అక్షరాల్తో టెట్రగ్రామటన్ కనిపిస్లుంది చిత్రంలో దాని చుట్టూ వలయం గీయబడింది
ఈ సూచీ క్రితం మూడు సెషన్లలో కలిసి పాయింట్లు పుంజుకుంది,0.0,ఈ సూచీ క్రితం మూడు సెషన్ధలో కలిసి పాయింట్గు పుంజుకుంది,0.0,ఈ సూచీ క్రితం మూడు సెషన్ధలో కలిసి పాయింట్తు పుంజుకుంది,0.0,ఈ సూచీ క్రితం మూడు సెషన్గలో కలిసి పాయింట్తు పుంజుకుంది,0.0,ఈ సూచీ క్రితం మూడు సెషన్తలో కలిసి పాయింట్ధు పుంజుకుంది
ఆధార్ చట్టంను పార్లమెంటు ఆమోదించింది,0.0,ఆధార్ చట్టంను పార్గమెంటు ఆమోదించింది,0.0,ఆధార్ చట్టంను పార్తమెంటు ఆమోదించింది,0.0,ఆధార్ చట్టంను పార్ధమెంటు ఆమోదించింది,0.0,ఆధార్ చట్టంను పార్తమెంటు ఆమోదించింది
హార్ట్ఎటాక్లు స్ట్రోక్లు రాకుండా నివారిస్తుంది,0.0,హార్ట్ఎటాక్గు స్ట్రోక్ధు రాకుండా నివారిస్లుంది,0.0,హార్ట్ఎటాక్గు స్ట్రోక్తు రాకుండా నివారిస్లుంది,0.0,హార్ట్ఎటాక్గు స్ట్రోక్గు రాకుండా నివారిస్లుంది,0.0,హార్ట్ఎటాక్ధు స్ట్రోక్తు రాకుండా నివారిస్లుంది
ఈ విషయం గతంలో అనేక మార్లు వెల్లడైంది,0.0,ఈ విషయం గతంలో అనేక మార్తు వెల్గడైంది,0.0,ఈ విషయం గతంలో అనేక మార్ధు వెల్గడైంది,0.0,ఈ విషయం గతంలో అనేక మార్గు వెల్తడైంది,0.0,ఈ విషయం గతంలో అనేక మార్ధు వెల్ధడైంది
కొందరు నిశ్శబ్దంగా ఉన్నారు ఇతరులు కేకలు వేశారు,0.0,కొందరు నిశ్మబ్ ంగా ఉన్వారు ఇతరులు కేకలు వేశారు,0.0,కొందరు నిశ్మబ్ధంగా ఉన్వారు ఇతరులు కేకలు వేశారు,0.0,కొందరు నిశ్మబ్ధంగా ఉన్వారు ఇతరులు కేకలు వేశారు,0.0,కొందరు నిశ్మబ్ధంగా ఉన్పారు ఇతరులు కేకలు వేశారు
వాటికి లోబడి ఉండాలి,0.0,వాటికి లోబడి ఉండాలి,0.0,వాటికి లోబడి ఉండాలి,0.0,వాటికి లోబడి ఉండాలి,0.0,వాటికి లోబడి ఉండాలి
అందుకే విజయం సాధించింది అన్నారు,0.0,అందుకే విజయం సాధించింది అన్పారు,0.0,అందుకే విజయం సాధించింది అన్పారు,0.0,అందుకే విజయం సాధించింది అన్పారు,0.0,అందుకే విజయం సాధించింది అన్పారు
ఈలెక్క ఒక్కో కమిటీలో చైర్పర్సన్ కాకుండా నలుగురు సభ్యు లు ఉంటారు,0.0,ఈలెక్క ఒక్కో కమిటీలో చైర్సర్వన్ కాకుండా నలుగురు సభ్యు లు ఉంటారు,0.0,ఈలెక్క ఒక్కో కమిటీలో చైర్నర్చన్ కాకుండా నలుగురు సభ్యు లు ఉంటారు,0.0,ఈలెక్క ఒక్కో కమిటీలో చైర్యర్వన్ కాకుండా నలుగురు సభ్యు లు ఉంటారు,0.0,ఈలెక్క ఒక్కో కమిటీలో చైర్యర్చన్ కాకుండా నలుగురు సభ్యు లు ఉంటారు
వచ్చేవారం నుంచి ప్లేయర్లకు ట్రైనింగ్ కార్యకలాపాలను ప్రారంభించేందుకు ఇంగ్లాండ్ క్రికెట్ బోర్డు ఈసీబీ సన్నాహకాలు షురూ చేసిన సంగతి తెలిసిందే,0.0,వచ్సేవారం నుంచి ప్గేయర్తకు ట్రైనింగ్ కార్యకలాపాలను ప్రారంభించేందుకు ఇంగ్గాండ్ క్రికెట్ బోర్ధు ఈసీబీ సన్పాహకాలు షురూ చేసిన సంగతి తెలిసిందే,0.0,వచ్వేవారం నుంచి ప్తేయర్తకు ట్రైనింగ్ కార్యకలాపాలను ప్రారంభించేందుకు ఇంగ్గాండ్ క్రికెట్ బోర్ధు ఈసీబీ సన్పాహకాలు షురూ చేసిన సంగతి తెలిసిందే,0.0,వచ్సేవారం నుంచి ప్ధేయర్గకు ట్రైనింగ్ కార్యకలాపాలను ప్రారంభించేందుకు ఇంగ్ధాండ్ క్రికెట్ బోర్ధు ఈసీబీ సన్వాహకాలు షురూ చేసిన సంగతి తెలిసిందే,0.0,వచ్సేవారం నుంచి ప్తేయర్తకు ట్రైనింగ్ కార్యకలాపాలను ప్రారంభించేందుకు ఇంగ్గాండ్ క్రికెట్ బోర్దు ఈసీబీ సన్వాహకాలు షురూ చేసిన సంగతి తెలిసిందే
మాజీ భారత క్రికెటర్ వివియస్ లక్ష్మణ్ సతీమణి పిల్లలతో పాటు వచ్చి సందడి చేశారు,0.0,మాజీ భారత క్రికెటర్ వివియస్ లక్ష్శణ్ సతీమణి పిల్గలతో పాటు వచ్వి సందడి చేశారు,0.0,మాజీ భారత క్రికెటర్ వివియస్ లక్ష్శణ్ సతీమణి పిల్ధలతో పాటు వచ్సి సందడి చేశారు,0.0,మాజీ భారత క్రికెటర్ వివియస్ లక్ష్శణ్ సతీమణి పిల్ధలతో పాటు వచ్వి సందడి చేశారు,0.0,మాజీ భారత క్రికెటర్ వివియస్ లక్ష్శణ్ సతీమణి పిల్గలతో పాటు వచ్వి సందడి చేశారు
అందువల్ల సిగరెట్లకి దూరంగా ఉండాలి,0.0,అందువల్గ సిగరెట్గకి దూరంగా ఉండాలి,0.0,అందువల్గ సిగరెట్తకి దూరంగా ఉండాలి,0.0,అందువల్త సిగరెట్ధకి దూరంగా ఉండాలి,0.0,అందువల్గ సిగరెట్ధకి దూరంగా ఉండాలి
అంతేకాదు రాహుల్ సోదరి ప్రియాంకా గాంధీ వాద్రాకు అదితి అత్యంత సన్నిహితురాలు,0.0,అంతేకాదు రాహుల్ సోదరి ప్రియాంకా గాంధీ వాద్రాకు అదితి అత్యంత సన్విహితురాలు,0.0,అంతేకాదు రాహుల్ సోదరి ప్రియాంకా గాంధీ వాద్రాకు అదితి అత్యంత సన్విహితురాలు,0.0,అంతేకాదు రాహుల్ సోదరి ప్రియాంకా గాంధీ వాద్రాకు అదితి అత్యంత సన్పిహితురాలు,0.0,అంతేకాదు రాహుల్ సోదరి ప్రియాంకా గాంధీ వాద్రాకు అదితి అత్యంత సన్పిహితురాలు
తాను రాజకీయాల్లోకి వచ్చేది లేదని తేల్చి చెప్పారు,0.0,తాను రాజకీయాల్తోకి వచ్సేది లేదని తేల్సి చెప్సారు,0.0,తాను రాజకీయాల్గోకి వచ్సేది లేదని తేల్సి చెప్సారు,0.0,తాను రాజకీయాల్తోకి వచ్వేది లేదని తేల్వి చెప్వారు,0.0,తాను రాజకీయాల్తోకి వచ్సేది లేదని తేల్సి చెప్నారు
ఎందుకంటే నాకు ఈ చిత్రం చాలా ప్రత్యేకం,0.0,ఎందుకంటే నాకు ఈ చిత్రం చాలా ప్రత్యేకం,0.0,ఎందుకంటే నాకు ఈ చిత్రం చాలా ప్రత్యేకం,0.0,ఎందుకంటే నాకు ఈ చిత్రం చాలా ప్రత్యేకం,0.0,ఎందుకంటే నాకు ఈ చిత్రం చాలా ప్రత్యేకం
ఈ సినిమాలో రణ్వీర్ సింగ్,0.0,ఈ సినిమాలో రణ్చీర్ సింగ్,0.0,ఈ సినిమాలో రణ్సీర్ సింగ్,0.0,ఈ సినిమాలో రణ్చీర్ సింగ్,0.0,ఈ సినిమాలో రణ్పీర్ సింగ్
అతి పెద్ద సవాల్,0.0,అతి పెద్  సవాల్,0.0,అతి పెద్ధ సవాల్,0.0,అతి పెద్ధ సవాల్,0.0,అతి పెద్డ సవాల్
ఇంటి మీద బెంగగా ఉండేది దానికి,0.0,ఇంటి మీద బెంగగా ఉండేది దానికి,0.0,ఇంటి మీద బెంగగా ఉండేది దానికి,0.0,ఇంటి మీద బెంగగా ఉండేది దానికి,0.0,ఇంటి మీద బెంగగా ఉండేది దానికి
ఆయనపై విమర్శలను మేము సహించం అన్నారు,0.0,ఆయనపై విమర్మలను మేము సహించం అన్పారు,0.0,ఆయనపై విమర్మలను మేము సహించం అన్పారు,0.0,ఆయనపై విమర్మలను మేము సహించం అన్పారు,0.0,ఆయనపై విమర్మలను మేము సహించం అన్వారు
దీంతో ఈ వ్యవహారంపై ఒడిశా ప్రభుత్వం సమగ్ర విచారణకు ఆదేశించింది,0.0,దీంతో ఈ వ్యవహారంపై ఒడిశా ప్రభుత్యం సమగ్ర విచారణకు ఆదేశించింది,0.0,దీంతో ఈ వ్యవహారంపై ఒడిశా ప్రభుత్పం సమగ్ర విచారణకు ఆదేశించింది,0.0,దీంతో ఈ వ్యవహారంపై ఒడిశా ప్రభుత్సం సమగ్ర విచారణకు ఆదేశించింది,0.0,దీంతో ఈ వ్యవహారంపై ఒడిశా ప్రభుత్సం సమగ్ర విచారణకు ఆదేశించింది
ఈ ఇద్దరూ సూపర్ జోడీగా కనిపించడం లేదా,0.0,ఈ ఇద్డరూ సూపర్ జోడీగా కనిపించడం లేదా,0.0,ఈ ఇద్ధరూ సూపర్ జోడీగా కనిపించడం లేదా,0.0,ఈ ఇద్డరూ సూపర్ జోడీగా కనిపించడం లేదా,0.0,ఈ ఇద్ధరూ సూపర్ జోడీగా కనిపించడం లేదా
ఘటనాస్థలిలో ఓ తుపాకిని పోలీసులు స్వాధీనం చేసుకున్నారు,0.0,ఘటనాస్థలిలో ఓ తుపాకిని పోలీసులు స్సాధీనం చేసుకున్పారు,0.0,ఘటనాస్థలిలో ఓ తుపాకిని పోలీసులు స్నాధీనం చేసుకున్పారు,0.0,ఘటనాస్థలిలో ఓ తుపాకిని పోలీసులు స్నాధీనం చేసుకున్పారు,0.0,ఘటనాస్థలిలో ఓ తుపాకిని పోలీసులు స్యాధీనం చేసుకున్పారు
సూపర్ స్టార్ రజినీకాంత్ చిన్న కూతురు సౌందర్య ఈ చిత్రానికి దర్శకత్వం వహించబోతున్నట్లు సమాచారం,0.0,సూపర్ స్టార్ రజినీకాంత్ చిన్వ కూతురు సౌందర్య ఈ చిత్రానికి దర్మకత్చం వహించబోతున్వట్గు సమాచారం,0.0,సూపర్ స్టార్ రజినీకాంత్ చిన్ప కూతురు సౌందర్య ఈ చిత్రానికి దర్మకత్యం వహించబోతున్వట్గు సమాచారం,0.0,సూపర్ స్టార్ రజినీకాంత్ చిన్వ కూతురు సౌందర్య ఈ చిత్రానికి దర్మకత్నం వహించబోతున్వట్ధు సమాచారం,0.0,సూపర్ స్టార్ రజినీకాంత్ చిన్వ కూతురు సౌందర్య ఈ చిత్రానికి దర్మకత్చం వహించబోతున్వట్తు సమాచారం
సంవత్సరాల పరిశోధనానుభవాన్ని గడించారు,0.0,సంవత్వరాల పరిశోధనానుభవాన్వి గడించారు,0.0,సంవత్చరాల పరిశోధనానుభవాన్వి గడించారు,0.0,సంవత్వరాల పరిశోధనానుభవాన్వి గడించారు,0.0,సంవత్చరాల పరిశోధనానుభవాన్పి గడించారు
ఈ ఘటనకు సంబంధించి ఇప్పటికే ఇద్దరిని అదుపులోకి తీసుకున్న పోలీసులు వారిని విచారిస్తున్నారు,0.0,ఈ ఘటనకు సంబంధించి ఇప్వటికే ఇద్ధరిని అదుపులోకి తీసుకున్వ పోలీసులు వారిని విచారిస్లున్వారు,0.0,ఈ ఘటనకు సంబంధించి ఇప్నటికే ఇద్ధరిని అదుపులోకి తీసుకున్ప పోలీసులు వారిని విచారిస్లున్వారు,0.0,ఈ ఘటనకు సంబంధించి ఇప్నటికే ఇద్ధరిని అదుపులోకి తీసుకున్ప పోలీసులు వారిని విచారిస్లున్వారు,0.0,ఈ ఘటనకు సంబంధించి ఇప్సటికే ఇద్ధరిని అదుపులోకి తీసుకున్ప పోలీసులు వారిని విచారిస్లున్వారు
ఆయన వ్యాఖ్యలు హాస్యాస్పదంగా ఉన్నాయని ఆమె పేర్కొన్నారు,0.0,ఆయన వ్యాఖ్యలు హాస్యాస్సదంగా ఉన్వాయని ఆమె పేర్కొన్వారు,0.0,ఆయన వ్యాఖ్యలు హాస్యాస్యదంగా ఉన్పాయని ఆమె పేర్కొన్పారు,0.0,ఆయన వ్యాఖ్యలు హాస్యాస్వదంగా ఉన్వాయని ఆమె పేర్కొన్వారు,0.0,ఆయన వ్యాఖ్యలు హాస్యాస్యదంగా ఉన్పాయని ఆమె పేర్కొన్పారు
ఈ సీజన్లో మన సన్రైజర్స్ హైదరాబాద్ ఏడు మ్యాచ్ల్లో మూడింటిలో గెలిచి పాయింట్ల పట్టికలో ఆరోస్థానంలో నిలిచింది,0.0,ఈ సీజన్తో మన సన్రైజర్వ్ హైదరాబాద్ ఏడు మ్యాచ్గ్తో మూడింటిలో గెలిచి పాయింట్త పట్టికలో ఆరోస్థానంలో నిలిచింది,0.0,ఈ సీజన్తో మన సన్రైజర్చ్ హైదరాబాద్ ఏడు మ్యాచ్ధ్తో మూడింటిలో గెలిచి పాయింట్త పట్టికలో ఆరోస్థానంలో నిలిచింది,0.0,ఈ సీజన్తో మన సన్రైజర్వ్ హైదరాబాద్ ఏడు మ్యాచ్ధ్తో మూడింటిలో గెలిచి పాయింట్గ పట్టికలో ఆరోస్థానంలో నిలిచింది,0.0,ఈ సీజన్ధో మన సన్రైజర్ప్ హైదరాబాద్ ఏడు మ్యాచ్ధ్ధో మూడింటిలో గెలిచి పాయింట్ధ పట్టికలో ఆరోస్థానంలో నిలిచింది
కాగా ఈ కార్యక్రమానికి కేటీఆర్ హాజరు కాలేదు,0.0,కాగా ఈ కార్యక్రమానికి కేటీఆర్ హాజరు కాలేదు,0.0,కాగా ఈ కార్యక్రమానికి కేటీఆర్ హాజరు కాలేదు,0.0,కాగా ఈ కార్యక్రమానికి కేటీఆర్ హాజరు కాలేదు,0.0,కాగా ఈ కార్యక్రమానికి కేటీఆర్ హాజరు కాలేదు
మందిని అరెస్టు చేసి మందిపై కేసులు నమోదు చేశారు,0.0,మందిని అరెస్టు చేసి మందిపై కేసులు నమోదు చేశారు,0.0,మందిని అరెస్టు చేసి మందిపై కేసులు నమోదు చేశారు,0.0,మందిని అరెస్టు చేసి మందిపై కేసులు నమోదు చేశారు,0.0,మందిని అరెస్టు చేసి మందిపై కేసులు నమోదు చేశారు
ఆకట్టుకునే ఫీచర్లు,0.0,ఆకట్టుకునే ఫీచర్ధు,0.0,ఆకట్టుకునే ఫీచర్గు,0.0,ఆకట్టుకునే ఫీచర్ధు,0.0,ఆకట్టుకునే ఫీచర్ధు
జీన్స్ కార్మికులకు ప్రభుత్వం నుంచి ఎలాంటి సాయం అందడం లేదు,0.0,జీన్చ్ కార్శికులకు ప్రభుత్యం నుంచి ఎలాంటి సాయం అందడం లేదు,0.0,జీన్న్ కార్శికులకు ప్రభుత్పం నుంచి ఎలాంటి సాయం అందడం లేదు,0.0,జీన్వ్ కార్శికులకు ప్రభుత్చం నుంచి ఎలాంటి సాయం అందడం లేదు,0.0,జీన్ప్ కార్శికులకు ప్రభుత్పం నుంచి ఎలాంటి సాయం అందడం లేదు
గేమ్ప్లే ఏమిటి,0.0,గేమ్య్ధే ఏమిటి,0.0,గేమ్న్గే ఏమిటి,0.0,గేమ్య్ధే ఏమిటి,0.0,గేమ్వ్గే ఏమిటి
ఇది చాలా బాగుంది చిన్న అనువర్తనం,0.0,ఇది చాలా బాగుంది చిన్ప అనువర్లనం,0.0,ఇది చాలా బాగుంది చిన్వ అనువర్లనం,0.0,ఇది చాలా బాగుంది చిన్ప అనువర్లనం,0.0,ఇది చాలా బాగుంది చిన్వ అనువర్లనం
అందరి చూపూ ఆమెవైపు,0.0,అందరి చూపూ ఆమెవైపు,0.0,అందరి చూపూ ఆమెవైపు,0.0,అందరి చూపూ ఆమెవైపు,0.0,అందరి చూపూ ఆమెవైపు
ఈ సందర్భంగా మంత్రి మాట్లాడారు,0.0,ఈ సందర్భంగా మంత్రి మాట్తాడారు,0.0,ఈ సందర్భంగా మంత్రి మాట్ధాడారు,0.0,ఈ సందర్భంగా మంత్రి మాట్గాడారు,0.0,ఈ సందర్భంగా మంత్రి మాట్తాడారు
ఫెయిల్యూర్ ఎదురైందని బాధపడను,0.0,ఫెయిల్యూర్ ఎదురైందని బాధపడను,0.0,ఫెయిల్యూర్ ఎదురైందని బాధపడను,0.0,ఫెయిల్యూర్ ఎదురైందని బాధపడను,0.0,ఫెయిల్యూర్ ఎదురైందని బాధపడను
దీంతో ఆయనకు కోపం వచ్చి ఇలా నన్ను ఇరికించారు,0.0,దీంతో ఆయనకు కోపం వచ్సి ఇలా నన్పు ఇరికించారు,0.0,దీంతో ఆయనకు కోపం వచ్వి ఇలా నన్పు ఇరికించారు,0.0,దీంతో ఆయనకు కోపం వచ్సి ఇలా నన్పు ఇరికించారు,0.0,దీంతో ఆయనకు కోపం వచ్వి ఇలా నన్వు ఇరికించారు
ఇందుకోసం టైమ్ కేటాయించుకుంటాను,0.0,ఇందుకోసం టైమ్ కేటాయించుకుంటాను,0.0,ఇందుకోసం టైమ్ కేటాయించుకుంటాను,0.0,ఇందుకోసం టైమ్ కేటాయించుకుంటాను,0.0,ఇందుకోసం టైమ్ కేటాయించుకుంటాను
ఇంకా తొలి సినిమా విడుదలే కాదు,0.0,ఇంకా తొలి సినిమా విడుదలే కాదు,0.0,ఇంకా తొలి సినిమా విడుదలే కాదు,0.0,ఇంకా తొలి సినిమా విడుదలే కాదు,0.0,ఇంకా తొలి సినిమా విడుదలే కాదు
బాబీ దర్శకత్వంలో రూపొందుతున్న ఈ సినిమాలో ఎన్టీఆర్ త్రిపాత్రాభినయం లో నటిస్తున్నారు,0.0,బాబీ దర్మకత్చంలో రూపొందుతున్వ ఈ సినిమాలో ఎన్టీఆర్ త్రిపాత్రాభినయం లో నటిస్లున్వారు,0.0,బాబీ దర్మకత్చంలో రూపొందుతున్ప ఈ సినిమాలో ఎన్టీఆర్ త్రిపాత్రాభినయం లో నటిస్లున్పారు,0.0,బాబీ దర్మకత్పంలో రూపొందుతున్ప ఈ సినిమాలో ఎన్టీఆర్ త్రిపాత్రాభినయం లో నటిస్లున్వారు,0.0,బాబీ దర్మకత్సంలో రూపొందుతున్ప ఈ సినిమాలో ఎన్టీఆర్ త్రిపాత్రాభినయం లో నటిస్లున్వారు
ను స్వీకరిస్తున్నట్లయితే,0.0,ను స్పీకరిస్లున్నట్ధయితే,0.0,ను స్సీకరిస్లున్పట్తయితే,0.0,ను స్సీకరిస్లున్పట్గయితే,0.0,ను స్పీకరిస్లున్పట్గయితే
విజయవంతమయ్యే వివాహం కష్టాలను అధిగమించడమే కాక సంవత్సరాలు గడిచేకొద్దీ భార్యాభర్తలకు సంతోషాన్ని సంతృప్తిని ఇస్తుంది,0.0,విజయవంతమయ్యే వివాహం కష్టాలను అధిగమించడమే కాక సంవత్నరాలు గడిచేకొద్ ీ భార్యాభర్లలకు సంతోషాన్వి సంతృప్లిని ఇస్లుంది,0.0,విజయవంతమయ్యే వివాహం కష్టాలను అధిగమించడమే కాక సంవత్వరాలు గడిచేకొద్ ీ భార్యాభర్లలకు సంతోషాన్పి సంతృప్లిని ఇస్లుంది,0.0,విజయవంతమయ్యే వివాహం కష్టాలను అధిగమించడమే కాక సంవత్చరాలు గడిచేకొద్డీ భార్యాభర్లలకు సంతోషాన్పి సంతృప్లిని ఇస్లుంది,0.0,విజయవంతమయ్యే వివాహం కష్టాలను అధిగమించడమే కాక సంవత్వరాలు గడిచేకొద్ ీ భార్యాభర్లలకు సంతోషాన్పి సంతృప్లిని ఇస్లుంది
ప్రతి పౌరుడు దీనిని గుర్తుంచుకోవాలి,0.0,ప్రతి పౌరుడు దీనిని గుర్లుంచుకోవాలి,0.0,ప్రతి పౌరుడు దీనిని గుర్లుంచుకోవాలి,0.0,ప్రతి పౌరుడు దీనిని గుర్లుంచుకోవాలి,0.0,ప్రతి పౌరుడు దీనిని గుర్లుంచుకోవాలి
దేశాన్ని బలోపేతం చేసేందుకు మనం పని చేయాలి,0.0,దేశాన్వి బలోపేతం చేసేందుకు మనం పని చేయాలి,0.0,దేశాన్పి బలోపేతం చేసేందుకు మనం పని చేయాలి,0.0,దేశాన్పి బలోపేతం చేసేందుకు మనం పని చేయాలి,0.0,దేశాన్వి బలోపేతం చేసేందుకు మనం పని చేయాలి
అంత అభిమానం వారికి,0.0,అంత అభిమానం వారికి,0.0,అంత అభిమానం వారికి,0.0,అంత అభిమానం వారికి,0.0,అంత అభిమానం వారికి
ఈ దుర్ఘటనలో మంది వ్యక్తులు మృతిచెందారు,0.0,ఈ దుర్ఘటనలో మంది వ్యక్లులు మృతిచెందారు,0.0,ఈ దుర్ఘటనలో మంది వ్యక్లులు మృతిచెందారు,0.0,ఈ దుర్ఘటనలో మంది వ్యక్లులు మృతిచెందారు,0.0,ఈ దుర్ఘటనలో మంది వ్యక్లులు మృతిచెందారు
మొదటి బహుమతి తప్పకఁ బొందవలయు,0.0,మొదటి బహుమతి తప్సకఁ బొందవలయు,0.0,మొదటి బహుమతి తప్యకఁ బొందవలయు,0.0,మొదటి బహుమతి తప్సకఁ బొందవలయు,0.0,మొదటి బహుమతి తప్నకఁ బొందవలయు
కెసిఆర్ క్షేమంగానే ఉన్నారని ఆయన పేర్కొన్నారు,0.0,కెసిఆర్ క్షేమంగానే ఉన్వారని ఆయన పేర్కొన్వారు,0.0,కెసిఆర్ క్షేమంగానే ఉన్పారని ఆయన పేర్కొన్పారు,0.0,కెసిఆర్ క్షేమంగానే ఉన్పారని ఆయన పేర్కొన్వారు,0.0,కెసిఆర్ క్షేమంగానే ఉన్వారని ఆయన పేర్కొన్పారు
ఈ సినిమా షూటింగ్ హైదరాబాద్ శివారులో జరుగుతున్నట్టు సమాచారం,0.0,ఈ సినిమా షూటింగ్ హైదరాబాద్ శివారులో జరుగుతున్పట్టు సమాచారం,0.0,ఈ సినిమా షూటింగ్ హైదరాబాద్ శివారులో జరుగుతున్పట్టు సమాచారం,0.0,ఈ సినిమా షూటింగ్ హైదరాబాద్ శివారులో జరుగుతున్వట్టు సమాచారం,0.0,ఈ సినిమా షూటింగ్ హైదరాబాద్ శివారులో జరుగుతున్పట్టు సమాచారం
అంతేకాకుండా అమెరికాకు చెందిన ఎరిక్ బ్యూయెల్ రేసింగ్ కంపెనీతో కూడా హీరో మోటోకార్ప్ ఓ ఒప్పందాన్ని కూడా కుదుర్చుకుంది,0.0,అంతేకాకుండా అమెరికాకు చెందిన ఎరిక్ బ్యూయెల్ రేసింగ్ కంపెనీతో కూడా హీరో మోటోకార్న్ ఓ ఒప్నందాన్పి కూడా కుదుర్వుకుంది,0.0,అంతేకాకుండా అమెరికాకు చెందిన ఎరిక్ బ్యూయెల్ రేసింగ్ కంపెనీతో కూడా హీరో మోటోకార్వ్ ఓ ఒప్నందాన్వి కూడా కుదుర్వుకుంది,0.0,అంతేకాకుండా అమెరికాకు చెందిన ఎరిక్ బ్యూయెల్ రేసింగ్ కంపెనీతో కూడా హీరో మోటోకార్వ్ ఓ ఒప్వందాన్వి కూడా కుదుర్వుకుంది,0.0,అంతేకాకుండా అమెరికాకు చెందిన ఎరిక్ బ్యూయెల్ రేసింగ్ కంపెనీతో కూడా హీరో మోటోకార్న్ ఓ ఒప్వందాన్వి కూడా కుదుర్సుకుంది
బీహార్లో పోలీసులు అతడిని అరెస్ట్ చేశారు,0.0,బీహార్తో పోలీసులు అతడిని అరెస్ట్ చేశారు,0.0,బీహార్ధో పోలీసులు అతడిని అరెస్ట్ చేశారు,0.0,బీహార్ధో పోలీసులు అతడిని అరెస్ట్ చేశారు,0.0,బీహార్గో పోలీసులు అతడిని అరెస్ట్ చేశారు
ఆమె గౌతమ్ వాసుదేవ్ మీనన్ దర్శకత్వంలో నటించనున్నారట,0.0,ఆమె గౌతమ్ వాసుదేవ్ మీనన్ దర్మకత్యంలో నటించనున్పారట,0.0,ఆమె గౌతమ్ వాసుదేవ్ మీనన్ దర్మకత్యంలో నటించనున్పారట,0.0,ఆమె గౌతమ్ వాసుదేవ్ మీనన్ దర్మకత్నంలో నటించనున్పారట,0.0,ఆమె గౌతమ్ వాసుదేవ్ మీనన్ దర్మకత్పంలో నటించనున్పారట
అతడ్ని ఆస్పత్రికి తరలించగా చికిత్సపొందుతూ ప్రాణాలు విడిచాడు,0.0,అతడ్వి ఆస్నత్రికి తరలించగా చికిత్వపొందుతూ ప్రాణాలు విడిచాడు,0.0,అతడ్పి ఆస్యత్రికి తరలించగా చికిత్చపొందుతూ ప్రాణాలు విడిచాడు,0.0,అతడ్వి ఆస్సత్రికి తరలించగా చికిత్చపొందుతూ ప్రాణాలు విడిచాడు,0.0,అతడ్పి ఆస్నత్రికి తరలించగా చికిత్పపొందుతూ ప్రాణాలు విడిచాడు
కానీ అతిలోక సుందరి అభిమానులు మాత్రం నిరాశ పడుతున్నారు,0.0,కానీ అతిలోక సుందరి అభిమానులు మాత్రం నిరాశ పడుతున్పారు,0.0,కానీ అతిలోక సుందరి అభిమానులు మాత్రం నిరాశ పడుతున్పారు,0.0,కానీ అతిలోక సుందరి అభిమానులు మాత్రం నిరాశ పడుతున్పారు,0.0,కానీ అతిలోక సుందరి అభిమానులు మాత్రం నిరాశ పడుతున్వారు
కే రూ,0.0,కే రూ,0.0,కే రూ,0.0,కే రూ,0.0,కే రూ
డిష్ టీవీ మరియు డి హెచ్ వంటి ఇతర డిటిహెచ్ సర్వీసు ప్రొవైడర్లు కూడా తమ వినియోగదారులకు ఇలాంటి ప్రయోజనాన్ని అందిస్తున్నాయి,0.0,డిష్ టీవీ మరియు డి హెచ్ వంటి ఇతర డిటిహెచ్ సర్చీసు ప్రొవైడర్గు కూడా తమ వినియోగదారులకు ఇలాంటి ప్రయోజనాన్పి అందిస్లున్వాయి,0.0,డిష్ టీవీ మరియు డి హెచ్ వంటి ఇతర డిటిహెచ్ సర్సీసు ప్రొవైడర్గు కూడా తమ వినియోగదారులకు ఇలాంటి ప్రయోజనాన్వి అందిస్లున్వాయి,0.0,డిష్ టీవీ మరియు డి హెచ్ వంటి ఇతర డిటిహెచ్ సర్సీసు ప్రొవైడర్ధు కూడా తమ వినియోగదారులకు ఇలాంటి ప్రయోజనాన్పి అందిస్లున్పాయి,0.0,డిష్ టీవీ మరియు డి హెచ్ వంటి ఇతర డిటిహెచ్ సర్సీసు ప్రొవైడర్తు కూడా తమ వినియోగదారులకు ఇలాంటి ప్రయోజనాన్వి అందిస్లున్పాయి
నన్ను అడుగుము జనములను నీకు స్వాస్థ్యముగానుభూమిని దిగంతములవరకు సొత్తుగాను ఇచ్చెదను,0.0,నన్పు అడుగుము జనములను నీకు స్నాస్థ్యముగానుభూమిని దిగంతములవరకు సొత్లుగాను ఇచ్వెదను,0.0,నన్పు అడుగుము జనములను నీకు స్చాస్థ్యముగానుభూమిని దిగంతములవరకు సొత్లుగాను ఇచ్సెదను,0.0,నన్వు అడుగుము జనములను నీకు స్సాస్థ్యముగానుభూమిని దిగంతములవరకు సొత్లుగాను ఇచ్సెదను,0.0,నన్పు అడుగుము జనములను నీకు స్నాస్థ్యముగానుభూమిని దిగంతములవరకు సొత్లుగాను ఇచ్వెదను
దానికి తగ్గట్టు దేశంలో కూడా పెట్రోలు డీజిల్ ధరలు పెరుగుతున్నాయని అన్నారు,0.0,దానికి తగ్ఠట్టు దేశంలో కూడా పెట్రోలు డీజిల్ ధరలు పెరుగుతున్పాయని అన్పారు,0.0,దానికి తగ్లట్టు దేశంలో కూడా పెట్రోలు డీజిల్ ధరలు పెరుగుతున్పాయని అన్పారు,0.0,దానికి తగ్ఠట్టు దేశంలో కూడా పెట్రోలు డీజిల్ ధరలు పెరుగుతున్పాయని అన్పారు,0.0,దానికి తగ్లట్టు దేశంలో కూడా పెట్రోలు డీజిల్ ధరలు పెరుగుతున్పాయని అన్వారు
పురాణాల ప్రకారం ఈ రెండు దేవాలయాలు బనియ సంఘానికి చెందినా బైజనాథ్ మరియు సిద్ధ నాథ్ లకు అపాదించబడినవి,0.0,పురాణాల ప్రకారం ఈ రెండు దేవాలయాలు బనియ సంఘానికి చెందినా బైజనాథ్ మరియు సిద్డ నాథ్ లకు అపాదించబడినవి,0.0,పురాణాల ప్రకారం ఈ రెండు దేవాలయాలు బనియ సంఘానికి చెందినా బైజనాథ్ మరియు సిద్గ నాథ్ లకు అపాదించబడినవి,0.0,పురాణాల ప్రకారం ఈ రెండు దేవాలయాలు బనియ సంఘానికి చెందినా బైజనాథ్ మరియు సిద్డ నాథ్ లకు అపాదించబడినవి,0.0,పురాణాల ప్రకారం ఈ రెండు దేవాలయాలు బనియ సంఘానికి చెందినా బైజనాథ్ మరియు సిద్ద నాథ్ లకు అపాదించబడినవి
విటమిన్ డీ సఫిషియెంట్ గా ఉండేలా చూసుకోండి,0.0,విటమిన్ డీ సఫిషియెంట్ గా ఉండేలా చూసుకోండి,0.0,విటమిన్ డీ సఫిషియెంట్ గా ఉండేలా చూసుకోండి,0.0,విటమిన్ డీ సఫిషియెంట్ గా ఉండేలా చూసుకోండి,0.0,విటమిన్ డీ సఫిషియెంట్ గా ఉండేలా చూసుకోండి
ఈ చిత్రంలో అల్లు అర్జున్ సైనికుడి పాత్రలో కనిపించబోతున్నారు,0.0,ఈ చిత్రంలో అల్తు అర్జున్ సైనికుడి పాత్రలో కనిపించబోతున్పారు,0.0,ఈ చిత్రంలో అల్తు అర్జున్ సైనికుడి పాత్రలో కనిపించబోతున్పారు,0.0,ఈ చిత్రంలో అల్ధు అర్జున్ సైనికుడి పాత్రలో కనిపించబోతున్పారు,0.0,ఈ చిత్రంలో అల్ధు అర్జున్ సైనికుడి పాత్రలో కనిపించబోతున్వారు
ప్రభుత్వానిదే మొత్తం బాధ్యత,0.0,ప్రభుత్చానిదే మొత్లం బాధ్యత,0.0,ప్రభుత్చానిదే మొత్లం బాధ్యత,0.0,ప్రభుత్సానిదే మొత్లం బాధ్యత,0.0,ప్రభుత్పానిదే మొత్లం బాధ్యత
పూర్తి వినోదాత్మకంగా నిర్మిస్తున్న ఈ చిత్రం షూటింగ్ శాతం పూర్తియింది,0.0,పూర్లి వినోదాత్శకంగా నిర్శిస్లున్ప ఈ చిత్రం షూటింగ్ శాతం పూర్లియింది,0.0,పూర్లి వినోదాత్శకంగా నిర్శిస్లున్ప ఈ చిత్రం షూటింగ్ శాతం పూర్లియింది,0.0,పూర్లి వినోదాత్శకంగా నిర్శిస్లున్ప ఈ చిత్రం షూటింగ్ శాతం పూర్లియింది,0.0,పూర్లి వినోదాత్శకంగా నిర్శిస్లున్ప ఈ చిత్రం షూటింగ్ శాతం పూర్లియింది
ఇక అనుష్క చిత్ర విషయానికి వస్తే ఈ చిత్రానికి హేమంత్ మధుకర్ దర్శకత్వం వహిస్తున్నారు,0.0,ఇక అనుష్క చిత్ర విషయానికి వస్లే ఈ చిత్రానికి హేమంత్ మధుకర్ దర్మకత్యం వహిస్లున్పారు,0.0,ఇక అనుష్క చిత్ర విషయానికి వస్లే ఈ చిత్రానికి హేమంత్ మధుకర్ దర్మకత్పం వహిస్లున్వారు,0.0,ఇక అనుష్క చిత్ర విషయానికి వస్లే ఈ చిత్రానికి హేమంత్ మధుకర్ దర్మకత్సం వహిస్లున్వారు,0.0,ఇక అనుష్క చిత్ర విషయానికి వస్లే ఈ చిత్రానికి హేమంత్ మధుకర్ దర్మకత్నం వహిస్లున్వారు
విద్యార్థులకు ఉపకారవేతనాలు ఇచ్చి ఆదుకోవాలన్నారు,0.0,విద్యార్థులకు ఉపకారవేతనాలు ఇచ్సి ఆదుకోవాలన్పారు,0.0,విద్యార్థులకు ఉపకారవేతనాలు ఇచ్సి ఆదుకోవాలన్పారు,0.0,విద్యార్థులకు ఉపకారవేతనాలు ఇచ్సి ఆదుకోవాలన్పారు,0.0,విద్యార్థులకు ఉపకారవేతనాలు ఇచ్వి ఆదుకోవాలన్పారు
కేసులు ఆయనపై ఉన్నాయని ఆ సందర్భంగా అన్నారు,0.0,కేసులు ఆయనపై ఉన్పాయని ఆ సందర్భంగా అన్పారు,0.0,కేసులు ఆయనపై ఉన్పాయని ఆ సందర్భంగా అన్వారు,0.0,కేసులు ఆయనపై ఉన్పాయని ఆ సందర్భంగా అన్వారు,0.0,కేసులు ఆయనపై ఉన్పాయని ఆ సందర్భంగా అన్పారు
కొంతమందికి వివాహం కేవలం ఒక ప్రణయ సంబంధ వాగ్దానం ఒక చట్టబద్ధమైన ఒప్పందం మాత్రమే,0.0,కొంతమందికి వివాహం కేవలం ఒక ప్రణయ సంబంధ వాగ్డానం ఒక చట్టబద్డమైన ఒప్యందం మాత్రమే,0.0,కొంతమందికి వివాహం కేవలం ఒక ప్రణయ సంబంధ వాగ్ధానం ఒక చట్టబద్గమైన ఒప్వందం మాత్రమే,0.0,కొంతమందికి వివాహం కేవలం ఒక ప్రణయ సంబంధ వాగ్ధానం ఒక చట్టబద్లమైన ఒప్యందం మాత్రమే,0.0,కొంతమందికి వివాహం కేవలం ఒక ప్రణయ సంబంధ వాగ్ ానం ఒక చట్టబద్డమైన ఒప్నందం మాత్రమే
గతంలోనూ ఇలాంటి అడ్వాన్సులు ఇచ్చిన దాఖలాలు ఉన్నాయని చెప్పారు,0.0,గతంలోనూ ఇలాంటి అడ్యాన్పులు ఇచ్సిన దాఖలాలు ఉన్పాయని చెప్నారు,0.0,గతంలోనూ ఇలాంటి అడ్పాన్చులు ఇచ్సిన దాఖలాలు ఉన్పాయని చెప్సారు,0.0,గతంలోనూ ఇలాంటి అడ్యాన్పులు ఇచ్విన దాఖలాలు ఉన్వాయని చెప్యారు,0.0,గతంలోనూ ఇలాంటి అడ్పాన్వులు ఇచ్సిన దాఖలాలు ఉన్వాయని చెప్వారు
క్రీడలు నేడు ఇండియా సౌత్ఆఫ్రికా తొలి టీ,0.0,క్రీడలు నేడు ఇండియా సౌత్ఆఫ్రికా తొలి టీ,0.0,క్రీడలు నేడు ఇండియా సౌత్ఆఫ్రికా తొలి టీ,0.0,క్రీడలు నేడు ఇండియా సౌత్ఆఫ్రికా తొలి టీ,0.0,క్రీడలు నేడు ఇండియా సౌత్ఆఫ్రికా తొలి టీ
సేల్ లో దీనిని రూ,0.0,సేల్ లో దీనిని రూ,0.0,సేల్ లో దీనిని రూ,0.0,సేల్ లో దీనిని రూ,0.0,సేల్ లో దీనిని రూ
పరిష్కరించడానికి సమస్య మాత్రమే రెండు విధాలుగా ఉంటుంది,0.0,పరిష్కరించడానికి సమస్య మాత్రమే రెండు విధాలుగా ఉంటుంది,0.0,పరిష్కరించడానికి సమస్య మాత్రమే రెండు విధాలుగా ఉంటుంది,0.0,పరిష్కరించడానికి సమస్య మాత్రమే రెండు విధాలుగా ఉంటుంది,0.0,పరిష్కరించడానికి సమస్య మాత్రమే రెండు విధాలుగా ఉంటుంది
రక్తంలో చక్కెర మరియు కొలెస్ట్రాల్ స్థాయిలను నియంత్రిస్తుంది,0.0,రక్లంలో చక్కెర మరియు కొలెస్ట్రాల్ స్థాయిలను నియంత్రిస్లుంది,0.0,రక్లంలో చక్కెర మరియు కొలెస్ట్రాల్ స్థాయిలను నియంత్రిస్లుంది,0.0,రక్లంలో చక్కెర మరియు కొలెస్ట్రాల్ స్థాయిలను నియంత్రిస్లుంది,0.0,రక్లంలో చక్కెర మరియు కొలెస్ట్రాల్ స్థాయిలను నియంత్రిస్లుంది
ఇందులో కంగనా రనౌత్ ప్రధాన పాత్రలో నటిస్తున్నది,0.0,ఇందులో కంగనా రనౌత్ ప్రధాన పాత్రలో నటిస్లున్పది,0.0,ఇందులో కంగనా రనౌత్ ప్రధాన పాత్రలో నటిస్లున్వది,0.0,ఇందులో కంగనా రనౌత్ ప్రధాన పాత్రలో నటిస్లున్వది,0.0,ఇందులో కంగనా రనౌత్ ప్రధాన పాత్రలో నటిస్లున్వది
అయితే వారి సహనానికి గొప్ప ప్రతిఫలం లభిస్తోంది,0.0,అయితే వారి సహనానికి గొప్య ప్రతిఫలం లభిస్లోంది,0.0,అయితే వారి సహనానికి గొప్న ప్రతిఫలం లభిస్లోంది,0.0,అయితే వారి సహనానికి గొప్య ప్రతిఫలం లభిస్లోంది,0.0,అయితే వారి సహనానికి గొప్య ప్రతిఫలం లభిస్లోంది
వీటిలో భారత్ ఒక మ్యాచ్ విజయం సాధించగా మరో మ్యాచ్ టైగా ముగిసింది,0.0,వీటిలో భారత్ ఒక మ్యాచ్ విజయం సాధించగా మరో మ్యాచ్ టైగా ముగిసింది,0.0,వీటిలో భారత్ ఒక మ్యాచ్ విజయం సాధించగా మరో మ్యాచ్ టైగా ముగిసింది,0.0,వీటిలో భారత్ ఒక మ్యాచ్ విజయం సాధించగా మరో మ్యాచ్ టైగా ముగిసింది,0.0,వీటిలో భారత్ ఒక మ్యాచ్ విజయం సాధించగా మరో మ్యాచ్ టైగా ముగిసింది
ఒళ్లు కొవ్వెక్కిందా వాళ్లకి,0.0,ఒళ్తు కొవ్నెక్కిందా వాళ్ధకి,0.0,ఒళ్తు కొవ్పెక్కిందా వాళ్తకి,0.0,ఒళ్తు కొవ్సెక్కిందా వాళ్గకి,0.0,ఒళ్ధు కొవ్నెక్కిందా వాళ్తకి
ఎక్కడికి వెళ్తున్నాం,0.0,ఎక్కడికి వెళ్లున్పాం,0.0,ఎక్కడికి వెళ్లున్పాం,0.0,ఎక్కడికి వెళ్లున్పాం,0.0,ఎక్కడికి వెళ్లున్వాం
పాత స్నేహితుడిని కలిసే అవకాశముంది,0.0,పాత స్వేహితుడిని కలిసే అవకాశముంది,0.0,పాత స్వేహితుడిని కలిసే అవకాశముంది,0.0,పాత స్పేహితుడిని కలిసే అవకాశముంది,0.0,పాత స్వేహితుడిని కలిసే అవకాశముంది
ఈ సినిమా ఎప్పుడొచ్చినా కచ్చితంగా హిట్ అవుతుంది,0.0,ఈ సినిమా ఎప్యుడొచ్వినా కచ్సితంగా హిట్ అవుతుంది,0.0,ఈ సినిమా ఎప్నుడొచ్వినా కచ్సితంగా హిట్ అవుతుంది,0.0,ఈ సినిమా ఎప్సుడొచ్సినా కచ్వితంగా హిట్ అవుతుంది,0.0,ఈ సినిమా ఎప్వుడొచ్సినా కచ్వితంగా హిట్ అవుతుంది
వేల నగదు ఎత్తుకెళ్లారు,0.0,వేల నగదు ఎత్లుకెళ్గారు,0.0,వేల నగదు ఎత్లుకెళ్తారు,0.0,వేల నగదు ఎత్లుకెళ్ధారు,0.0,వేల నగదు ఎత్లుకెళ్గారు
కోట్లాదిమంది పూర్తిగా అయోమయంలో ఉన్నారంటే అందులో ఆశ్చర్యం లేదు,0.0,కోట్గాదిమంది పూర్లిగా అయోమయంలో ఉన్వారంటే అందులో ఆశ్వర్యం లేదు,0.0,కోట్తాదిమంది పూర్లిగా అయోమయంలో ఉన్వారంటే అందులో ఆశ్సర్యం లేదు,0.0,కోట్తాదిమంది పూర్లిగా అయోమయంలో ఉన్వారంటే అందులో ఆశ్సర్యం లేదు,0.0,కోట్ధాదిమంది పూర్లిగా అయోమయంలో ఉన్వారంటే అందులో ఆశ్సర్యం లేదు
కానీ వారు మాత్రం ఇతడి వద్దకు వస్తున్నారు,0.0,కానీ వారు మాత్రం ఇతడి వద్ కు వస్లున్పారు,0.0,కానీ వారు మాత్రం ఇతడి వద్ కు వస్లున్వారు,0.0,కానీ వారు మాత్రం ఇతడి వద్ కు వస్లున్వారు,0.0,కానీ వారు మాత్రం ఇతడి వద్డకు వస్లున్వారు
కాంగ్రెస్ పార్టీ పైన మండిపడ్డారు,0.0,కాంగ్రెస్ పార్టీ పైన మండిపడ్దారు,0.0,కాంగ్రెస్ పార్టీ పైన మండిపడ్ధారు,0.0,కాంగ్రెస్ పార్టీ పైన మండిపడ్దారు,0.0,కాంగ్రెస్ పార్టీ పైన మండిపడ్దారు
మీరు తెలుసు ఈ కత్తి ఉద్దేశించిన ఎప్పుడూ కోపాన్ని సమస్యలు ఎవరైనా కోసం,0.0,మీరు తెలుసు ఈ కత్లి ఉద్డేశించిన ఎప్వుడూ కోపాన్పి సమస్యలు ఎవరైనా కోసం,0.0,మీరు తెలుసు ఈ కత్లి ఉద్ ేశించిన ఎప్సుడూ కోపాన్వి సమస్యలు ఎవరైనా కోసం,0.0,మీరు తెలుసు ఈ కత్లి ఉద్ ేశించిన ఎప్నుడూ కోపాన్వి సమస్యలు ఎవరైనా కోసం,0.0,మీరు తెలుసు ఈ కత్లి ఉద్ధేశించిన ఎప్నుడూ కోపాన్వి సమస్యలు ఎవరైనా కోసం
మీరు ఏమి చేస్తారు మరియు మీరు చెప్పేది ఏమి చేస్తున్నారో చెబుతున్నారు,0.0,మీరు ఏమి చేస్లారు మరియు మీరు చెప్వేది ఏమి చేస్లున్పారో చెబుతున్వారు,0.0,మీరు ఏమి చేస్లారు మరియు మీరు చెప్యేది ఏమి చేస్లున్పారో చెబుతున్పారు,0.0,మీరు ఏమి చేస్లారు మరియు మీరు చెప్యేది ఏమి చేస్లున్పారో చెబుతున్వారు,0.0,మీరు ఏమి చేస్లారు మరియు మీరు చెప్యేది ఏమి చేస్లున్వారో చెబుతున్వారు
కోట్ల పెట్టుబడులు రాబట్టాడు,0.0,కోట్త పెట్టుబడులు రాబట్టాడు,0.0,కోట్గ పెట్టుబడులు రాబట్టాడు,0.0,కోట్త పెట్టుబడులు రాబట్టాడు,0.0,కోట్గ పెట్టుబడులు రాబట్టాడు
వాటికి కృతజ్ఞత తెలియజేయాలి,0.0,వాటికి కృతజ్ఞత తెలియజేయాలి,0.0,వాటికి కృతజ్ఞత తెలియజేయాలి,0.0,వాటికి కృతజ్ఞత తెలియజేయాలి,0.0,వాటికి కృతజ్ఞత తెలియజేయాలి
ఆయనతో పాటు మరికొంత మంది మంత్రులుగా ప్రమాణం చేశారు,0.0,ఆయనతో పాటు మరికొంత మంది మంత్రులుగా ప్రమాణం చేశారు,0.0,ఆయనతో పాటు మరికొంత మంది మంత్రులుగా ప్రమాణం చేశారు,0.0,ఆయనతో పాటు మరికొంత మంది మంత్రులుగా ప్రమాణం చేశారు,0.0,ఆయనతో పాటు మరికొంత మంది మంత్రులుగా ప్రమాణం చేశారు
ఆర్టికల్ ఏ పోయింది,0.0,ఆర్టికల్ ఏ పోయింది,0.0,ఆర్టికల్ ఏ పోయింది,0.0,ఆర్టికల్ ఏ పోయింది,0.0,ఆర్టికల్ ఏ పోయింది
జిడ్డు ఫుడ్స్,0.0,జిడ్డు ఫుడ్వ్,0.0,జిడ్దు ఫుడ్న్,0.0,జిడ్ధు ఫుడ్ప్,0.0,జిడ్దు ఫుడ్చ్
స్తనాలు హుస్కీయిస్ లోతైన మరియు విస్తృత,0.0,స్తనాలు హుస్కీయిస్ లోతైన మరియు విస్లృత,0.0,స్తనాలు హుస్కీయిస్ లోతైన మరియు విస్లృత,0.0,స్తనాలు హుస్కీయిస్ లోతైన మరియు విస్లృత,0.0,స్తనాలు హుస్కీయిస్ లోతైన మరియు విస్లృత
ఇప్పటికే వందల సంఖ్యలో ప్రాణాలు పోగొట్టుకొన్నారు,0.0,ఇప్సటికే వందల సంఖ్యలో ప్రాణాలు పోగొట్టుకొన్పారు,0.0,ఇప్సటికే వందల సంఖ్యలో ప్రాణాలు పోగొట్టుకొన్వారు,0.0,ఇప్యటికే వందల సంఖ్యలో ప్రాణాలు పోగొట్టుకొన్పారు,0.0,ఇప్వటికే వందల సంఖ్యలో ప్రాణాలు పోగొట్టుకొన్పారు
అయితే ఇది పార్లమెంటులో ఇంకా ఆమోదం పొందాల్సి ఉంది,0.0,అయితే ఇది పార్గమెంటులో ఇంకా ఆమోదం పొందాల్ని ఉంది,0.0,అయితే ఇది పార్తమెంటులో ఇంకా ఆమోదం పొందాల్చి ఉంది,0.0,అయితే ఇది పార్ధమెంటులో ఇంకా ఆమోదం పొందాల్వి ఉంది,0.0,అయితే ఇది పార్తమెంటులో ఇంకా ఆమోదం పొందాల్ని ఉంది
చైనా మీడియా ఏం చెబుతోంది,0.0,చైనా మీడియా ఏం చెబుతోంది,0.0,చైనా మీడియా ఏం చెబుతోంది,0.0,చైనా మీడియా ఏం చెబుతోంది,0.0,చైనా మీడియా ఏం చెబుతోంది
మరిన్ని వివరాలు త్వరలోనే తెలియజేస్తాం,0.0,మరిన్వి వివరాలు త్చరలోనే తెలియజేస్లాం,0.0,మరిన్వి వివరాలు త్యరలోనే తెలియజేస్లాం,0.0,మరిన్పి వివరాలు త్నరలోనే తెలియజేస్లాం,0.0,మరిన్పి వివరాలు త్చరలోనే తెలియజేస్లాం
ప్రపంచీకరణతో పెనుమార్పులు,0.0,ప్రపంచీకరణతో పెనుమార్యులు,0.0,ప్రపంచీకరణతో పెనుమార్నులు,0.0,ప్రపంచీకరణతో పెనుమార్నులు,0.0,ప్రపంచీకరణతో పెనుమార్వులు
మైనర్ భార్యతో సెక్స్ అత్యాచారమే ఆ మినహాయింపు రద్దు సుప్రీం కోర్టు,0.0,మైనర్ భార్యతో సెక్న్ అత్యాచారమే ఆ మినహాయింపు రద్డు సుప్రీం కోర్టు,0.0,మైనర్ భార్యతో సెక్చ్ అత్యాచారమే ఆ మినహాయింపు రద్ధు సుప్రీం కోర్టు,0.0,మైనర్ భార్యతో సెక్ప్ అత్యాచారమే ఆ మినహాయింపు రద్డు సుప్రీం కోర్టు,0.0,మైనర్ భార్యతో సెక్న్ అత్యాచారమే ఆ మినహాయింపు రద్డు సుప్రీం కోర్టు
అక్కడ నుంచే కెరీర్ మొదలైంది,0.0,అక్కడ నుంచే కెరీర్ మొదలైంది,0.0,అక్కడ నుంచే కెరీర్ మొదలైంది,0.0,అక్కడ నుంచే కెరీర్ మొదలైంది,0.0,అక్కడ నుంచే కెరీర్ మొదలైంది
కానీ ఈ సారి విజయానికో విశేషం ఉంది,0.0,కానీ ఈ సారి విజయానికో విశేషం ఉంది,0.0,కానీ ఈ సారి విజయానికో విశేషం ఉంది,0.0,కానీ ఈ సారి విజయానికో విశేషం ఉంది,0.0,కానీ ఈ సారి విజయానికో విశేషం ఉంది
ఆటానమస్ డ్రైవింగ్ టెక్నాలజీ అత్యాధునిక ఫీచర్లు మరియు సేఫ్టీ టెక్నాలజీ వంటివి ఇందులో ప్రత్యేకం,0.0,ఆటానమస్ డ్రైవింగ్ టెక్పాలజీ అత్యాధునిక ఫీచర్గు మరియు సేఫ్టీ టెక్పాలజీ వంటివి ఇందులో ప్రత్యేకం,0.0,ఆటానమస్ డ్రైవింగ్ టెక్పాలజీ అత్యాధునిక ఫీచర్ధు మరియు సేఫ్టీ టెక్పాలజీ వంటివి ఇందులో ప్రత్యేకం,0.0,ఆటానమస్ డ్రైవింగ్ టెక్వాలజీ అత్యాధునిక ఫీచర్ధు మరియు సేఫ్టీ టెక్వాలజీ వంటివి ఇందులో ప్రత్యేకం,0.0,ఆటానమస్ డ్రైవింగ్ టెక్వాలజీ అత్యాధునిక ఫీచర్ధు మరియు సేఫ్టీ టెక్పాలజీ వంటివి ఇందులో ప్రత్యేకం
అయినప్పటికీ శోధన కొనసాగింది,0.0,అయినప్సటికీ శోధన కొనసాగింది,0.0,అయినప్సటికీ శోధన కొనసాగింది,0.0,అయినప్నటికీ శోధన కొనసాగింది,0.0,అయినప్వటికీ శోధన కొనసాగింది
ఎందుకు చేశారు అని ప్రశ్నించారు,0.0,ఎందుకు చేశారు అని ప్రశ్పించారు,0.0,ఎందుకు చేశారు అని ప్రశ్వించారు,0.0,ఎందుకు చేశారు అని ప్రశ్వించారు,0.0,ఎందుకు చేశారు అని ప్రశ్వించారు
అందమైన లవ్ స్టోరీ,0.0,అందమైన లవ్ స్టోరీ,0.0,అందమైన లవ్ స్టోరీ,0.0,అందమైన లవ్ స్టోరీ,0.0,అందమైన లవ్ స్టోరీ
ఇందులో విజయ్ సీఎం పాత్రలో కనిపించనున్నాడు,0.0,ఇందులో విజయ్ సీఎం పాత్రలో కనిపించనున్పాడు,0.0,ఇందులో విజయ్ సీఎం పాత్రలో కనిపించనున్పాడు,0.0,ఇందులో విజయ్ సీఎం పాత్రలో కనిపించనున్వాడు,0.0,ఇందులో విజయ్ సీఎం పాత్రలో కనిపించనున్పాడు
సినిమా కూడా కమర్షియల్గా పెద్ద సక్సెస్ అయ్యేలాగూ ఉంది,0.0,సినిమా కూడా కమర్షియల్ధా పెద్  సక్చెస్ అయ్యేలాగూ ఉంది,0.0,సినిమా కూడా కమర్షియల్లా పెద్  సక్వెస్ అయ్యేలాగూ ఉంది,0.0,సినిమా కూడా కమర్షియల్ఠా పెద్ధ సక్నెస్ అయ్యేలాగూ ఉంది,0.0,సినిమా కూడా కమర్షియల్లా పెద్ధ సక్చెస్ అయ్యేలాగూ ఉంది
నేను ఇక్కడే ఫుట్ బాల్ ఆడుతూ పెరిగాను,0.0,నేను ఇక్కడే ఫుట్ బాల్ ఆడుతూ పెరిగాను,0.0,నేను ఇక్కడే ఫుట్ బాల్ ఆడుతూ పెరిగాను,0.0,నేను ఇక్కడే ఫుట్ బాల్ ఆడుతూ పెరిగాను,0.0,నేను ఇక్కడే ఫుట్ బాల్ ఆడుతూ పెరిగాను
ఇంటి నుండి దూరంగా ఉండటం,0.0,ఇంటి నుండి దూరంగా ఉండటం,0.0,ఇంటి నుండి దూరంగా ఉండటం,0.0,ఇంటి నుండి దూరంగా ఉండటం,0.0,ఇంటి నుండి దూరంగా ఉండటం
ఫస్ట్లుక్లోనే అదరగొట్టిన సైఫ్ అలీ ఖాన్ కూతురు,0.0,ఫస్ట్తుక్ధోనే అదరగొట్టిన సైఫ్ అలీ ఖాన్ కూతురు,0.0,ఫస్ట్గుక్తోనే అదరగొట్టిన సైఫ్ అలీ ఖాన్ కూతురు,0.0,ఫస్ట్తుక్గోనే అదరగొట్టిన సైఫ్ అలీ ఖాన్ కూతురు,0.0,ఫస్ట్తుక్గోనే అదరగొట్టిన సైఫ్ అలీ ఖాన్ కూతురు
ఈ హీరో ఆసక్తికరమైన చరిత్ర,0.0,ఈ హీరో ఆసక్లికరమైన చరిత్ర,0.0,ఈ హీరో ఆసక్లికరమైన చరిత్ర,0.0,ఈ హీరో ఆసక్లికరమైన చరిత్ర,0.0,ఈ హీరో ఆసక్లికరమైన చరిత్ర
దేశం నుండి తరిమేస్తారా,0.0,దేశం నుండి తరిమేస్లారా,0.0,దేశం నుండి తరిమేస్లారా,0.0,దేశం నుండి తరిమేస్లారా,0.0,దేశం నుండి తరిమేస్లారా
అసలు ప్రీతీ ఏమైంది,0.0,అసలు ప్రీతీ ఏమైంది,0.0,అసలు ప్రీతీ ఏమైంది,0.0,అసలు ప్రీతీ ఏమైంది,0.0,అసలు ప్రీతీ ఏమైంది
ఈ ఘటనకు బాధ్యులైన అధికారులపై చర్యలు తీసుకోవాలని వారు కోరుతున్నారు,0.0,ఈ ఘటనకు బాధ్యులైన అధికారులపై చర్యలు తీసుకోవాలని వారు కోరుతున్వారు,0.0,ఈ ఘటనకు బాధ్యులైన అధికారులపై చర్యలు తీసుకోవాలని వారు కోరుతున్పారు,0.0,ఈ ఘటనకు బాధ్యులైన అధికారులపై చర్యలు తీసుకోవాలని వారు కోరుతున్వారు,0.0,ఈ ఘటనకు బాధ్యులైన అధికారులపై చర్యలు తీసుకోవాలని వారు కోరుతున్వారు
అలాంటి వారు ఒక విషయం గుర్తుపెట్టుకోవాలి,0.0,అలాంటి వారు ఒక విషయం గుర్లుపెట్టుకోవాలి,0.0,అలాంటి వారు ఒక విషయం గుర్లుపెట్టుకోవాలి,0.0,అలాంటి వారు ఒక విషయం గుర్లుపెట్టుకోవాలి,0.0,అలాంటి వారు ఒక విషయం గుర్లుపెట్టుకోవాలి
ఈ కెమెరాలు నేరుగా పోలీస్ కంట్రోల్ రూమ్ కి అనుసంధానం చేయించారట,0.0,ఈ కెమెరాలు నేరుగా పోలీస్ కంట్రోల్ రూమ్ కి అనుసంధానం చేయించారట,0.0,ఈ కెమెరాలు నేరుగా పోలీస్ కంట్రోల్ రూమ్ కి అనుసంధానం చేయించారట,0.0,ఈ కెమెరాలు నేరుగా పోలీస్ కంట్రోల్ రూమ్ కి అనుసంధానం చేయించారట,0.0,ఈ కెమెరాలు నేరుగా పోలీస్ కంట్రోల్ రూమ్ కి అనుసంధానం చేయించారట
కొత్త ఫైలు రకమును జతచేయుటకు యిక్కడ నొక్కుము,0.0,కొత్ల ఫైలు రకమును జతచేయుటకు యిక్కడ నొక్కుము,0.0,కొత్ల ఫైలు రకమును జతచేయుటకు యిక్కడ నొక్కుము,0.0,కొత్ల ఫైలు రకమును జతచేయుటకు యిక్కడ నొక్కుము,0.0,కొత్ల ఫైలు రకమును జతచేయుటకు యిక్కడ నొక్కుము
దానికి తగ్గ కేటాయింపులు జరపలేదు,0.0,దానికి తగ్ల కేటాయింపులు జరపలేదు,0.0,దానికి తగ్ధ కేటాయింపులు జరపలేదు,0.0,దానికి తగ్ఠ కేటాయింపులు జరపలేదు,0.0,దానికి తగ్ధ కేటాయింపులు జరపలేదు
తనకు రాజకీయాలతో ఎలాంటి పనిలేదని చెప్పుకొచ్చారు,0.0,తనకు రాజకీయాలతో ఎలాంటి పనిలేదని చెప్సుకొచ్వారు,0.0,తనకు రాజకీయాలతో ఎలాంటి పనిలేదని చెప్సుకొచ్వారు,0.0,తనకు రాజకీయాలతో ఎలాంటి పనిలేదని చెప్సుకొచ్సారు,0.0,తనకు రాజకీయాలతో ఎలాంటి పనిలేదని చెప్సుకొచ్వారు
ఇంటి సభ్యుల ఘన స్వాగతం పలికారు,0.0,ఇంటి సభ్యుల ఘన స్సాగతం పలికారు,0.0,ఇంటి సభ్యుల ఘన స్సాగతం పలికారు,0.0,ఇంటి సభ్యుల ఘన స్సాగతం పలికారు,0.0,ఇంటి సభ్యుల ఘన స్చాగతం పలికారు
యునైటెడ్ స్టేట్స్ కు ప్రయాణం,0.0,యునైటెడ్ స్టేట్న్ కు ప్రయాణం,0.0,యునైటెడ్ స్టేట్ప్ కు ప్రయాణం,0.0,యునైటెడ్ స్టేట్ప్ కు ప్రయాణం,0.0,యునైటెడ్ స్టేట్వ్ కు ప్రయాణం
ఈ సంఘటన పశ్చిమగోదావరి జిల్లా తాడేపల్లిగూడెంలో చోటుచేసుకుంది,0.0,ఈ సంఘటన పశ్విమగోదావరి జిల్ధా తాడేపల్తిగూడెంలో చోటుచేసుకుంది,0.0,ఈ సంఘటన పశ్సిమగోదావరి జిల్ధా తాడేపల్గిగూడెంలో చోటుచేసుకుంది,0.0,ఈ సంఘటన పశ్విమగోదావరి జిల్ధా తాడేపల్ధిగూడెంలో చోటుచేసుకుంది,0.0,ఈ సంఘటన పశ్విమగోదావరి జిల్తా తాడేపల్ధిగూడెంలో చోటుచేసుకుంది
ఉత్తమ యానిమేటెడ్ ఫీచర్ చిత్రంగా టాయ్ స్టోరీ నిలిచింది,0.0,ఉత్లమ యానిమేటెడ్ ఫీచర్ చిత్రంగా టాయ్ స్టోరీ నిలిచింది,0.0,ఉత్లమ యానిమేటెడ్ ఫీచర్ చిత్రంగా టాయ్ స్టోరీ నిలిచింది,0.0,ఉత్లమ యానిమేటెడ్ ఫీచర్ చిత్రంగా టాయ్ స్టోరీ నిలిచింది,0.0,ఉత్లమ యానిమేటెడ్ ఫీచర్ చిత్రంగా టాయ్ స్టోరీ నిలిచింది
ఆశ నిలుపుకునేది ఎవరు,0.0,ఆశ నిలుపుకునేది ఎవరు,0.0,ఆశ నిలుపుకునేది ఎవరు,0.0,ఆశ నిలుపుకునేది ఎవరు,0.0,ఆశ నిలుపుకునేది ఎవరు
యెహోవా ఎవరిది,0.0,యెహోవా ఎవరిది,0.0,యెహోవా ఎవరిది,0.0,యెహోవా ఎవరిది,0.0,యెహోవా ఎవరిది
నిరుద్యోగులకు గుడ్ న్యూస్,0.0,నిరుద్యోగులకు గుడ్ న్యూస్,0.0,నిరుద్యోగులకు గుడ్ న్యూస్,0.0,నిరుద్యోగులకు గుడ్ న్యూస్,0.0,నిరుద్యోగులకు గుడ్ న్యూస్
ఉత్తరీ ఖాడీ,0.0,ఉత్లరీ ఖాడీ,0.0,ఉత్లరీ ఖాడీ,0.0,ఉత్లరీ ఖాడీ,0.0,ఉత్లరీ ఖాడీ
ోలీసులు ఆ కేసులను ఎత్తివేయాలని ఆమె డిమాండ్ చేశారు,0.0,ోలీసులు ఆ కేసులను ఎత్లివేయాలని ఆమె డిమాండ్ చేశారు,0.0,ోలీసులు ఆ కేసులను ఎత్లివేయాలని ఆమె డిమాండ్ చేశారు,0.0,ోలీసులు ఆ కేసులను ఎత్లివేయాలని ఆమె డిమాండ్ చేశారు,0.0,ోలీసులు ఆ కేసులను ఎత్లివేయాలని ఆమె డిమాండ్ చేశారు
డీమ్డ్ విశ్వవిద్యాలయాలు,0.0,డీమ్ధ్ విశ్పవిద్యాలయాలు,0.0,డీమ్ధ్ విశ్యవిద్యాలయాలు,0.0,డీమ్ధ్ విశ్యవిద్యాలయాలు,0.0,డీమ్ధ్ విశ్పవిద్యాలయాలు
ఇందుకు బోయింగ్ ఎన్జీ విమానాలను వినియోగించనున్నట్లు వివరించింది,0.0,ఇందుకు బోయింగ్ ఎన్జీ విమానాలను వినియోగించనున్పట్తు వివరించింది,0.0,ఇందుకు బోయింగ్ ఎన్జీ విమానాలను వినియోగించనున్వట్గు వివరించింది,0.0,ఇందుకు బోయింగ్ ఎన్జీ విమానాలను వినియోగించనున్వట్గు వివరించింది,0.0,ఇందుకు బోయింగ్ ఎన్జీ విమానాలను వినియోగించనున్వట్గు వివరించింది
ఆ తరువాత కోల్ కతాలో జరిగిన రెండో టెస్టులో ఆసీస్ ను భారత్ పరుగుల తేడాతో ఓడించింది,0.0,ఆ తరువాత కోల్ కతాలో జరిగిన రెండో టెస్టులో ఆసీస్ ను భారత్ పరుగుల తేడాతో ఓడించింది,0.0,ఆ తరువాత కోల్ కతాలో జరిగిన రెండో టెస్టులో ఆసీస్ ను భారత్ పరుగుల తేడాతో ఓడించింది,0.0,ఆ తరువాత కోల్ కతాలో జరిగిన రెండో టెస్టులో ఆసీస్ ను భారత్ పరుగుల తేడాతో ఓడించింది,0.0,ఆ తరువాత కోల్ కతాలో జరిగిన రెండో టెస్టులో ఆసీస్ ను భారత్ పరుగుల తేడాతో ఓడించింది
త్వరలోనే ఈ సినిమాని పట్టాలెక్కించనున్నారు,0.0,త్వరలోనే ఈ సినిమాని పట్టాలెక్కించనున్పారు,0.0,త్వరలోనే ఈ సినిమాని పట్టాలెక్కించనున్పారు,0.0,త్వరలోనే ఈ సినిమాని పట్టాలెక్కించనున్వారు,0.0,త్వరలోనే ఈ సినిమాని పట్టాలెక్కించనున్వారు
సంజయ్ దత్ పూజా భట్ జంటగా నటించిన ఈ చిత్రాన్ని పూజా తండ్రి మహేష్ భట్ నిర్మించారు,0.0,సంజయ్ దత్ పూజా భట్ జంటగా నటించిన ఈ చిత్రాన్పి పూజా తండ్రి మహేష్ భట్ నిర్శించారు,0.0,సంజయ్ దత్ పూజా భట్ జంటగా నటించిన ఈ చిత్రాన్వి పూజా తండ్రి మహేష్ భట్ నిర్శించారు,0.0,సంజయ్ దత్ పూజా భట్ జంటగా నటించిన ఈ చిత్రాన్వి పూజా తండ్రి మహేష్ భట్ నిర్శించారు,0.0,సంజయ్ దత్ పూజా భట్ జంటగా నటించిన ఈ చిత్రాన్పి పూజా తండ్రి మహేష్ భట్ నిర్శించారు
మేము వేకా కుటుంబంతో బైబిలు అధ్యయనం చేస్తున్నాం వారు నలుగురు చిన్నపిల్లలున్న ఒక యువజంట,0.0,మేము వేకా కుటుంబంతో బైబిలు అధ్యయనం చేస్లున్పాం వారు నలుగురు చిన్పపిల్ధలున్ప ఒక యువజంట,0.0,మేము వేకా కుటుంబంతో బైబిలు అధ్యయనం చేస్లున్పాం వారు నలుగురు చిన్వపిల్గలున్వ ఒక యువజంట,0.0,మేము వేకా కుటుంబంతో బైబిలు అధ్యయనం చేస్లున్పాం వారు నలుగురు చిన్వపిల్తలున్వ ఒక యువజంట,0.0,మేము వేకా కుటుంబంతో బైబిలు అధ్యయనం చేస్లున్వాం వారు నలుగురు చిన్వపిల్ధలున్ప ఒక యువజంట
ఇవి రతి క్రీడ సమయంలో యోనిలో రాపిడిని తగ్గిస్తాయి,0.0,ఇవి రతి క్రీడ సమయంలో యోనిలో రాపిడిని తగ్ఠిస్లాయి,0.0,ఇవి రతి క్రీడ సమయంలో యోనిలో రాపిడిని తగ్ఠిస్లాయి,0.0,ఇవి రతి క్రీడ సమయంలో యోనిలో రాపిడిని తగ్లిస్లాయి,0.0,ఇవి రతి క్రీడ సమయంలో యోనిలో రాపిడిని తగ్ఠిస్లాయి
అన్ని విషయాల్లోనూ పురుషులకు దీటుగా మహిళలకు సమానత్వం దక్కాలని ఆరాటపడేవారు,0.0,అన్పి విషయాల్తోనూ పురుషులకు దీటుగా మహిళలకు సమానత్నం దక్కాలని ఆరాటపడేవారు,0.0,అన్పి విషయాల్ధోనూ పురుషులకు దీటుగా మహిళలకు సమానత్చం దక్కాలని ఆరాటపడేవారు,0.0,అన్వి విషయాల్ధోనూ పురుషులకు దీటుగా మహిళలకు సమానత్చం దక్కాలని ఆరాటపడేవారు,0.0,అన్పి విషయాల్తోనూ పురుషులకు దీటుగా మహిళలకు సమానత్చం దక్కాలని ఆరాటపడేవారు
ఇదే అంశంపై ఇవాళ తాము ప్రధానమంత్రి నరేంద్ర మోడీని కూడా కలుస్తామని చెప్పారు,0.0,ఇదే అంశంపై ఇవాళ తాము ప్రధానమంత్రి నరేంద్ర మోడీని కూడా కలుస్లామని చెప్వారు,0.0,ఇదే అంశంపై ఇవాళ తాము ప్రధానమంత్రి నరేంద్ర మోడీని కూడా కలుస్లామని చెప్వారు,0.0,ఇదే అంశంపై ఇవాళ తాము ప్రధానమంత్రి నరేంద్ర మోడీని కూడా కలుస్లామని చెప్సారు,0.0,ఇదే అంశంపై ఇవాళ తాము ప్రధానమంత్రి నరేంద్ర మోడీని కూడా కలుస్లామని చెప్నారు
పోలీసులు కేసు నమోదు చేసి అరెస్టు చేశారు,0.0,పోలీసులు కేసు నమోదు చేసి అరెస్టు చేశారు,0.0,పోలీసులు కేసు నమోదు చేసి అరెస్టు చేశారు,0.0,పోలీసులు కేసు నమోదు చేసి అరెస్టు చేశారు,0.0,పోలీసులు కేసు నమోదు చేసి అరెస్టు చేశారు
ఈ చిత్రాన్ని దిల్ రాజు నిర్మించే అవకాశాలున్నాయి,0.0,ఈ చిత్రాన్వి దిల్ రాజు నిర్శించే అవకాశాలున్పాయి,0.0,ఈ చిత్రాన్వి దిల్ రాజు నిర్శించే అవకాశాలున్పాయి,0.0,ఈ చిత్రాన్వి దిల్ రాజు నిర్శించే అవకాశాలున్వాయి,0.0,ఈ చిత్రాన్వి దిల్ రాజు నిర్శించే అవకాశాలున్పాయి
సమాధానం వగలు,0.0,సమాధానం వగలు,0.0,సమాధానం వగలు,0.0,సమాధానం వగలు,0.0,సమాధానం వగలు
పండ్లు కూరగాయలు ఎక్కువగా తినాలి,0.0,పండ్తు కూరగాయలు ఎక్కువగా తినాలి,0.0,పండ్ధు కూరగాయలు ఎక్కువగా తినాలి,0.0,పండ్గు కూరగాయలు ఎక్కువగా తినాలి,0.0,పండ్ధు కూరగాయలు ఎక్కువగా తినాలి
యడియూరప్ప ఆ రాష్ట్ర ఆరోగ్య శాఖా మంత్రి బళ్లారి శ్రీరాములు తెలిపారు,0.0,యడియూరప్న ఆ రాష్ట్ర ఆరోగ్య శాఖా మంత్రి బళ్తారి శ్రీరాములు తెలిపారు,0.0,యడియూరప్న ఆ రాష్ట్ర ఆరోగ్య శాఖా మంత్రి బళ్ధారి శ్రీరాములు తెలిపారు,0.0,యడియూరప్న ఆ రాష్ట్ర ఆరోగ్య శాఖా మంత్రి బళ్ధారి శ్రీరాములు తెలిపారు,0.0,యడియూరప్య ఆ రాష్ట్ర ఆరోగ్య శాఖా మంత్రి బళ్తారి శ్రీరాములు తెలిపారు
నగరాలలోని నృత్యరీతులలో నాజూకైన అడుగులు టర్న్స్ మీద అధికంగా దృష్టి కేంద్రీకరించబడుతుంది,0.0,నగరాలలోని నృత్యరీతులలో నాజూకైన అడుగులు టర్వ్చ్ మీద అధికంగా దృష్టి కేంద్రీకరించబడుతుంది,0.0,నగరాలలోని నృత్యరీతులలో నాజూకైన అడుగులు టర్ప్న్ మీద అధికంగా దృష్టి కేంద్రీకరించబడుతుంది,0.0,నగరాలలోని నృత్యరీతులలో నాజూకైన అడుగులు టర్ప్వ్ మీద అధికంగా దృష్టి కేంద్రీకరించబడుతుంది,0.0,నగరాలలోని నృత్యరీతులలో నాజూకైన అడుగులు టర్ప్వ్ మీద అధికంగా దృష్టి కేంద్రీకరించబడుతుంది
ఇరువర్గాల దాడిలో ముగ్గురికి గాయాలయ్యాయి,0.0,ఇరువర్ఠాల దాడిలో ముగ్లురికి గాయాలయ్యాయి,0.0,ఇరువర్లాల దాడిలో ముగ్లురికి గాయాలయ్యాయి,0.0,ఇరువర్ధాల దాడిలో ముగ్ఠురికి గాయాలయ్యాయి,0.0,ఇరువర్ధాల దాడిలో ముగ్ధురికి గాయాలయ్యాయి
మొదట మహాత్మా గాంధీ విగ్రహానికి పూల మాలలు వేసి నివాళులర్పించారు,0.0,మొదట మహాత్శా గాంధీ విగ్రహానికి పూల మాలలు వేసి నివాళులర్వించారు,0.0,మొదట మహాత్శా గాంధీ విగ్రహానికి పూల మాలలు వేసి నివాళులర్సించారు,0.0,మొదట మహాత్శా గాంధీ విగ్రహానికి పూల మాలలు వేసి నివాళులర్వించారు,0.0,మొదట మహాత్శా గాంధీ విగ్రహానికి పూల మాలలు వేసి నివాళులర్వించారు
పోలీసులు బ్యాంక్కు చేరుకొని వివరాలు సేకరించారు,0.0,పోలీసులు బ్యాంక్కు చేరుకొని వివరాలు సేకరించారు,0.0,పోలీసులు బ్యాంక్కు చేరుకొని వివరాలు సేకరించారు,0.0,పోలీసులు బ్యాంక్కు చేరుకొని వివరాలు సేకరించారు,0.0,పోలీసులు బ్యాంక్కు చేరుకొని వివరాలు సేకరించారు
ఇప్పటికీ తనకు న్యాయం జరుగడం లేదని వాపోయింది,0.0,ఇప్సటికీ తనకు న్యాయం జరుగడం లేదని వాపోయింది,0.0,ఇప్యటికీ తనకు న్యాయం జరుగడం లేదని వాపోయింది,0.0,ఇప్సటికీ తనకు న్యాయం జరుగడం లేదని వాపోయింది,0.0,ఇప్యటికీ తనకు న్యాయం జరుగడం లేదని వాపోయింది
అది జరిగిన విషయం,0.0,అది జరిగిన విషయం,0.0,అది జరిగిన విషయం,0.0,అది జరిగిన విషయం,0.0,అది జరిగిన విషయం
ఈ నమూనా యొక్క ప్రయోజనాలు,0.0,ఈ నమూనా యొక్క ప్రయోజనాలు,0.0,ఈ నమూనా యొక్క ప్రయోజనాలు,0.0,ఈ నమూనా యొక్క ప్రయోజనాలు,0.0,ఈ నమూనా యొక్క ప్రయోజనాలు
ఒత్తయిన జుట్టుకోసం,0.0,ఒత్లయిన జుట్టుకోసం,0.0,ఒత్లయిన జుట్టుకోసం,0.0,ఒత్లయిన జుట్టుకోసం,0.0,ఒత్లయిన జుట్టుకోసం
దేశంలో వివిధ బ్యాంకులకు మొత్తం లక్షల శాఖలున్నాయి,0.0,దేశంలో వివిధ బ్యాంకులకు మొత్లం లక్షల శాఖలున్వాయి,0.0,దేశంలో వివిధ బ్యాంకులకు మొత్లం లక్షల శాఖలున్పాయి,0.0,దేశంలో వివిధ బ్యాంకులకు మొత్లం లక్షల శాఖలున్వాయి,0.0,దేశంలో వివిధ బ్యాంకులకు మొత్లం లక్షల శాఖలున్పాయి
ఈ ప్రచారంలో ప్రజలంతా పాల్గొనాల్సిందిగా విజ్ఞప్తి చేశారు,0.0,ఈ ప్రచారంలో ప్రజలంతా పాల్లొనాల్చిందిగా విజ్ఞప్లి చేశారు,0.0,ఈ ప్రచారంలో ప్రజలంతా పాల్ఠొనాల్చిందిగా విజ్ఞప్లి చేశారు,0.0,ఈ ప్రచారంలో ప్రజలంతా పాల్లొనాల్చిందిగా విజ్ఞప్లి చేశారు,0.0,ఈ ప్రచారంలో ప్రజలంతా పాల్లొనాల్విందిగా విజ్ఞప్లి చేశారు
అంటే ఒక కుటుంబం నుంచి మరిన్ని కుటుంబాలు ఉదయిస్తాయి,0.0,అంటే ఒక కుటుంబం నుంచి మరిన్వి కుటుంబాలు ఉదయిస్లాయి,0.0,అంటే ఒక కుటుంబం నుంచి మరిన్పి కుటుంబాలు ఉదయిస్లాయి,0.0,అంటే ఒక కుటుంబం నుంచి మరిన్వి కుటుంబాలు ఉదయిస్లాయి,0.0,అంటే ఒక కుటుంబం నుంచి మరిన్వి కుటుంబాలు ఉదయిస్లాయి
అంత నవ్వొచ్చే విషయమేమిటో,0.0,అంత నవ్యొచ్సే విషయమేమిటో,0.0,అంత నవ్యొచ్వే విషయమేమిటో,0.0,అంత నవ్చొచ్వే విషయమేమిటో,0.0,అంత నవ్పొచ్సే విషయమేమిటో
నం హెల్తీగా ఉండగలుగుతాం,0.0,నం హెల్లీగా ఉండగలుగుతాం,0.0,నం హెల్లీగా ఉండగలుగుతాం,0.0,నం హెల్లీగా ఉండగలుగుతాం,0.0,నం హెల్లీగా ఉండగలుగుతాం
విద్వేశపూరిత ఉపన్యాసాలు చేస్తున్నానని తనపై కేసులు పెట్టినా భయపడేది లేదని అన్నారు,0.0,విద్యేశపూరిత ఉపన్యాసాలు చేస్లున్వానని తనపై కేసులు పెట్టినా భయపడేది లేదని అన్వారు,0.0,విద్పేశపూరిత ఉపన్యాసాలు చేస్లున్వానని తనపై కేసులు పెట్టినా భయపడేది లేదని అన్పారు,0.0,విద్నేశపూరిత ఉపన్యాసాలు చేస్లున్వానని తనపై కేసులు పెట్టినా భయపడేది లేదని అన్పారు,0.0,విద్నేశపూరిత ఉపన్యాసాలు చేస్లున్పానని తనపై కేసులు పెట్టినా భయపడేది లేదని అన్పారు
ాను మరణిస్తాననే అంచనాకు వైద్యులు వచ్చారని చెప్పారు,0.0,ాను మరణిస్లాననే అంచనాకు వైద్యులు వచ్సారని చెప్యారు,0.0,ాను మరణిస్లాననే అంచనాకు వైద్యులు వచ్వారని చెప్వారు,0.0,ాను మరణిస్లాననే అంచనాకు వైద్యులు వచ్వారని చెప్సారు,0.0,ాను మరణిస్లాననే అంచనాకు వైద్యులు వచ్వారని చెప్యారు
వైఫల్యానికి కారణాలు చాలా చక్రం ఉన్నాయి,0.0,వైఫల్యానికి కారణాలు చాలా చక్రం ఉన్వాయి,0.0,వైఫల్యానికి కారణాలు చాలా చక్రం ఉన్వాయి,0.0,వైఫల్యానికి కారణాలు చాలా చక్రం ఉన్వాయి,0.0,వైఫల్యానికి కారణాలు చాలా చక్రం ఉన్పాయి
బౌన్సర్లను చక్కగా ఉపయోగించుకున్నాడు,0.0,బౌన్నర్ధను చక్కగా ఉపయోగించుకున్వాడు,0.0,బౌన్నర్తను చక్కగా ఉపయోగించుకున్వాడు,0.0,బౌన్వర్గను చక్కగా ఉపయోగించుకున్పాడు,0.0,బౌన్చర్గను చక్కగా ఉపయోగించుకున్వాడు
ఒక వ్యక్తి సమాధానాలను కోరుకుంటున్నారు ప్రశ్నలు ఉన్నాయి,0.0,ఒక వ్యక్లి సమాధానాలను కోరుకుంటున్వారు ప్రశ్పలు ఉన్పాయి,0.0,ఒక వ్యక్లి సమాధానాలను కోరుకుంటున్వారు ప్రశ్పలు ఉన్పాయి,0.0,ఒక వ్యక్లి సమాధానాలను కోరుకుంటున్పారు ప్రశ్వలు ఉన్పాయి,0.0,ఒక వ్యక్లి సమాధానాలను కోరుకుంటున్పారు ప్రశ్పలు ఉన్పాయి
అయినప్పటికీ అది కుదరలేదు,0.0,అయినప్యటికీ అది కుదరలేదు,0.0,అయినప్సటికీ అది కుదరలేదు,0.0,అయినప్యటికీ అది కుదరలేదు,0.0,అయినప్నటికీ అది కుదరలేదు
ఆ తర్వాత వసంత్రావ్ నాయక్ సీఎం అయ్యారు,0.0,ఆ తర్సాత వసంత్రావ్ నాయక్ సీఎం అయ్యారు,0.0,ఆ తర్పాత వసంత్రావ్ నాయక్ సీఎం అయ్యారు,0.0,ఆ తర్నాత వసంత్రావ్ నాయక్ సీఎం అయ్యారు,0.0,ఆ తర్చాత వసంత్రావ్ నాయక్ సీఎం అయ్యారు
ఇందిరా గాంధీ పర్సనల్ సెక్రెటరీగా ధావన్ పనిచేశారు,0.0,ఇందిరా గాంధీ పర్వనల్ సెక్రెటరీగా ధావన్ పనిచేశారు,0.0,ఇందిరా గాంధీ పర్పనల్ సెక్రెటరీగా ధావన్ పనిచేశారు,0.0,ఇందిరా గాంధీ పర్చనల్ సెక్రెటరీగా ధావన్ పనిచేశారు,0.0,ఇందిరా గాంధీ పర్పనల్ సెక్రెటరీగా ధావన్ పనిచేశారు
సాయి కార్తీక్ సంగీతం పరవాలేదు,0.0,సాయి కార్లీక్ సంగీతం పరవాలేదు,0.0,సాయి కార్లీక్ సంగీతం పరవాలేదు,0.0,సాయి కార్లీక్ సంగీతం పరవాలేదు,0.0,సాయి కార్లీక్ సంగీతం పరవాలేదు
ఆనకట్ట ఏమిటి,0.0,ఆనకట్ట ఏమిటి,0.0,ఆనకట్ట ఏమిటి,0.0,ఆనకట్ట ఏమిటి,0.0,ఆనకట్ట ఏమిటి
జైసల్మేర్ నుంచి బస్సుల ద్వారా యాత్రికులు ఖురీ గ్రామాన్ని చేరుకోవచ్చు,0.0,జైసల్శేర్ నుంచి బస్వుల ద్యారా యాత్రికులు ఖురీ గ్రామాన్పి చేరుకోవచ్సు,0.0,జైసల్శేర్ నుంచి బస్నుల ద్చారా యాత్రికులు ఖురీ గ్రామాన్వి చేరుకోవచ్వు,0.0,జైసల్శేర్ నుంచి బస్నుల ద్నారా యాత్రికులు ఖురీ గ్రామాన్పి చేరుకోవచ్సు,0.0,జైసల్శేర్ నుంచి బస్చుల ద్చారా యాత్రికులు ఖురీ గ్రామాన్వి చేరుకోవచ్సు
ఈ కార్యక్రమం ముగిసిన తర్వాత ప్రధాని నరేంద్ర మోదీ బ్రిక్స్ దేశాల శిఖరాగ్ర సదస్సులో పాల్గొనడానికి చైనాకు బయలుదేరి వెళతారు,0.0,ఈ కార్యక్రమం ముగిసిన తర్యాత ప్రధాని నరేంద్ర మోదీ బ్రిక్న్ దేశాల శిఖరాగ్ర సదస్వులో పాల్ఠొనడానికి చైనాకు బయలుదేరి వెళతారు,0.0,ఈ కార్యక్రమం ముగిసిన తర్యాత ప్రధాని నరేంద్ర మోదీ బ్రిక్న్ దేశాల శిఖరాగ్ర సదస్నులో పాల్ఠొనడానికి చైనాకు బయలుదేరి వెళతారు,0.0,ఈ కార్యక్రమం ముగిసిన తర్నాత ప్రధాని నరేంద్ర మోదీ బ్రిక్ప్ దేశాల శిఖరాగ్ర సదస్పులో పాల్ఠొనడానికి చైనాకు బయలుదేరి వెళతారు,0.0,ఈ కార్యక్రమం ముగిసిన తర్నాత ప్రధాని నరేంద్ర మోదీ బ్రిక్ప్ దేశాల శిఖరాగ్ర సదస్నులో పాల్ఠొనడానికి చైనాకు బయలుదేరి వెళతారు
అందుకే దానిని రద్దు చేయండి అని తాను వేసిన దావాలో పేర్కొంది,0.0,అందుకే దానిని రద్ ు చేయండి అని తాను వేసిన దావాలో పేర్కొంది,0.0,అందుకే దానిని రద్డు చేయండి అని తాను వేసిన దావాలో పేర్కొంది,0.0,అందుకే దానిని రద్ధు చేయండి అని తాను వేసిన దావాలో పేర్కొంది,0.0,అందుకే దానిని రద్ధు చేయండి అని తాను వేసిన దావాలో పేర్కొంది
దీనికి క్రికెట్ కూడా అతీతం కాదు,0.0,దీనికి క్రికెట్ కూడా అతీతం కాదు,0.0,దీనికి క్రికెట్ కూడా అతీతం కాదు,0.0,దీనికి క్రికెట్ కూడా అతీతం కాదు,0.0,దీనికి క్రికెట్ కూడా అతీతం కాదు
ఈ సినిమా పై నాకు అంత నమ్మకం ఉంది,0.0,ఈ సినిమా పై నాకు అంత నమ్శకం ఉంది,0.0,ఈ సినిమా పై నాకు అంత నమ్శకం ఉంది,0.0,ఈ సినిమా పై నాకు అంత నమ్శకం ఉంది,0.0,ఈ సినిమా పై నాకు అంత నమ్శకం ఉంది
చదువు తర్వాత వెంటనే ఒకప్పుడు ఓ ఎంఎన్సీలో ఉద్యోగం చేసేది,0.0,చదువు తర్చాత వెంటనే ఒకప్నుడు ఓ ఎంఎన్చీలో ఉద్యోగం చేసేది,0.0,చదువు తర్నాత వెంటనే ఒకప్యుడు ఓ ఎంఎన్వీలో ఉద్యోగం చేసేది,0.0,చదువు తర్నాత వెంటనే ఒకప్నుడు ఓ ఎంఎన్నీలో ఉద్యోగం చేసేది,0.0,చదువు తర్చాత వెంటనే ఒకప్యుడు ఓ ఎంఎన్పీలో ఉద్యోగం చేసేది
ధ్యానించవలసిన అంశాలు,0.0,ధ్యానించవలసిన అంశాలు,0.0,ధ్యానించవలసిన అంశాలు,0.0,ధ్యానించవలసిన అంశాలు,0.0,ధ్యానించవలసిన అంశాలు
డైరెక్టర్ మరియు ప్రభాస్ కి ఫ్రెండ్ అయినటువంటి సుజీత్ దర్శకత్వంలో తెరకెక్కుతున్న ఈ సినిమాలో యాక్షన్ పార్ట్ కి పెద్దపీట వేశారు,0.0,డైరెక్టర్ మరియు ప్రభాస్ కి ఫ్రెండ్ అయినటువంటి సుజీత్ దర్మకత్సంలో తెరకెక్కుతున్ప ఈ సినిమాలో యాక్షన్ పార్ట్ కి పెద్ పీట వేశారు,0.0,డైరెక్టర్ మరియు ప్రభాస్ కి ఫ్రెండ్ అయినటువంటి సుజీత్ దర్మకత్నంలో తెరకెక్కుతున్వ ఈ సినిమాలో యాక్షన్ పార్ట్ కి పెద్ధపీట వేశారు,0.0,డైరెక్టర్ మరియు ప్రభాస్ కి ఫ్రెండ్ అయినటువంటి సుజీత్ దర్మకత్సంలో తెరకెక్కుతున్ప ఈ సినిమాలో యాక్షన్ పార్ట్ కి పెద్ పీట వేశారు,0.0,డైరెక్టర్ మరియు ప్రభాస్ కి ఫ్రెండ్ అయినటువంటి సుజీత్ దర్మకత్యంలో తెరకెక్కుతున్వ ఈ సినిమాలో యాక్షన్ పార్ట్ కి పెద్ పీట వేశారు
ఎందుకు మీరు సంతోషంగా లేరు,0.0,ఎందుకు మీరు సంతోషంగా లేరు,0.0,ఎందుకు మీరు సంతోషంగా లేరు,0.0,ఎందుకు మీరు సంతోషంగా లేరు,0.0,ఎందుకు మీరు సంతోషంగా లేరు
ఈ ఘటనలో ఇద్దరు పైలట్లు సహా ఐదుగురు సిబ్బంది ఘటనా స్థలంలోనే దుర్మరణం చెందగా మరో మంది పౌరులు కూడా మృతిచెందారు,0.0,ఈ ఘటనలో ఇద్ రు పైలట్గు సహా ఐదుగురు సిబ్బంది ఘటనా స్థలంలోనే దుర్శరణం చెందగా మరో మంది పౌరులు కూడా మృతిచెందారు,0.0,ఈ ఘటనలో ఇద్ రు పైలట్ధు సహా ఐదుగురు సిబ్బంది ఘటనా స్థలంలోనే దుర్శరణం చెందగా మరో మంది పౌరులు కూడా మృతిచెందారు,0.0,ఈ ఘటనలో ఇద్ధరు పైలట్ధు సహా ఐదుగురు సిబ్బంది ఘటనా స్థలంలోనే దుర్శరణం చెందగా మరో మంది పౌరులు కూడా మృతిచెందారు,0.0,ఈ ఘటనలో ఇద్ రు పైలట్ధు సహా ఐదుగురు సిబ్బంది ఘటనా స్థలంలోనే దుర్శరణం చెందగా మరో మంది పౌరులు కూడా మృతిచెందారు
పనీర్ రసుగుల్లా తయారుచేయడానికి కావాల్సిన పదార్థాలు,0.0,పనీర్ రసుగుల్ధా తయారుచేయడానికి కావాల్చిన పదార్థాలు,0.0,పనీర్ రసుగుల్గా తయారుచేయడానికి కావాల్నిన పదార్థాలు,0.0,పనీర్ రసుగుల్గా తయారుచేయడానికి కావాల్పిన పదార్థాలు,0.0,పనీర్ రసుగుల్తా తయారుచేయడానికి కావాల్నిన పదార్థాలు
దండుపాళ్యం సిరీస్లో ఇప్పటి వరకు రెండు సిరీస్ లు వచ్చాయి,0.0,దండుపాళ్యం సిరీస్ధో ఇప్వటి వరకు రెండు సిరీస్ లు వచ్వాయి,0.0,దండుపాళ్యం సిరీస్ధో ఇప్సటి వరకు రెండు సిరీస్ లు వచ్సాయి,0.0,దండుపాళ్యం సిరీస్ధో ఇప్నటి వరకు రెండు సిరీస్ లు వచ్సాయి,0.0,దండుపాళ్యం సిరీస్ధో ఇప్నటి వరకు రెండు సిరీస్ లు వచ్సాయి
టీ పెరుగు,0.0,టీ పెరుగు,0.0,టీ పెరుగు,0.0,టీ పెరుగు,0.0,టీ పెరుగు
అరటి పల్ప్ గ్రా,0.0,అరటి పల్వ్ గ్రా,0.0,అరటి పల్వ్ గ్రా,0.0,అరటి పల్స్ గ్రా,0.0,అరటి పల్వ్ గ్రా
జీఎస్ఆర్టీసీ నుంచి ఈ ఆర్డర్కు సంబంధించిన ధ్రువీకరణ పత్రాలు చేతికి అందడం ఎంతో ఆనందాన్నిస్తున్నదని పేర్కొన్నారు,0.0,జీఎస్ఆర్టీసీ నుంచి ఈ ఆర్దర్కు సంబంధించిన ధ్రువీకరణ పత్రాలు చేతికి అందడం ఎంతో ఆనందాన్పిస్లున్పదని పేర్కొన్వారు,0.0,జీఎస్ఆర్టీసీ నుంచి ఈ ఆర్ధర్కు సంబంధించిన ధ్రువీకరణ పత్రాలు చేతికి అందడం ఎంతో ఆనందాన్పిస్లున్పదని పేర్కొన్వారు,0.0,జీఎస్ఆర్టీసీ నుంచి ఈ ఆర్ధర్కు సంబంధించిన ధ్రువీకరణ పత్రాలు చేతికి అందడం ఎంతో ఆనందాన్పిస్లున్వదని పేర్కొన్వారు,0.0,జీఎస్ఆర్టీసీ నుంచి ఈ ఆర్ధర్కు సంబంధించిన ధ్రువీకరణ పత్రాలు చేతికి అందడం ఎంతో ఆనందాన్విస్లున్వదని పేర్కొన్వారు
భార్య కేసు పెట్టిందని భర్త ఆత్మహత్య,0.0,భార్య కేసు పెట్టిందని భర్ల ఆత్శహత్య,0.0,భార్య కేసు పెట్టిందని భర్ల ఆత్శహత్య,0.0,భార్య కేసు పెట్టిందని భర్ల ఆత్శహత్య,0.0,భార్య కేసు పెట్టిందని భర్ల ఆత్శహత్య
అలాంటప్పుడు కల్పనాకథలను తిరస్కరించి సత్యాన్ని అంటిపెట్టుకొని మనం నేర్చుకొన్నవాటి ప్రకారం నడుచుకొందాం,0.0,అలాంటప్వుడు కల్వనాకథలను తిరస్కరించి సత్యాన్వి అంటిపెట్టుకొని మనం నేర్సుకొన్పవాటి ప్రకారం నడుచుకొందాం,0.0,అలాంటప్సుడు కల్యనాకథలను తిరస్కరించి సత్యాన్వి అంటిపెట్టుకొని మనం నేర్వుకొన్వవాటి ప్రకారం నడుచుకొందాం,0.0,అలాంటప్సుడు కల్యనాకథలను తిరస్కరించి సత్యాన్పి అంటిపెట్టుకొని మనం నేర్వుకొన్వవాటి ప్రకారం నడుచుకొందాం,0.0,అలాంటప్వుడు కల్ననాకథలను తిరస్కరించి సత్యాన్పి అంటిపెట్టుకొని మనం నేర్సుకొన్పవాటి ప్రకారం నడుచుకొందాం
నవ వధువు సూసైడ్,0.0,నవ వధువు సూసైడ్,0.0,నవ వధువు సూసైడ్,0.0,నవ వధువు సూసైడ్,0.0,నవ వధువు సూసైడ్
నేటి సాయంత్రంతో ఈ ఎన్నికల ప్రచారం ముగిసింది,0.0,నేటి సాయంత్రంతో ఈ ఎన్పికల ప్రచారం ముగిసింది,0.0,నేటి సాయంత్రంతో ఈ ఎన్వికల ప్రచారం ముగిసింది,0.0,నేటి సాయంత్రంతో ఈ ఎన్వికల ప్రచారం ముగిసింది,0.0,నేటి సాయంత్రంతో ఈ ఎన్వికల ప్రచారం ముగిసింది
లక్షల వరకు విత్ డ్రా చేశారు,0.0,లక్షల వరకు విత్ డ్రా చేశారు,0.0,లక్షల వరకు విత్ డ్రా చేశారు,0.0,లక్షల వరకు విత్ డ్రా చేశారు,0.0,లక్షల వరకు విత్ డ్రా చేశారు
కానీ వారి జాడేలేదు,0.0,కానీ వారి జాడేలేదు,0.0,కానీ వారి జాడేలేదు,0.0,కానీ వారి జాడేలేదు,0.0,కానీ వారి జాడేలేదు
ఆగిపోయిన పనులు పూర్తిచేసుకుంటారు,0.0,ఆగిపోయిన పనులు పూర్లిచేసుకుంటారు,0.0,ఆగిపోయిన పనులు పూర్లిచేసుకుంటారు,0.0,ఆగిపోయిన పనులు పూర్లిచేసుకుంటారు,0.0,ఆగిపోయిన పనులు పూర్లిచేసుకుంటారు
దాని తాలుకు ఫోటోలను క్రింది గ్యాలరీ ద్వారా వీక్షించగలరు,0.0,దాని తాలుకు ఫోటోలను క్రింది గ్యాలరీ ద్నారా వీక్షించగలరు,0.0,దాని తాలుకు ఫోటోలను క్రింది గ్యాలరీ ద్సారా వీక్షించగలరు,0.0,దాని తాలుకు ఫోటోలను క్రింది గ్యాలరీ ద్నారా వీక్షించగలరు,0.0,దాని తాలుకు ఫోటోలను క్రింది గ్యాలరీ ద్యారా వీక్షించగలరు
ప్రజలు ఇళ్లల్లోనే ఉండాల్సి ఉంటుంది,0.0,ప్రజలు ఇళ్తల్ధోనే ఉండాల్ని ఉంటుంది,0.0,ప్రజలు ఇళ్ధల్గోనే ఉండాల్ని ఉంటుంది,0.0,ప్రజలు ఇళ్ధల్ధోనే ఉండాల్చి ఉంటుంది,0.0,ప్రజలు ఇళ్గల్తోనే ఉండాల్చి ఉంటుంది
బెంగళూరు రాయల్ ఛాలెంజర్స్ బెంగళూరు కెప్టెన్ విరాట్ కోహ్లీ ఆరేంజ్ క్యాప్ గెలుచుకున్నాడు,0.0,బెంగళూరు రాయల్ ఛాలెంజర్చ్ బెంగళూరు కెప్టెన్ విరాట్ కోహ్ధీ ఆరేంజ్ క్యాప్ గెలుచుకున్పాడు,0.0,బెంగళూరు రాయల్ ఛాలెంజర్చ్ బెంగళూరు కెప్టెన్ విరాట్ కోహ్ధీ ఆరేంజ్ క్యాప్ గెలుచుకున్వాడు,0.0,బెంగళూరు రాయల్ ఛాలెంజర్చ్ బెంగళూరు కెప్టెన్ విరాట్ కోహ్తీ ఆరేంజ్ క్యాప్ గెలుచుకున్వాడు,0.0,బెంగళూరు రాయల్ ఛాలెంజర్న్ బెంగళూరు కెప్టెన్ విరాట్ కోహ్ధీ ఆరేంజ్ క్యాప్ గెలుచుకున్వాడు
ఇప్పటి వరకు ఆరుగురు అమెరికా అధ్యక్షులు భారత్లో అధికారికంగా పర్యటించారు,0.0,ఇప్వటి వరకు ఆరుగురు అమెరికా అధ్యక్షులు భారత్ధో అధికారికంగా పర్యటించారు,0.0,ఇప్వటి వరకు ఆరుగురు అమెరికా అధ్యక్షులు భారత్ధో అధికారికంగా పర్యటించారు,0.0,ఇప్వటి వరకు ఆరుగురు అమెరికా అధ్యక్షులు భారత్తో అధికారికంగా పర్యటించారు,0.0,ఇప్యటి వరకు ఆరుగురు అమెరికా అధ్యక్షులు భారత్తో అధికారికంగా పర్యటించారు
స్నేహితుల ద్వారా,0.0,స్నేహితుల ద్సారా,0.0,స్నేహితుల ద్సారా,0.0,స్నేహితుల ద్చారా,0.0,స్నేహితుల ద్చారా
అట్లు రాహేలు మృతిబొంది బేత్లెహేమను ఎఫ్రాతా మార్గమున పాతి పెట్టబడెను,0.0,అట్ధు రాహేలు మృతిబొంది బేత్తెహేమను ఎఫ్రాతా మార్ఠమున పాతి పెట్టబడెను,0.0,అట్తు రాహేలు మృతిబొంది బేత్గెహేమను ఎఫ్రాతా మార్ధమున పాతి పెట్టబడెను,0.0,అట్తు రాహేలు మృతిబొంది బేత్తెహేమను ఎఫ్రాతా మార్ఠమున పాతి పెట్టబడెను,0.0,అట్ధు రాహేలు మృతిబొంది బేత్తెహేమను ఎఫ్రాతా మార్లమున పాతి పెట్టబడెను
అన్నది వారి ప్రశ్న,0.0,అన్పది వారి ప్రశ్వ,0.0,అన్పది వారి ప్రశ్ప,0.0,అన్పది వారి ప్రశ్వ,0.0,అన్వది వారి ప్రశ్ప
తిరిగి సినిమాల్లోకి పవన్ కల్యాణ్,0.0,తిరిగి సినిమాల్ధోకి పవన్ కల్యాణ్,0.0,తిరిగి సినిమాల్గోకి పవన్ కల్యాణ్,0.0,తిరిగి సినిమాల్తోకి పవన్ కల్యాణ్,0.0,తిరిగి సినిమాల్గోకి పవన్ కల్యాణ్
చంద్రుడిపై తుప్పు,0.0,చంద్రుడిపై తుప్యు,0.0,చంద్రుడిపై తుప్వు,0.0,చంద్రుడిపై తుప్వు,0.0,చంద్రుడిపై తుప్ను
ఇందులో ఆమె అజయ్ దేవగణ్ భార్య పాత్రలో నటించారు,0.0,ఇందులో ఆమె అజయ్ దేవగణ్ భార్య పాత్రలో నటించారు,0.0,ఇందులో ఆమె అజయ్ దేవగణ్ భార్య పాత్రలో నటించారు,0.0,ఇందులో ఆమె అజయ్ దేవగణ్ భార్య పాత్రలో నటించారు,0.0,ఇందులో ఆమె అజయ్ దేవగణ్ భార్య పాత్రలో నటించారు
అని సందేహం కలిగింది,0.0,అని సందేహం కలిగింది,0.0,అని సందేహం కలిగింది,0.0,అని సందేహం కలిగింది,0.0,అని సందేహం కలిగింది
తొమ్మిదవ సంతోషం గురించి మాట్లాడడాన్ని ముగిస్తూ యేసు ఇలా అన్నాడు సంతోషించండి,0.0,తొమ్శిదవ సంతోషం గురించి మాట్ధాడడాన్వి ముగిస్లూ యేసు ఇలా అన్పాడు సంతోషించండి,0.0,తొమ్శిదవ సంతోషం గురించి మాట్ధాడడాన్పి ముగిస్లూ యేసు ఇలా అన్వాడు సంతోషించండి,0.0,తొమ్శిదవ సంతోషం గురించి మాట్ధాడడాన్వి ముగిస్లూ యేసు ఇలా అన్పాడు సంతోషించండి,0.0,తొమ్శిదవ సంతోషం గురించి మాట్ధాడడాన్పి ముగిస్లూ యేసు ఇలా అన్వాడు సంతోషించండి
గూగుల్ ప్లే స్టోర్,0.0,గూగుల్ ప్ధే స్టోర్,0.0,గూగుల్ ప్గే స్టోర్,0.0,గూగుల్ ప్గే స్టోర్,0.0,గూగుల్ ప్గే స్టోర్
పాకిస్థాన్ ప్రధాని ఇమ్రాన్ ఖాన్ అవగాహన రాహిత్యం విషయలేమి మరోసారి బయటపడింది,0.0,పాకిస్థాన్ ప్రధాని ఇమ్రాన్ ఖాన్ అవగాహన రాహిత్యం విషయలేమి మరోసారి బయటపడింది,0.0,పాకిస్థాన్ ప్రధాని ఇమ్రాన్ ఖాన్ అవగాహన రాహిత్యం విషయలేమి మరోసారి బయటపడింది,0.0,పాకిస్థాన్ ప్రధాని ఇమ్రాన్ ఖాన్ అవగాహన రాహిత్యం విషయలేమి మరోసారి బయటపడింది,0.0,పాకిస్థాన్ ప్రధాని ఇమ్రాన్ ఖాన్ అవగాహన రాహిత్యం విషయలేమి మరోసారి బయటపడింది
శ్యాం అలా వున్నారేం,0.0,శ్యాం అలా వున్వారేం,0.0,శ్యాం అలా వున్వారేం,0.0,శ్యాం అలా వున్వారేం,0.0,శ్యాం అలా వున్పారేం
ఆ తర్వాత సినిమాల్లోకి అడుగుపెట్టి పలు చిత్రాల్లో నటించారు,0.0,ఆ తర్పాత సినిమాల్ధోకి అడుగుపెట్టి పలు చిత్రాల్ధో నటించారు,0.0,ఆ తర్నాత సినిమాల్గోకి అడుగుపెట్టి పలు చిత్రాల్గో నటించారు,0.0,ఆ తర్చాత సినిమాల్ధోకి అడుగుపెట్టి పలు చిత్రాల్గో నటించారు,0.0,ఆ తర్నాత సినిమాల్తోకి అడుగుపెట్టి పలు చిత్రాల్ధో నటించారు
అదీ తమిళ రీమేక్,0.0,అదీ తమిళ రీమేక్,0.0,అదీ తమిళ రీమేక్,0.0,అదీ తమిళ రీమేక్,0.0,అదీ తమిళ రీమేక్
విష్ణువర్ధన్ దర్శకత్వంలో ఈ సినిమా వచ్చింది,0.0,విష్ణువర్దన్ దర్మకత్యంలో ఈ సినిమా వచ్వింది,0.0,విష్ణువర్డన్ దర్మకత్యంలో ఈ సినిమా వచ్సింది,0.0,విష్ణువర్డన్ దర్మకత్సంలో ఈ సినిమా వచ్వింది,0.0,విష్ణువర్గన్ దర్మకత్నంలో ఈ సినిమా వచ్సింది
ఏటా కోట్ల ఉద్యోగాలు కల్పిస్తామని నల్లధనాన్ని విదేశాల నుండి తెచ్చి పేదల ఖాతాలో రూ,0.0,ఏటా కోట్త ఉద్యోగాలు కల్సిస్లామని నల్ధధనాన్వి విదేశాల నుండి తెచ్వి పేదల ఖాతాలో రూ,0.0,ఏటా కోట్త ఉద్యోగాలు కల్యిస్లామని నల్గధనాన్వి విదేశాల నుండి తెచ్వి పేదల ఖాతాలో రూ,0.0,ఏటా కోట్త ఉద్యోగాలు కల్నిస్లామని నల్తధనాన్వి విదేశాల నుండి తెచ్వి పేదల ఖాతాలో రూ,0.0,ఏటా కోట్గ ఉద్యోగాలు కల్సిస్లామని నల్తధనాన్పి విదేశాల నుండి తెచ్వి పేదల ఖాతాలో రూ
ఆస్ట్రేలియన్ ఓపెన్లో సంచలనం,0.0,ఆస్ట్రేలియన్ ఓపెన్ధో సంచలనం,0.0,ఆస్ట్రేలియన్ ఓపెన్ధో సంచలనం,0.0,ఆస్ట్రేలియన్ ఓపెన్తో సంచలనం,0.0,ఆస్ట్రేలియన్ ఓపెన్ధో సంచలనం
ఎగ్జిక్యూటివ్ నిర్మాతగా,0.0,ఎగ్జిక్యూటివ్ నిర్శాతగా,0.0,ఎగ్జిక్యూటివ్ నిర్శాతగా,0.0,ఎగ్జిక్యూటివ్ నిర్శాతగా,0.0,ఎగ్జిక్యూటివ్ నిర్శాతగా
అన్న అనుమానం వుంది,0.0,అన్ప అనుమానం వుంది,0.0,అన్ప అనుమానం వుంది,0.0,అన్ప అనుమానం వుంది,0.0,అన్వ అనుమానం వుంది
రోట్మ్యాన్ తప్పించుకున్నాడు గానీ రాజైన జేన్తోపాటు మరో ఇద్దరు ఎనబాప్టిస్టుల ప్రముఖులు పట్టుబడి తీవ్రంగా హింసించబడి హతమార్చబడ్డారు,0.0,రోట్శ్యాన్ తప్సించుకున్వాడు గానీ రాజైన జేన్లోపాటు మరో ఇద్డరు ఎనబాప్టిస్టుల ప్రముఖులు పట్టుబడి తీవ్రంగా హింసించబడి హతమార్వబడ్ధారు,0.0,రోట్శ్యాన్ తప్వించుకున్పాడు గానీ రాజైన జేన్లోపాటు మరో ఇద్డరు ఎనబాప్టిస్టుల ప్రముఖులు పట్టుబడి తీవ్రంగా హింసించబడి హతమార్వబడ్ధారు,0.0,రోట్శ్యాన్ తప్సించుకున్పాడు గానీ రాజైన జేన్లోపాటు మరో ఇద్ధరు ఎనబాప్టిస్టుల ప్రముఖులు పట్టుబడి తీవ్రంగా హింసించబడి హతమార్సబడ్దారు,0.0,రోట్శ్యాన్ తప్సించుకున్వాడు గానీ రాజైన జేన్లోపాటు మరో ఇద్ రు ఎనబాప్టిస్టుల ప్రముఖులు పట్టుబడి తీవ్రంగా హింసించబడి హతమార్వబడ్దారు
ఆ సినిమా భారీగా హిట్ అయింది,0.0,ఆ సినిమా భారీగా హిట్ అయింది,0.0,ఆ సినిమా భారీగా హిట్ అయింది,0.0,ఆ సినిమా భారీగా హిట్ అయింది,0.0,ఆ సినిమా భారీగా హిట్ అయింది
ఇది అన్ని కాలాలలో అత్యంత ఆత్రంగా ఎదురుచూస్తున్న పాప్ ఆల్బమ్లలో ఒకటి,0.0,ఇది అన్పి కాలాలలో అత్యంత ఆత్రంగా ఎదురుచూస్లున్వ పాప్ ఆల్బమ్ధలో ఒకటి,0.0,ఇది అన్పి కాలాలలో అత్యంత ఆత్రంగా ఎదురుచూస్లున్ప పాప్ ఆల్బమ్గలో ఒకటి,0.0,ఇది అన్పి కాలాలలో అత్యంత ఆత్రంగా ఎదురుచూస్లున్ప పాప్ ఆల్బమ్గలో ఒకటి,0.0,ఇది అన్వి కాలాలలో అత్యంత ఆత్రంగా ఎదురుచూస్లున్ప పాప్ ఆల్బమ్ధలో ఒకటి
లోపలికి వెళ్ళిపోయారు,0.0,లోపలికి వెళ్ళిపోయారు,0.0,లోపలికి వెళ్ళిపోయారు,0.0,లోపలికి వెళ్ళిపోయారు,0.0,లోపలికి వెళ్ళిపోయారు
బెంగాల్ వారియర్స్,0.0,బెంగాల్ వారియర్వ్,0.0,బెంగాల్ వారియర్వ్,0.0,బెంగాల్ వారియర్వ్,0.0,బెంగాల్ వారియర్చ్
మరి జ్యోతిష్యం నిజంగా విజ్ఞాన సంబంధమైనదేనా,0.0,మరి జ్యోతిష్యం నిజంగా విజ్ఞాన సంబంధమైనదేనా,0.0,మరి జ్యోతిష్యం నిజంగా విజ్ఞాన సంబంధమైనదేనా,0.0,మరి జ్యోతిష్యం నిజంగా విజ్ఞాన సంబంధమైనదేనా,0.0,మరి జ్యోతిష్యం నిజంగా విజ్ఞాన సంబంధమైనదేనా
ఒక వ్యక్తి రక్తదానం చేసినప్పుడు ముగ్గురు ప్రాణాలు కాపాడతారు,0.0,ఒక వ్యక్లి రక్లదానం చేసినప్యుడు ముగ్ఠురు ప్రాణాలు కాపాడతారు,0.0,ఒక వ్యక్లి రక్లదానం చేసినప్వుడు ముగ్ధురు ప్రాణాలు కాపాడతారు,0.0,ఒక వ్యక్లి రక్లదానం చేసినప్నుడు ముగ్ఠురు ప్రాణాలు కాపాడతారు,0.0,ఒక వ్యక్లి రక్లదానం చేసినప్నుడు ముగ్ధురు ప్రాణాలు కాపాడతారు
ఎందుకిలా అని నిలదీశాను,0.0,ఎందుకిలా అని నిలదీశాను,0.0,ఎందుకిలా అని నిలదీశాను,0.0,ఎందుకిలా అని నిలదీశాను,0.0,ఎందుకిలా అని నిలదీశాను
దీంతో కుడి భుజానికి గాయమైంది,0.0,దీంతో కుడి భుజానికి గాయమైంది,0.0,దీంతో కుడి భుజానికి గాయమైంది,0.0,దీంతో కుడి భుజానికి గాయమైంది,0.0,దీంతో కుడి భుజానికి గాయమైంది
పిట్టకథ అంటే ఏమిటి,0.0,పిట్టకథ అంటే ఏమిటి,0.0,పిట్టకథ అంటే ఏమిటి,0.0,పిట్టకథ అంటే ఏమిటి,0.0,పిట్టకథ అంటే ఏమిటి
సినిమాకి పాటలు మరో అదనపు బలం,0.0,సినిమాకి పాటలు మరో అదనపు బలం,0.0,సినిమాకి పాటలు మరో అదనపు బలం,0.0,సినిమాకి పాటలు మరో అదనపు బలం,0.0,సినిమాకి పాటలు మరో అదనపు బలం
అయితే ఇదంతా నిజం కాదు స్కిట్లో భాగమే,0.0,అయితే ఇదంతా నిజం కాదు స్కిట్గో భాగమే,0.0,అయితే ఇదంతా నిజం కాదు స్కిట్తో భాగమే,0.0,అయితే ఇదంతా నిజం కాదు స్కిట్ధో భాగమే,0.0,అయితే ఇదంతా నిజం కాదు స్కిట్ధో భాగమే
సాహో మొదలైంది,0.0,సాహో మొదలైంది,0.0,సాహో మొదలైంది,0.0,సాహో మొదలైంది,0.0,సాహో మొదలైంది
అనేది విచారణలో తేలనున్నది,0.0,అనేది విచారణలో తేలనున్పది,0.0,అనేది విచారణలో తేలనున్పది,0.0,అనేది విచారణలో తేలనున్వది,0.0,అనేది విచారణలో తేలనున్పది
రైతును పోలీసులు అరెస్టు చేశారు,0.0,రైతును పోలీసులు అరెస్టు చేశారు,0.0,రైతును పోలీసులు అరెస్టు చేశారు,0.0,రైతును పోలీసులు అరెస్టు చేశారు,0.0,రైతును పోలీసులు అరెస్టు చేశారు
మహ్మద్ షమీకి యూఎస్ వీసా నిరాకరణ,0.0,మహ్శద్ షమీకి యూఎస్ వీసా నిరాకరణ,0.0,మహ్శద్ షమీకి యూఎస్ వీసా నిరాకరణ,0.0,మహ్శద్ షమీకి యూఎస్ వీసా నిరాకరణ,0.0,మహ్శద్ షమీకి యూఎస్ వీసా నిరాకరణ
తల్లిదండ్రులకూ మరితరులకూ ఆందోళన కలిగించగల పిల్లలకు సంభవించే అపాయాల చిట్టా మనకు అవసరం లేదు,0.0,తల్గిదండ్రులకూ మరితరులకూ ఆందోళన కలిగించగల పిల్తలకు సంభవించే అపాయాల చిట్టా మనకు అవసరం లేదు,0.0,తల్గిదండ్రులకూ మరితరులకూ ఆందోళన కలిగించగల పిల్గలకు సంభవించే అపాయాల చిట్టా మనకు అవసరం లేదు,0.0,తల్తిదండ్రులకూ మరితరులకూ ఆందోళన కలిగించగల పిల్గలకు సంభవించే అపాయాల చిట్టా మనకు అవసరం లేదు,0.0,తల్ధిదండ్రులకూ మరితరులకూ ఆందోళన కలిగించగల పిల్ధలకు సంభవించే అపాయాల చిట్టా మనకు అవసరం లేదు
ఆమె కథలు ఆంగ్ల భాషలోకి మాత్రమే కాకుండా పలు ఇతర భాషల్లోకి కూడా అనువాదమయ్యాయి,0.0,ఆమె కథలు ఆంగ్ధ భాషలోకి మాత్రమే కాకుండా పలు ఇతర భాషల్ధోకి కూడా అనువాదమయ్యాయి,0.0,ఆమె కథలు ఆంగ్గ భాషలోకి మాత్రమే కాకుండా పలు ఇతర భాషల్ధోకి కూడా అనువాదమయ్యాయి,0.0,ఆమె కథలు ఆంగ్త భాషలోకి మాత్రమే కాకుండా పలు ఇతర భాషల్తోకి కూడా అనువాదమయ్యాయి,0.0,ఆమె కథలు ఆంగ్గ భాషలోకి మాత్రమే కాకుండా పలు ఇతర భాషల్తోకి కూడా అనువాదమయ్యాయి
ఇప్పటికే ఈ ప్రపంచ కప్పులో నాలుగు మ్యాచులు వర్షార్పణం అయిపోయాయి,0.0,ఇప్యటికే ఈ ప్రపంచ కప్యులో నాలుగు మ్యాచులు వర్షార్వణం అయిపోయాయి,0.0,ఇప్వటికే ఈ ప్రపంచ కప్యులో నాలుగు మ్యాచులు వర్షార్నణం అయిపోయాయి,0.0,ఇప్యటికే ఈ ప్రపంచ కప్యులో నాలుగు మ్యాచులు వర్షార్నణం అయిపోయాయి,0.0,ఇప్సటికే ఈ ప్రపంచ కప్యులో నాలుగు మ్యాచులు వర్షార్యణం అయిపోయాయి
ప్రజల బాధలు ఎక్కువైనాయి,0.0,ప్రజల బాధలు ఎక్కువైనాయి,0.0,ప్రజల బాధలు ఎక్కువైనాయి,0.0,ప్రజల బాధలు ఎక్కువైనాయి,0.0,ప్రజల బాధలు ఎక్కువైనాయి
ఇది కలుగచేసుకొని ఉండవచ్చు,0.0,ఇది కలుగచేసుకొని ఉండవచ్సు,0.0,ఇది కలుగచేసుకొని ఉండవచ్సు,0.0,ఇది కలుగచేసుకొని ఉండవచ్సు,0.0,ఇది కలుగచేసుకొని ఉండవచ్వు
ఇప్పటికే విడుదలైన సినిమా ఫస్ట్ గ్లింప్స్ టీజర్ పాటలు ప్రేక్షకులను విశేషంగా అలరిస్తున్నాయి,0.0,ఇప్వటికే విడుదలైన సినిమా ఫస్ట్ గ్ధింప్వ్ టీజర్ పాటలు ప్రేక్షకులను విశేషంగా అలరిస్లున్పాయి,0.0,ఇప్సటికే విడుదలైన సినిమా ఫస్ట్ గ్ధింప్వ్ టీజర్ పాటలు ప్రేక్షకులను విశేషంగా అలరిస్లున్వాయి,0.0,ఇప్నటికే విడుదలైన సినిమా ఫస్ట్ గ్తింప్న్ టీజర్ పాటలు ప్రేక్షకులను విశేషంగా అలరిస్లున్పాయి,0.0,ఇప్సటికే విడుదలైన సినిమా ఫస్ట్ గ్ధింప్ప్ టీజర్ పాటలు ప్రేక్షకులను విశేషంగా అలరిస్లున్వాయి
కన్సాస్లోని హిందూ ఆలయం కల్చరల్ సెంటర్లో వివిధ మతాలకు చెందిన వారు ప్రార్థనలు నిర్వహించారు,0.0,కన్వాస్ధోని హిందూ ఆలయం కల్సరల్ సెంటర్గో వివిధ మతాలకు చెందిన వారు ప్రార్థనలు నిర్యహించారు,0.0,కన్వాస్గోని హిందూ ఆలయం కల్సరల్ సెంటర్గో వివిధ మతాలకు చెందిన వారు ప్రార్థనలు నిర్చహించారు,0.0,కన్చాస్ధోని హిందూ ఆలయం కల్సరల్ సెంటర్ధో వివిధ మతాలకు చెందిన వారు ప్రార్థనలు నిర్సహించారు,0.0,కన్నాస్తోని హిందూ ఆలయం కల్వరల్ సెంటర్గో వివిధ మతాలకు చెందిన వారు ప్రార్థనలు నిర్సహించారు
ఈ చిత్రం తెలుగు హిందీ తమిళ కన్నడ మలయాళ భాషల్లో భారీ బడ్జెట్ తో నిర్మాణం కానుంది,0.0,ఈ చిత్రం తెలుగు హిందీ తమిళ కన్పడ మలయాళ భాషల్తో భారీ బడ్జెట్ తో నిర్శాణం కానుంది,0.0,ఈ చిత్రం తెలుగు హిందీ తమిళ కన్వడ మలయాళ భాషల్ధో భారీ బడ్జెట్ తో నిర్శాణం కానుంది,0.0,ఈ చిత్రం తెలుగు హిందీ తమిళ కన్పడ మలయాళ భాషల్గో భారీ బడ్జెట్ తో నిర్శాణం కానుంది,0.0,ఈ చిత్రం తెలుగు హిందీ తమిళ కన్పడ మలయాళ భాషల్గో భారీ బడ్జెట్ తో నిర్శాణం కానుంది
ఈ స్థంభంతో బాటు ఎజె నది ఏమే నది తో సంగమించే ప్రదేశం కూడా ఇక్కడ చూడవలసిన ముఖ్యమైన ప్రాంతం,0.0,ఈ స్థంభంతో బాటు ఎజె నది ఏమే నది తో సంగమించే ప్రదేశం కూడా ఇక్కడ చూడవలసిన ముఖ్యమైన ప్రాంతం,0.0,ఈ స్థంభంతో బాటు ఎజె నది ఏమే నది తో సంగమించే ప్రదేశం కూడా ఇక్కడ చూడవలసిన ముఖ్యమైన ప్రాంతం,0.0,ఈ స్థంభంతో బాటు ఎజె నది ఏమే నది తో సంగమించే ప్రదేశం కూడా ఇక్కడ చూడవలసిన ముఖ్యమైన ప్రాంతం,0.0,ఈ స్థంభంతో బాటు ఎజె నది ఏమే నది తో సంగమించే ప్రదేశం కూడా ఇక్కడ చూడవలసిన ముఖ్యమైన ప్రాంతం
మరో భారీ షాట్కు ప్రయత్నించి స్టోక్స్ ఇచ్చిన క్యాచ్ను లాంగ్ లెగ్లో పుజారా తడబడుతూనే అందుకున్నాడు,0.0,మరో భారీ షాట్కు ప్రయత్పించి స్టోక్ప్ ఇచ్సిన క్యాచ్వు లాంగ్ లెగ్గో పుజారా తడబడుతూనే అందుకున్వాడు,0.0,మరో భారీ షాట్కు ప్రయత్పించి స్టోక్వ్ ఇచ్సిన క్యాచ్వు లాంగ్ లెగ్గో పుజారా తడబడుతూనే అందుకున్పాడు,0.0,మరో భారీ షాట్కు ప్రయత్పించి స్టోక్న్ ఇచ్సిన క్యాచ్పు లాంగ్ లెగ్తో పుజారా తడబడుతూనే అందుకున్వాడు,0.0,మరో భారీ షాట్కు ప్రయత్పించి స్టోక్ప్ ఇచ్విన క్యాచ్వు లాంగ్ లెగ్గో పుజారా తడబడుతూనే అందుకున్వాడు
ఇటీవలి కాలంలో సార్టప్స్ సంఖ్య భారీ స్థాయిలో వృద్ధి చెందింది,0.0,ఇటీవలి కాలంలో సార్టప్న్ సంఖ్య భారీ స్థాయిలో వృద్గి చెందింది,0.0,ఇటీవలి కాలంలో సార్టప్న్ సంఖ్య భారీ స్థాయిలో వృద్గి చెందింది,0.0,ఇటీవలి కాలంలో సార్టప్చ్ సంఖ్య భారీ స్థాయిలో వృద్డి చెందింది,0.0,ఇటీవలి కాలంలో సార్టప్ప్ సంఖ్య భారీ స్థాయిలో వృద్గి చెందింది
ఆమె ఎక్కడ పరీక్షలు చేయించుకుంది,0.0,ఆమె ఎక్కడ పరీక్షలు చేయించుకుంది,0.0,ఆమె ఎక్కడ పరీక్షలు చేయించుకుంది,0.0,ఆమె ఎక్కడ పరీక్షలు చేయించుకుంది,0.0,ఆమె ఎక్కడ పరీక్షలు చేయించుకుంది
డీఎన్ఏను దెబ్బతీస్తుంది,0.0,డీఎన్ఏను దెబ్బతీస్లుంది,0.0,డీఎన్ఏను దెబ్బతీస్లుంది,0.0,డీఎన్ఏను దెబ్బతీస్లుంది,0.0,డీఎన్ఏను దెబ్బతీస్లుంది
అతడు ఆఫ్స్పిన్లో బంతుల్లో పరుగులే చేశాడు,0.0,అతడు ఆఫ్న్నిన్తో బంతుల్గో పరుగులే చేశాడు,0.0,అతడు ఆఫ్వ్యిన్గో బంతుల్గో పరుగులే చేశాడు,0.0,అతడు ఆఫ్న్యిన్ధో బంతుల్ధో పరుగులే చేశాడు,0.0,అతడు ఆఫ్చ్యిన్ధో బంతుల్ధో పరుగులే చేశాడు
ఎంతో మంది మాస్కులు ధరించడం లేదు,0.0,ఎంతో మంది మాస్కులు ధరించడం లేదు,0.0,ఎంతో మంది మాస్కులు ధరించడం లేదు,0.0,ఎంతో మంది మాస్కులు ధరించడం లేదు,0.0,ఎంతో మంది మాస్కులు ధరించడం లేదు
అందరూ వాడతారు,0.0,అందరూ వాడతారు,0.0,అందరూ వాడతారు,0.0,అందరూ వాడతారు,0.0,అందరూ వాడతారు
వ్యాపారంలో భాగస్వాములతో సంబంధాలను బలోపేతం చేసుకుంటారు,0.0,వ్యాపారంలో భాగస్చాములతో సంబంధాలను బలోపేతం చేసుకుంటారు,0.0,వ్యాపారంలో భాగస్యాములతో సంబంధాలను బలోపేతం చేసుకుంటారు,0.0,వ్యాపారంలో భాగస్సాములతో సంబంధాలను బలోపేతం చేసుకుంటారు,0.0,వ్యాపారంలో భాగస్సాములతో సంబంధాలను బలోపేతం చేసుకుంటారు
వర్నరంజిటంగా అలంకరించిన ఈ మైదాం ఇప్పటికీ అహోం రాజుల రోజులు గుర్తుకు తెస్తుంది,0.0,వర్వరంజిటంగా అలంకరించిన ఈ మైదాం ఇప్వటికీ అహోం రాజుల రోజులు గుర్లుకు తెస్లుంది,0.0,వర్పరంజిటంగా అలంకరించిన ఈ మైదాం ఇప్నటికీ అహోం రాజుల రోజులు గుర్లుకు తెస్లుంది,0.0,వర్పరంజిటంగా అలంకరించిన ఈ మైదాం ఇప్యటికీ అహోం రాజుల రోజులు గుర్లుకు తెస్లుంది,0.0,వర్పరంజిటంగా అలంకరించిన ఈ మైదాం ఇప్యటికీ అహోం రాజుల రోజులు గుర్లుకు తెస్లుంది
తహితి సొసైటీ దీవులు,0.0,తహితి సొసైటీ దీవులు,0.0,తహితి సొసైటీ దీవులు,0.0,తహితి సొసైటీ దీవులు,0.0,తహితి సొసైటీ దీవులు
వర్గం సంగీతం,0.0,వర్ధం సంగీతం,0.0,వర్ఠం సంగీతం,0.0,వర్ఠం సంగీతం,0.0,వర్ధం సంగీతం
అక్కడ సంస్కరణలు ఎలా సాధ్యం,0.0,అక్కడ సంస్కరణలు ఎలా సాధ్యం,0.0,అక్కడ సంస్కరణలు ఎలా సాధ్యం,0.0,అక్కడ సంస్కరణలు ఎలా సాధ్యం,0.0,అక్కడ సంస్కరణలు ఎలా సాధ్యం
పునర్విభజన ముచ్చటే లేదు,0.0,పునర్చిభజన ముచ్వటే లేదు,0.0,పునర్సిభజన ముచ్వటే లేదు,0.0,పునర్సిభజన ముచ్సటే లేదు,0.0,పునర్చిభజన ముచ్వటే లేదు
అంటూ చెప్పేసాడు,0.0,అంటూ చెప్సేసాడు,0.0,అంటూ చెప్నేసాడు,0.0,అంటూ చెప్సేసాడు,0.0,అంటూ చెప్నేసాడు
వేలు లభిస్తుంది,0.0,వేలు లభిస్లుంది,0.0,వేలు లభిస్లుంది,0.0,వేలు లభిస్లుంది,0.0,వేలు లభిస్లుంది
బీజేపీ కాంగ్రెస్ పార్టీలు డిపాజిట్ గల్లంతయ్యే పార్టీలు,0.0,బీజేపీ కాంగ్రెస్ పార్టీలు డిపాజిట్ గల్గంతయ్యే పార్టీలు,0.0,బీజేపీ కాంగ్రెస్ పార్టీలు డిపాజిట్ గల్తంతయ్యే పార్టీలు,0.0,బీజేపీ కాంగ్రెస్ పార్టీలు డిపాజిట్ గల్తంతయ్యే పార్టీలు,0.0,బీజేపీ కాంగ్రెస్ పార్టీలు డిపాజిట్ గల్తంతయ్యే పార్టీలు
ఆ ఊరి ఆడవాళ్ళు అందరూ,0.0,ఆ ఊరి ఆడవాళ్ళు అందరూ,0.0,ఆ ఊరి ఆడవాళ్ళు అందరూ,0.0,ఆ ఊరి ఆడవాళ్ళు అందరూ,0.0,ఆ ఊరి ఆడవాళ్ళు అందరూ
ఇప్పటికే చిత్రీకరణ పూర్తి చేసుకున్న ఈ చిత్రం పోస్ట్ ప్రొడక్షన్ పనులతో బిజీగా ఉంది,0.0,ఇప్సటికే చిత్రీకరణ పూర్లి చేసుకున్వ ఈ చిత్రం పోస్ట్ ప్రొడక్షన్ పనులతో బిజీగా ఉంది,0.0,ఇప్వటికే చిత్రీకరణ పూర్లి చేసుకున్వ ఈ చిత్రం పోస్ట్ ప్రొడక్షన్ పనులతో బిజీగా ఉంది,0.0,ఇప్నటికే చిత్రీకరణ పూర్లి చేసుకున్వ ఈ చిత్రం పోస్ట్ ప్రొడక్షన్ పనులతో బిజీగా ఉంది,0.0,ఇప్వటికే చిత్రీకరణ పూర్లి చేసుకున్వ ఈ చిత్రం పోస్ట్ ప్రొడక్షన్ పనులతో బిజీగా ఉంది
జీవితాన్ని మార్చేసింది,0.0,జీవితాన్వి మార్వేసింది,0.0,జీవితాన్పి మార్వేసింది,0.0,జీవితాన్వి మార్వేసింది,0.0,జీవితాన్వి మార్సేసింది
పవన్ కళ్యాణ్ సైతం పోటీ చేసిన రెండు స్థానాల్లో ఓటమి చెందాడు,0.0,పవన్ కళ్యాణ్ సైతం పోటీ చేసిన రెండు స్థానాల్ధో ఓటమి చెందాడు,0.0,పవన్ కళ్యాణ్ సైతం పోటీ చేసిన రెండు స్థానాల్ధో ఓటమి చెందాడు,0.0,పవన్ కళ్యాణ్ సైతం పోటీ చేసిన రెండు స్థానాల్తో ఓటమి చెందాడు,0.0,పవన్ కళ్యాణ్ సైతం పోటీ చేసిన రెండు స్థానాల్తో ఓటమి చెందాడు
నేనెప్పుడూ డబ్బు గురించి ఇబ్బంది పడలేదు,0.0,నేనెప్నుడూ డబ్బు గురించి ఇబ్బంది పడలేదు,0.0,నేనెప్సుడూ డబ్బు గురించి ఇబ్బంది పడలేదు,0.0,నేనెప్యుడూ డబ్బు గురించి ఇబ్బంది పడలేదు,0.0,నేనెప్సుడూ డబ్బు గురించి ఇబ్బంది పడలేదు
ఎన్నికల్లో కూడ రాహుల్గాంధీపై స్మృతి ఇరానీ పోటీ చేసి ఓటమి పాలయ్యారు,0.0,ఎన్పికల్గో కూడ రాహుల్ధాంధీపై స్శృతి ఇరానీ పోటీ చేసి ఓటమి పాలయ్యారు,0.0,ఎన్వికల్తో కూడ రాహుల్ఠాంధీపై స్శృతి ఇరానీ పోటీ చేసి ఓటమి పాలయ్యారు,0.0,ఎన్వికల్తో కూడ రాహుల్ఠాంధీపై స్శృతి ఇరానీ పోటీ చేసి ఓటమి పాలయ్యారు,0.0,ఎన్వికల్తో కూడ రాహుల్ధాంధీపై స్శృతి ఇరానీ పోటీ చేసి ఓటమి పాలయ్యారు
మనం చెప్పేది,0.0,మనం చెప్నేది,0.0,మనం చెప్యేది,0.0,మనం చెప్సేది,0.0,మనం చెప్యేది
దీంతో సైన్యం ఆందోళనకారులపై కాల్పులు జరిపింది,0.0,దీంతో సైన్యం ఆందోళనకారులపై కాల్నులు జరిపింది,0.0,దీంతో సైన్యం ఆందోళనకారులపై కాల్నులు జరిపింది,0.0,దీంతో సైన్యం ఆందోళనకారులపై కాల్యులు జరిపింది,0.0,దీంతో సైన్యం ఆందోళనకారులపై కాల్వులు జరిపింది
మీరు ఆన్లైన్లో నకిలీ సమాచారం అని ఎలా చెప్పవచ్చు,0.0,మీరు ఆన్గైన్ధో నకిలీ సమాచారం అని ఎలా చెప్యవచ్వు,0.0,మీరు ఆన్ధైన్తో నకిలీ సమాచారం అని ఎలా చెప్వవచ్వు,0.0,మీరు ఆన్ధైన్తో నకిలీ సమాచారం అని ఎలా చెప్యవచ్వు,0.0,మీరు ఆన్ధైన్తో నకిలీ సమాచారం అని ఎలా చెప్నవచ్వు
తాజాగా ఇలాంటి ఘటనే బెంగళూరులో వెలుగు చూసింది,0.0,తాజాగా ఇలాంటి ఘటనే బెంగళూరులో వెలుగు చూసింది,0.0,తాజాగా ఇలాంటి ఘటనే బెంగళూరులో వెలుగు చూసింది,0.0,తాజాగా ఇలాంటి ఘటనే బెంగళూరులో వెలుగు చూసింది,0.0,తాజాగా ఇలాంటి ఘటనే బెంగళూరులో వెలుగు చూసింది
ఇది పరిస్థితి మార్చడానికి తీవ్రమైన చర్యలు తీసుకోవాలని అవసరం,0.0,ఇది పరిస్థితి మార్వడానికి తీవ్రమైన చర్యలు తీసుకోవాలని అవసరం,0.0,ఇది పరిస్థితి మార్వడానికి తీవ్రమైన చర్యలు తీసుకోవాలని అవసరం,0.0,ఇది పరిస్థితి మార్వడానికి తీవ్రమైన చర్యలు తీసుకోవాలని అవసరం,0.0,ఇది పరిస్థితి మార్వడానికి తీవ్రమైన చర్యలు తీసుకోవాలని అవసరం
ఈ కంపెనీకి దేశవ్యాప్తంగా బ్రాంచీలు ఉన్నాయి,0.0,ఈ కంపెనీకి దేశవ్యాప్లంగా బ్రాంచీలు ఉన్పాయి,0.0,ఈ కంపెనీకి దేశవ్యాప్లంగా బ్రాంచీలు ఉన్వాయి,0.0,ఈ కంపెనీకి దేశవ్యాప్లంగా బ్రాంచీలు ఉన్పాయి,0.0,ఈ కంపెనీకి దేశవ్యాప్లంగా బ్రాంచీలు ఉన్వాయి
దిగుమతులు తగ్గుముఖం,0.0,దిగుమతులు తగ్ధుముఖం,0.0,దిగుమతులు తగ్ఠుముఖం,0.0,దిగుమతులు తగ్ధుముఖం,0.0,దిగుమతులు తగ్ఠుముఖం
మాన్ సూన్ సీజన్ లో ఈ జలపాతాలను సందర్శించేందుకు అనుమతులు ఉండవు,0.0,మాన్ సూన్ సీజన్ లో ఈ జలపాతాలను సందర్మించేందుకు అనుమతులు ఉండవు,0.0,మాన్ సూన్ సీజన్ లో ఈ జలపాతాలను సందర్మించేందుకు అనుమతులు ఉండవు,0.0,మాన్ సూన్ సీజన్ లో ఈ జలపాతాలను సందర్మించేందుకు అనుమతులు ఉండవు,0.0,మాన్ సూన్ సీజన్ లో ఈ జలపాతాలను సందర్మించేందుకు అనుమతులు ఉండవు
విలువ చేసే అమెజాన్ ప్రైమ్ మెంబర్షిప్ ఇవ్వనున్నట్లు తెలిపింది,0.0,విలువ చేసే అమెజాన్ ప్రైమ్ మెంబర్షిప్ ఇవ్పనున్పట్తు తెలిపింది,0.0,విలువ చేసే అమెజాన్ ప్రైమ్ మెంబర్షిప్ ఇవ్చనున్పట్గు తెలిపింది,0.0,విలువ చేసే అమెజాన్ ప్రైమ్ మెంబర్షిప్ ఇవ్యనున్వట్గు తెలిపింది,0.0,విలువ చేసే అమెజాన్ ప్రైమ్ మెంబర్షిప్ ఇవ్పనున్పట్గు తెలిపింది
తరచూ పెచ్చులూడి పడుతున్నాయి,0.0,తరచూ పెచ్వులూడి పడుతున్వాయి,0.0,తరచూ పెచ్సులూడి పడుతున్వాయి,0.0,తరచూ పెచ్వులూడి పడుతున్పాయి,0.0,తరచూ పెచ్వులూడి పడుతున్పాయి
దీనికి చాలా ఉదాహరణలు కనిపిస్తాయి,0.0,దీనికి చాలా ఉదాహరణలు కనిపిస్లాయి,0.0,దీనికి చాలా ఉదాహరణలు కనిపిస్లాయి,0.0,దీనికి చాలా ఉదాహరణలు కనిపిస్లాయి,0.0,దీనికి చాలా ఉదాహరణలు కనిపిస్లాయి
ప్రాథమికంగా అణుపార్కు నిర్మాణానికి రూ,0.0,ప్రాథమికంగా అణుపార్కు నిర్శాణానికి రూ,0.0,ప్రాథమికంగా అణుపార్కు నిర్శాణానికి రూ,0.0,ప్రాథమికంగా అణుపార్కు నిర్శాణానికి రూ,0.0,ప్రాథమికంగా అణుపార్కు నిర్శాణానికి రూ
అనుకు టీచర్లు మరియు స్నేహితులు మద్దతు ఇచ్చారు,0.0,అనుకు టీచర్గు మరియు స్పేహితులు మద్ తు ఇచ్వారు,0.0,అనుకు టీచర్తు మరియు స్వేహితులు మద్ధతు ఇచ్వారు,0.0,అనుకు టీచర్గు మరియు స్పేహితులు మద్ తు ఇచ్సారు,0.0,అనుకు టీచర్గు మరియు స్పేహితులు మద్డతు ఇచ్సారు
ఈరోజు దేశవ్యాప్తంగా పలు ప్రాంతాల్లో ఉపఎన్నికలు జరుగుతున్నాయి,0.0,ఈరోజు దేశవ్యాప్లంగా పలు ప్రాంతాల్తో ఉపఎన్పికలు జరుగుతున్వాయి,0.0,ఈరోజు దేశవ్యాప్లంగా పలు ప్రాంతాల్తో ఉపఎన్వికలు జరుగుతున్పాయి,0.0,ఈరోజు దేశవ్యాప్లంగా పలు ప్రాంతాల్తో ఉపఎన్వికలు జరుగుతున్వాయి,0.0,ఈరోజు దేశవ్యాప్లంగా పలు ప్రాంతాల్ధో ఉపఎన్పికలు జరుగుతున్వాయి
విక్రమ్ కుమార్ డైరక్షన్ లో నాని చేస్తున్న సినిమా గ్యాంగ్ లీడర్,0.0,విక్రమ్ కుమార్ డైరక్షన్ లో నాని చేస్లున్వ సినిమా గ్యాంగ్ లీడర్,0.0,విక్రమ్ కుమార్ డైరక్షన్ లో నాని చేస్లున్ప సినిమా గ్యాంగ్ లీడర్,0.0,విక్రమ్ కుమార్ డైరక్షన్ లో నాని చేస్లున్ప సినిమా గ్యాంగ్ లీడర్,0.0,విక్రమ్ కుమార్ డైరక్షన్ లో నాని చేస్లున్వ సినిమా గ్యాంగ్ లీడర్
కుర్చీలు ఒకరోజుకు రూ,0.0,కుర్వీలు ఒకరోజుకు రూ,0.0,కుర్సీలు ఒకరోజుకు రూ,0.0,కుర్వీలు ఒకరోజుకు రూ,0.0,కుర్వీలు ఒకరోజుకు రూ
ిరాశతో వెనుదిరుగుతున్నారు,0.0,ిరాశతో వెనుదిరుగుతున్పారు,0.0,ిరాశతో వెనుదిరుగుతున్పారు,0.0,ిరాశతో వెనుదిరుగుతున్పారు,0.0,ిరాశతో వెనుదిరుగుతున్పారు
పురస్కారాల కోసం పాకులాడరు,0.0,పురస్కారాల కోసం పాకులాడరు,0.0,పురస్కారాల కోసం పాకులాడరు,0.0,పురస్కారాల కోసం పాకులాడరు,0.0,పురస్కారాల కోసం పాకులాడరు
ఆయనిలా అంగీకరించాడు నన్ను బలపరచువానియందే నేను సమస్తమును చేయగలను ఫిలిప్పీయులు,0.0,ఆయనిలా అంగీకరించాడు నన్పు బలపరచువానియందే నేను సమస్లమును చేయగలను ఫిలిప్వీయులు,0.0,ఆయనిలా అంగీకరించాడు నన్వు బలపరచువానియందే నేను సమస్లమును చేయగలను ఫిలిప్యీయులు,0.0,ఆయనిలా అంగీకరించాడు నన్పు బలపరచువానియందే నేను సమస్లమును చేయగలను ఫిలిప్యీయులు,0.0,ఆయనిలా అంగీకరించాడు నన్పు బలపరచువానియందే నేను సమస్లమును చేయగలను ఫిలిప్నీయులు
అయితే కొన్ని ఆహారాలు అలర్జీలకు కారణమవుతాయి,0.0,అయితే కొన్వి ఆహారాలు అలర్జీలకు కారణమవుతాయి,0.0,అయితే కొన్వి ఆహారాలు అలర్జీలకు కారణమవుతాయి,0.0,అయితే కొన్పి ఆహారాలు అలర్జీలకు కారణమవుతాయి,0.0,అయితే కొన్వి ఆహారాలు అలర్జీలకు కారణమవుతాయి
అనేదీ చూస్తుంటారు,0.0,అనేదీ చూస్లుంటారు,0.0,అనేదీ చూస్లుంటారు,0.0,అనేదీ చూస్లుంటారు,0.0,అనేదీ చూస్లుంటారు
నువ్వు తటస్థుడివి కావా,0.0,నువ్యు తటస్థుడివి కావా,0.0,నువ్యు తటస్థుడివి కావా,0.0,నువ్పు తటస్థుడివి కావా,0.0,నువ్ను తటస్థుడివి కావా
బీజేపీ నేతలపైనా తీవ్ర స్థాయిలో విరుచుకుపడ్డారు అధిర్,0.0,బీజేపీ నేతలపైనా తీవ్ర స్థాయిలో విరుచుకుపడ్ధారు అధిర్,0.0,బీజేపీ నేతలపైనా తీవ్ర స్థాయిలో విరుచుకుపడ్దారు అధిర్,0.0,బీజేపీ నేతలపైనా తీవ్ర స్థాయిలో విరుచుకుపడ్ధారు అధిర్,0.0,బీజేపీ నేతలపైనా తీవ్ర స్థాయిలో విరుచుకుపడ్ధారు అధిర్
ఇప్పుడు వారికి కూడా కుటుంబాలున్నాయి మాకు ఆరుగురు ముద్దుముద్దు మనవళ్ళు మనవరాండ్రు ఉన్నారు,0.0,ఇప్నుడు వారికి కూడా కుటుంబాలున్వాయి మాకు ఆరుగురు ముద్ధుముద్ధు మనవళ్ళు మనవరాండ్రు ఉన్వారు,0.0,ఇప్నుడు వారికి కూడా కుటుంబాలున్పాయి మాకు ఆరుగురు ముద్ ుముద్డు మనవళ్ళు మనవరాండ్రు ఉన్పారు,0.0,ఇప్యుడు వారికి కూడా కుటుంబాలున్పాయి మాకు ఆరుగురు ముద్ధుముద్ ు మనవళ్ళు మనవరాండ్రు ఉన్పారు,0.0,ఇప్వుడు వారికి కూడా కుటుంబాలున్పాయి మాకు ఆరుగురు ముద్ ుముద్ ు మనవళ్ళు మనవరాండ్రు ఉన్వారు
భూమిఇప్పటికీనా ఉందినేను,0.0,భూమిఇప్నటికీనా ఉందినేను,0.0,భూమిఇప్నటికీనా ఉందినేను,0.0,భూమిఇప్వటికీనా ఉందినేను,0.0,భూమిఇప్వటికీనా ఉందినేను
ఏముంది కథలో,0.0,ఏముంది కథలో,0.0,ఏముంది కథలో,0.0,ఏముంది కథలో,0.0,ఏముంది కథలో
బెనారస్ హిందూ యూనివర్శిటీలో సివిల్ ఇంజనీరింగ్లో సిన్హా ఎంటెక్ పూర్తి చేశారు,0.0,బెనారస్ హిందూ యూనివర్మిటీలో సివిల్ ఇంజనీరింగ్గో సిన్హా ఎంటెక్ పూర్లి చేశారు,0.0,బెనారస్ హిందూ యూనివర్మిటీలో సివిల్ ఇంజనీరింగ్ధో సిన్హా ఎంటెక్ పూర్లి చేశారు,0.0,బెనారస్ హిందూ యూనివర్మిటీలో సివిల్ ఇంజనీరింగ్గో సిన్హా ఎంటెక్ పూర్లి చేశారు,0.0,బెనారస్ హిందూ యూనివర్మిటీలో సివిల్ ఇంజనీరింగ్గో సిన్హా ఎంటెక్ పూర్లి చేశారు
రాష్ట్రంలోని అసెంబ్లీ స్థానాలు వైయస్సార్ కాంగ్రెస్ పార్టీ గెలుచుకుంటుందన్నారు,0.0,రాష్ట్రంలోని అసెంబ్తీ స్థానాలు వైయస్పార్ కాంగ్రెస్ పార్టీ గెలుచుకుంటుందన్వారు,0.0,రాష్ట్రంలోని అసెంబ్ధీ స్థానాలు వైయస్చార్ కాంగ్రెస్ పార్టీ గెలుచుకుంటుందన్వారు,0.0,రాష్ట్రంలోని అసెంబ్గీ స్థానాలు వైయస్నార్ కాంగ్రెస్ పార్టీ గెలుచుకుంటుందన్వారు,0.0,రాష్ట్రంలోని అసెంబ్ధీ స్థానాలు వైయస్నార్ కాంగ్రెస్ పార్టీ గెలుచుకుంటుందన్పారు
వీరితో పాటు అనిల్ కపూర్ తనయుడు హర్షవర్ధన్ కపూర్ కూడా ఉన్నట్లు తెలుస్తుంది,0.0,వీరితో పాటు అనిల్ కపూర్ తనయుడు హర్షవర్గన్ కపూర్ కూడా ఉన్వట్ధు తెలుస్లుంది,0.0,వీరితో పాటు అనిల్ కపూర్ తనయుడు హర్షవర్దన్ కపూర్ కూడా ఉన్వట్తు తెలుస్లుంది,0.0,వీరితో పాటు అనిల్ కపూర్ తనయుడు హర్షవర్లన్ కపూర్ కూడా ఉన్పట్ధు తెలుస్లుంది,0.0,వీరితో పాటు అనిల్ కపూర్ తనయుడు హర్షవర్లన్ కపూర్ కూడా ఉన్వట్ధు తెలుస్లుంది
కోట్ల పరువు నష్టం దావా వేస్తానని కూడా ఆయన చెప్పారు,0.0,కోట్త పరువు నష్టం దావా వేస్లానని కూడా ఆయన చెప్సారు,0.0,కోట్త పరువు నష్టం దావా వేస్లానని కూడా ఆయన చెప్సారు,0.0,కోట్త పరువు నష్టం దావా వేస్లానని కూడా ఆయన చెప్యారు,0.0,కోట్గ పరువు నష్టం దావా వేస్లానని కూడా ఆయన చెప్యారు
కాగా ఆర్సీబీ కెప్టెన్ విరాట్ కోహ్లికి బిషప్ చోటు కల్పించలేదు,0.0,కాగా ఆర్నీబీ కెప్టెన్ విరాట్ కోహ్గికి బిషప్ చోటు కల్వించలేదు,0.0,కాగా ఆర్వీబీ కెప్టెన్ విరాట్ కోహ్ధికి బిషప్ చోటు కల్వించలేదు,0.0,కాగా ఆర్వీబీ కెప్టెన్ విరాట్ కోహ్గికి బిషప్ చోటు కల్సించలేదు,0.0,కాగా ఆర్నీబీ కెప్టెన్ విరాట్ కోహ్తికి బిషప్ చోటు కల్నించలేదు
దాంతో కిందకు జారిపోయాడు,0.0,దాంతో కిందకు జారిపోయాడు,0.0,దాంతో కిందకు జారిపోయాడు,0.0,దాంతో కిందకు జారిపోయాడు,0.0,దాంతో కిందకు జారిపోయాడు
ఫేస్ బుక్ మెసెంజర్ లో ఇప్పటికే ఇలాంటి ఫీచర్ ఇచ్చింది,0.0,ఫేస్ బుక్ మెసెంజర్ లో ఇప్వటికే ఇలాంటి ఫీచర్ ఇచ్సింది,0.0,ఫేస్ బుక్ మెసెంజర్ లో ఇప్సటికే ఇలాంటి ఫీచర్ ఇచ్సింది,0.0,ఫేస్ బుక్ మెసెంజర్ లో ఇప్వటికే ఇలాంటి ఫీచర్ ఇచ్వింది,0.0,ఫేస్ బుక్ మెసెంజర్ లో ఇప్సటికే ఇలాంటి ఫీచర్ ఇచ్సింది
యెహోవా తన ఉగ్రతను నెరవేర్చి తన కోపాగ్నిని కుమ్మరించెను సీయోనులో ఆయన అగ్ని రాజబెట్టెను అది దాని పునాదులను కాల్చివేసెను,0.0,యెహోవా తన ఉగ్రతను నెరవేర్వి తన కోపాగ్పిని కుమ్శరించెను సీయోనులో ఆయన అగ్పి రాజబెట్టెను అది దాని పునాదులను కాల్వివేసెను,0.0,యెహోవా తన ఉగ్రతను నెరవేర్సి తన కోపాగ్పిని కుమ్శరించెను సీయోనులో ఆయన అగ్వి రాజబెట్టెను అది దాని పునాదులను కాల్సివేసెను,0.0,యెహోవా తన ఉగ్రతను నెరవేర్సి తన కోపాగ్పిని కుమ్శరించెను సీయోనులో ఆయన అగ్పి రాజబెట్టెను అది దాని పునాదులను కాల్వివేసెను,0.0,యెహోవా తన ఉగ్రతను నెరవేర్సి తన కోపాగ్పిని కుమ్శరించెను సీయోనులో ఆయన అగ్పి రాజబెట్టెను అది దాని పునాదులను కాల్వివేసెను
దీంతో ఆ నొప్పికి శిశువు ఏడ్చింది,0.0,దీంతో ఆ నొప్వికి శిశువు ఏడ్సింది,0.0,దీంతో ఆ నొప్నికి శిశువు ఏడ్వింది,0.0,దీంతో ఆ నొప్నికి శిశువు ఏడ్సింది,0.0,దీంతో ఆ నొప్సికి శిశువు ఏడ్వింది
ప్లాన్ ఇదేనా,0.0,ప్లాన్ ఇదేనా,0.0,ప్లాన్ ఇదేనా,0.0,ప్లాన్ ఇదేనా,0.0,ప్లాన్ ఇదేనా
సంఘటన జరిగిన వెంటనే ఆమెను ఆసుపత్రికి తీసుకెళ్లగా అప్పటికే ఆమె మరణించినట్లు డాక్టర్లు ధృవీకరించారు,0.0,సంఘటన జరిగిన వెంటనే ఆమెను ఆసుపత్రికి తీసుకెళ్తగా అప్యటికే ఆమె మరణించినట్తు డాక్టర్గు ధృవీకరించారు,0.0,సంఘటన జరిగిన వెంటనే ఆమెను ఆసుపత్రికి తీసుకెళ్తగా అప్వటికే ఆమె మరణించినట్గు డాక్టర్తు ధృవీకరించారు,0.0,సంఘటన జరిగిన వెంటనే ఆమెను ఆసుపత్రికి తీసుకెళ్తగా అప్వటికే ఆమె మరణించినట్గు డాక్టర్తు ధృవీకరించారు,0.0,సంఘటన జరిగిన వెంటనే ఆమెను ఆసుపత్రికి తీసుకెళ్ధగా అప్సటికే ఆమె మరణించినట్ధు డాక్టర్తు ధృవీకరించారు
నూతన స్వతంత్ర భారతదేశ నిర్మాణంలో మనం నిమగ్నమయ్యాం,0.0,నూతన స్నతంత్ర భారతదేశ నిర్శాణంలో మనం నిమగ్పమయ్యాం,0.0,నూతన స్పతంత్ర భారతదేశ నిర్శాణంలో మనం నిమగ్పమయ్యాం,0.0,నూతన స్సతంత్ర భారతదేశ నిర్శాణంలో మనం నిమగ్వమయ్యాం,0.0,నూతన స్చతంత్ర భారతదేశ నిర్శాణంలో మనం నిమగ్పమయ్యాం
శశిథరూర్ సతీమణి సునంద పుష్కర్ మృతికి సంబంధించి మరో కోణం వెలుగులోకి వచ్చింది,0.0,శశిథరూర్ సతీమణి సునంద పుష్కర్ మృతికి సంబంధించి మరో కోణం వెలుగులోకి వచ్సింది,0.0,శశిథరూర్ సతీమణి సునంద పుష్కర్ మృతికి సంబంధించి మరో కోణం వెలుగులోకి వచ్సింది,0.0,శశిథరూర్ సతీమణి సునంద పుష్కర్ మృతికి సంబంధించి మరో కోణం వెలుగులోకి వచ్వింది,0.0,శశిథరూర్ సతీమణి సునంద పుష్కర్ మృతికి సంబంధించి మరో కోణం వెలుగులోకి వచ్సింది
దేశ ఆర్థిక పరిస్థితికి అద్దం పట్టే నివేదికే ఎకనమిక్ సర్వే,0.0,దేశ ఆర్థిక పరిస్థితికి అద్ధం పట్టే నివేదికే ఎకనమిక్ సర్చే,0.0,దేశ ఆర్థిక పరిస్థితికి అద్ధం పట్టే నివేదికే ఎకనమిక్ సర్చే,0.0,దేశ ఆర్థిక పరిస్థితికి అద్ ం పట్టే నివేదికే ఎకనమిక్ సర్చే,0.0,దేశ ఆర్థిక పరిస్థితికి అద్ధం పట్టే నివేదికే ఎకనమిక్ సర్చే
యువతి ఫిర్యాదు మేరకు కేసు నమోదు చేసిన పోలీసులు దర్యాప్తు ప్రారంభించారు,0.0,యువతి ఫిర్యాదు మేరకు కేసు నమోదు చేసిన పోలీసులు దర్యాప్లు ప్రారంభించారు,0.0,యువతి ఫిర్యాదు మేరకు కేసు నమోదు చేసిన పోలీసులు దర్యాప్లు ప్రారంభించారు,0.0,యువతి ఫిర్యాదు మేరకు కేసు నమోదు చేసిన పోలీసులు దర్యాప్లు ప్రారంభించారు,0.0,యువతి ఫిర్యాదు మేరకు కేసు నమోదు చేసిన పోలీసులు దర్యాప్లు ప్రారంభించారు
ఇండియన్ ఆయిల్ కార్పోరేషన్ ప్రకారం ఒక్కో సిలిండర్కు ఢిల్లీలో రూ,0.0,ఇండియన్ ఆయిల్ కార్వోరేషన్ ప్రకారం ఒక్కో సిలిండర్కు ఢిల్తీలో రూ,0.0,ఇండియన్ ఆయిల్ కార్సోరేషన్ ప్రకారం ఒక్కో సిలిండర్కు ఢిల్తీలో రూ,0.0,ఇండియన్ ఆయిల్ కార్నోరేషన్ ప్రకారం ఒక్కో సిలిండర్కు ఢిల్గీలో రూ,0.0,ఇండియన్ ఆయిల్ కార్సోరేషన్ ప్రకారం ఒక్కో సిలిండర్కు ఢిల్ధీలో రూ
కోట్లు కేటాయించింది,0.0,కోట్గు కేటాయించింది,0.0,కోట్ధు కేటాయించింది,0.0,కోట్ధు కేటాయించింది,0.0,కోట్తు కేటాయించింది
నిరంతర పోలిక పద్ధతి,0.0,నిరంతర పోలిక పద్దతి,0.0,నిరంతర పోలిక పద్లతి,0.0,నిరంతర పోలిక పద్డతి,0.0,నిరంతర పోలిక పద్లతి
అభిమానులు మాత్రం బాగా ఎంజారు చేసి ఉంటారు,0.0,అభిమానులు మాత్రం బాగా ఎంజారు చేసి ఉంటారు,0.0,అభిమానులు మాత్రం బాగా ఎంజారు చేసి ఉంటారు,0.0,అభిమానులు మాత్రం బాగా ఎంజారు చేసి ఉంటారు,0.0,అభిమానులు మాత్రం బాగా ఎంజారు చేసి ఉంటారు
మనలో పాలకూరను చాలామంది ఇష్టపడుతారు,0.0,మనలో పాలకూరను చాలామంది ఇష్టపడుతారు,0.0,మనలో పాలకూరను చాలామంది ఇష్టపడుతారు,0.0,మనలో పాలకూరను చాలామంది ఇష్టపడుతారు,0.0,మనలో పాలకూరను చాలామంది ఇష్టపడుతారు
రోజు రోజుకు పెరుగుతున్న బంగారం వెండి ధరలు,0.0,రోజు రోజుకు పెరుగుతున్ప బంగారం వెండి ధరలు,0.0,రోజు రోజుకు పెరుగుతున్వ బంగారం వెండి ధరలు,0.0,రోజు రోజుకు పెరుగుతున్ప బంగారం వెండి ధరలు,0.0,రోజు రోజుకు పెరుగుతున్వ బంగారం వెండి ధరలు
మహిళను కాపాడిన పోలీసులను సైబరాబాద్ పోలీస్ కమిషనర్ విసి సజ్జనార్ అభినందించారు,0.0,మహిళను కాపాడిన పోలీసులను సైబరాబాద్ పోలీస్ కమిషనర్ విసి సజ్జనార్ అభినందించారు,0.0,మహిళను కాపాడిన పోలీసులను సైబరాబాద్ పోలీస్ కమిషనర్ విసి సజ్జనార్ అభినందించారు,0.0,మహిళను కాపాడిన పోలీసులను సైబరాబాద్ పోలీస్ కమిషనర్ విసి సజ్జనార్ అభినందించారు,0.0,మహిళను కాపాడిన పోలీసులను సైబరాబాద్ పోలీస్ కమిషనర్ విసి సజ్జనార్ అభినందించారు
దీంతో విమానం మధ్యకు విరిగిపోయి రెండు ముక్కలైంది,0.0,దీంతో విమానం మధ్యకు విరిగిపోయి రెండు ముక్కలైంది,0.0,దీంతో విమానం మధ్యకు విరిగిపోయి రెండు ముక్కలైంది,0.0,దీంతో విమానం మధ్యకు విరిగిపోయి రెండు ముక్కలైంది,0.0,దీంతో విమానం మధ్యకు విరిగిపోయి రెండు ముక్కలైంది
ప్రజలకు ఇచ్చిన ప్రతి హామీనీ బీజేపీ నిలబెట్టుకుందని ఆయన స్పష్టం చేశారు,0.0,ప్రజలకు ఇచ్సిన ప్రతి హామీనీ బీజేపీ నిలబెట్టుకుందని ఆయన స్యష్టం చేశారు,0.0,ప్రజలకు ఇచ్విన ప్రతి హామీనీ బీజేపీ నిలబెట్టుకుందని ఆయన స్యష్టం చేశారు,0.0,ప్రజలకు ఇచ్విన ప్రతి హామీనీ బీజేపీ నిలబెట్టుకుందని ఆయన స్సష్టం చేశారు,0.0,ప్రజలకు ఇచ్సిన ప్రతి హామీనీ బీజేపీ నిలబెట్టుకుందని ఆయన స్నష్టం చేశారు
ప్రతి ఒక్కరిలోనూ ఇదే భయం,0.0,ప్రతి ఒక్కరిలోనూ ఇదే భయం,0.0,ప్రతి ఒక్కరిలోనూ ఇదే భయం,0.0,ప్రతి ఒక్కరిలోనూ ఇదే భయం,0.0,ప్రతి ఒక్కరిలోనూ ఇదే భయం
పన్నెండో తరగతిలో ఉన్న నేనే,0.0,పన్పెండో తరగతిలో ఉన్వ నేనే,0.0,పన్వెండో తరగతిలో ఉన్వ నేనే,0.0,పన్వెండో తరగతిలో ఉన్వ నేనే,0.0,పన్వెండో తరగతిలో ఉన్వ నేనే
ఎందుకా అప్రస్తుత టాపిక్,0.0,ఎందుకా అప్రస్లుత టాపిక్,0.0,ఎందుకా అప్రస్లుత టాపిక్,0.0,ఎందుకా అప్రస్లుత టాపిక్,0.0,ఎందుకా అప్రస్లుత టాపిక్
అదే ఆమెను ఆందోళనకు గురిచేసింది,0.0,అదే ఆమెను ఆందోళనకు గురిచేసింది,0.0,అదే ఆమెను ఆందోళనకు గురిచేసింది,0.0,అదే ఆమెను ఆందోళనకు గురిచేసింది,0.0,అదే ఆమెను ఆందోళనకు గురిచేసింది
ఎవ్వరూ వినలేదనుకొండి,0.0,ఎవ్నరూ వినలేదనుకొండి,0.0,ఎవ్చరూ వినలేదనుకొండి,0.0,ఎవ్సరూ వినలేదనుకొండి,0.0,ఎవ్సరూ వినలేదనుకొండి
వెతుకులాట ఫలితాలు,0.0,వెతుకులాట ఫలితాలు,0.0,వెతుకులాట ఫలితాలు,0.0,వెతుకులాట ఫలితాలు,0.0,వెతుకులాట ఫలితాలు
మహారాష్ట్ర సీఎంగా బాధ్యతలు తీసుకున్నాక ఉద్ధవ్ ఠాక్రే పీఎంతో భేటీ కావడం ఇది రెండోసారి,0.0,మహారాష్ట్ర సీఎంగా బాధ్యతలు తీసుకున్పాక ఉద్గవ్ ఠాక్రే పీఎంతో భేటీ కావడం ఇది రెండోసారి,0.0,మహారాష్ట్ర సీఎంగా బాధ్యతలు తీసుకున్వాక ఉద్డవ్ ఠాక్రే పీఎంతో భేటీ కావడం ఇది రెండోసారి,0.0,మహారాష్ట్ర సీఎంగా బాధ్యతలు తీసుకున్వాక ఉద్డవ్ ఠాక్రే పీఎంతో భేటీ కావడం ఇది రెండోసారి,0.0,మహారాష్ట్ర సీఎంగా బాధ్యతలు తీసుకున్వాక ఉద్డవ్ ఠాక్రే పీఎంతో భేటీ కావడం ఇది రెండోసారి
ఆన్లైన్లోనే వీటిని కొనుగోలు చేయవచ్చు,0.0,ఆన్తైన్గోనే వీటిని కొనుగోలు చేయవచ్సు,0.0,ఆన్ధైన్గోనే వీటిని కొనుగోలు చేయవచ్సు,0.0,ఆన్గైన్ధోనే వీటిని కొనుగోలు చేయవచ్వు,0.0,ఆన్తైన్ధోనే వీటిని కొనుగోలు చేయవచ్వు
మన ప్రభుత్వం ఎందుకని అడగదు,0.0,మన ప్రభుత్సం ఎందుకని అడగదు,0.0,మన ప్రభుత్యం ఎందుకని అడగదు,0.0,మన ప్రభుత్చం ఎందుకని అడగదు,0.0,మన ప్రభుత్చం ఎందుకని అడగదు
కొన్ని సంస్థలకు ఈ రసాయాన అమ్మకాలు వాటి మొత్తం అమ్మకాలలో కొంత శాతం మాత్రమే,0.0,కొన్పి సంస్థలకు ఈ రసాయాన అమ్శకాలు వాటి మొత్లం అమ్శకాలలో కొంత శాతం మాత్రమే,0.0,కొన్వి సంస్థలకు ఈ రసాయాన అమ్శకాలు వాటి మొత్లం అమ్శకాలలో కొంత శాతం మాత్రమే,0.0,కొన్వి సంస్థలకు ఈ రసాయాన అమ్శకాలు వాటి మొత్లం అమ్శకాలలో కొంత శాతం మాత్రమే,0.0,కొన్పి సంస్థలకు ఈ రసాయాన అమ్శకాలు వాటి మొత్లం అమ్శకాలలో కొంత శాతం మాత్రమే
కాగా ఎన్డీఏ ముఖ్యమంత్రి అభ్యర్థిగా నితీష్ కుమార్ను బీజేపీ స్పష్టం చేసిన విషయం తెలిసిందే,0.0,కాగా ఎన్దీఏ ముఖ్యమంత్రి అభ్యర్థిగా నితీష్ కుమార్వు బీజేపీ స్సష్టం చేసిన విషయం తెలిసిందే,0.0,కాగా ఎన్ధీఏ ముఖ్యమంత్రి అభ్యర్థిగా నితీష్ కుమార్పు బీజేపీ స్నష్టం చేసిన విషయం తెలిసిందే,0.0,కాగా ఎన్ధీఏ ముఖ్యమంత్రి అభ్యర్థిగా నితీష్ కుమార్పు బీజేపీ స్నష్టం చేసిన విషయం తెలిసిందే,0.0,కాగా ఎన్ధీఏ ముఖ్యమంత్రి అభ్యర్థిగా నితీష్ కుమార్పు బీజేపీ స్నష్టం చేసిన విషయం తెలిసిందే
అంటే ఇది ఉంది,0.0,అంటే ఇది ఉంది,0.0,అంటే ఇది ఉంది,0.0,అంటే ఇది ఉంది,0.0,అంటే ఇది ఉంది
ఎందుకురా ఏడుస్తున్నావు,0.0,ఎందుకురా ఏడుస్లున్పావు,0.0,ఎందుకురా ఏడుస్లున్పావు,0.0,ఎందుకురా ఏడుస్లున్పావు,0.0,ఎందుకురా ఏడుస్లున్పావు
నిర్గమకాండము,0.0,నిర్ఠమకాండము,0.0,నిర్లమకాండము,0.0,నిర్ఠమకాండము,0.0,నిర్లమకాండము
ఆయనకు తెలుస్తోంది,0.0,ఆయనకు తెలుస్లోంది,0.0,ఆయనకు తెలుస్లోంది,0.0,ఆయనకు తెలుస్లోంది,0.0,ఆయనకు తెలుస్లోంది
కానీ ఏది విజయాన్ని ఇవ్వలేకపోయింది,0.0,కానీ ఏది విజయాన్పి ఇవ్పలేకపోయింది,0.0,కానీ ఏది విజయాన్పి ఇవ్నలేకపోయింది,0.0,కానీ ఏది విజయాన్పి ఇవ్సలేకపోయింది,0.0,కానీ ఏది విజయాన్పి ఇవ్యలేకపోయింది
దీనిని సహజ సిద్ధ వనరుల నుంచి తయారు చేశామన్నారు,0.0,దీనిని సహజ సిద్గ వనరుల నుంచి తయారు చేశామన్వారు,0.0,దీనిని సహజ సిద్ల వనరుల నుంచి తయారు చేశామన్పారు,0.0,దీనిని సహజ సిద్డ వనరుల నుంచి తయారు చేశామన్పారు,0.0,దీనిని సహజ సిద్ల వనరుల నుంచి తయారు చేశామన్వారు
స్టాప్ లాస్ రూ,0.0,స్టాప్ లాస్ రూ,0.0,స్టాప్ లాస్ రూ,0.0,స్టాప్ లాస్ రూ,0.0,స్టాప్ లాస్ రూ
కష్టపడి పని చేయండి,0.0,కష్టపడి పని చేయండి,0.0,కష్టపడి పని చేయండి,0.0,కష్టపడి పని చేయండి,0.0,కష్టపడి పని చేయండి
పెళ్ళి చేసారు,0.0,పెళ్ళి చేసారు,0.0,పెళ్ళి చేసారు,0.0,పెళ్ళి చేసారు,0.0,పెళ్ళి చేసారు
నోటి మూలల్లోని పగుళ్లు కనిపించే ఇతర కారణాలు ఉన్నాయి,0.0,నోటి మూలల్గోని పగుళ్ధు కనిపించే ఇతర కారణాలు ఉన్వాయి,0.0,నోటి మూలల్గోని పగుళ్ధు కనిపించే ఇతర కారణాలు ఉన్పాయి,0.0,నోటి మూలల్గోని పగుళ్తు కనిపించే ఇతర కారణాలు ఉన్పాయి,0.0,నోటి మూలల్ధోని పగుళ్గు కనిపించే ఇతర కారణాలు ఉన్వాయి
ఇతని కూతురు ఇరావతిని పరీక్షిత్తు నకు వివాహము చేసెను,0.0,ఇతని కూతురు ఇరావతిని పరీక్షిత్లు నకు వివాహము చేసెను,0.0,ఇతని కూతురు ఇరావతిని పరీక్షిత్లు నకు వివాహము చేసెను,0.0,ఇతని కూతురు ఇరావతిని పరీక్షిత్లు నకు వివాహము చేసెను,0.0,ఇతని కూతురు ఇరావతిని పరీక్షిత్లు నకు వివాహము చేసెను
తన చదువుని అలా కొనసాగిస్తుంది,0.0,తన చదువుని అలా కొనసాగిస్లుంది,0.0,తన చదువుని అలా కొనసాగిస్లుంది,0.0,తన చదువుని అలా కొనసాగిస్లుంది,0.0,తన చదువుని అలా కొనసాగిస్లుంది
ప్లాస్టిక్ను కాల్చివేయడం ద్వారా వెలువడే విషవాయువులు వాయు కాలుష్యానికి దారితీస్తున్నాయి,0.0,ప్లాస్టిక్పు కాల్సివేయడం ద్పారా వెలువడే విషవాయువులు వాయు కాలుష్యానికి దారితీస్లున్పాయి,0.0,ప్లాస్టిక్వు కాల్సివేయడం ద్యారా వెలువడే విషవాయువులు వాయు కాలుష్యానికి దారితీస్లున్పాయి,0.0,ప్లాస్టిక్వు కాల్సివేయడం ద్చారా వెలువడే విషవాయువులు వాయు కాలుష్యానికి దారితీస్లున్వాయి,0.0,ప్లాస్టిక్పు కాల్సివేయడం ద్చారా వెలువడే విషవాయువులు వాయు కాలుష్యానికి దారితీస్లున్వాయి
దీనిపై పట్టుబట్టనున్నాం,0.0,దీనిపై పట్టుబట్టనున్వాం,0.0,దీనిపై పట్టుబట్టనున్పాం,0.0,దీనిపై పట్టుబట్టనున్పాం,0.0,దీనిపై పట్టుబట్టనున్వాం
ఢిల్లీలో భారీ అగ్నిప్రమాదం మంది మృతి,0.0,ఢిల్ధీలో భారీ అగ్విప్రమాదం మంది మృతి,0.0,ఢిల్గీలో భారీ అగ్పిప్రమాదం మంది మృతి,0.0,ఢిల్తీలో భారీ అగ్పిప్రమాదం మంది మృతి,0.0,ఢిల్గీలో భారీ అగ్విప్రమాదం మంది మృతి
ఏమియెరుసనమాయకులెల్ల మడియ,0.0,ఏమియెరుసనమాయకులెల్ధ మడియ,0.0,ఏమియెరుసనమాయకులెల్గ మడియ,0.0,ఏమియెరుసనమాయకులెల్గ మడియ,0.0,ఏమియెరుసనమాయకులెల్గ మడియ
మరియ గర్భం ధరించిన సమయానికి దైవభక్తిగల యోసేపుకు ఆమెతో నిశ్చితార్థం జరిగింది,0.0,మరియ గర్భం ధరించిన సమయానికి దైవభక్లిగల యోసేపుకు ఆమెతో నిశ్వితార్థం జరిగింది,0.0,మరియ గర్భం ధరించిన సమయానికి దైవభక్లిగల యోసేపుకు ఆమెతో నిశ్సితార్థం జరిగింది,0.0,మరియ గర్భం ధరించిన సమయానికి దైవభక్లిగల యోసేపుకు ఆమెతో నిశ్సితార్థం జరిగింది,0.0,మరియ గర్భం ధరించిన సమయానికి దైవభక్లిగల యోసేపుకు ఆమెతో నిశ్సితార్థం జరిగింది
ఈ యాభై మూడు అడుగుల పొడవు మరియు వంద సంవత్సరాల రూట్ వంతెనను దెఇంగ్జ్రి జింగ్కిఎంగ్ అని స్థానికంగా పిలుస్తారు,0.0,ఈ యాభై మూడు అడుగుల పొడవు మరియు వంద సంవత్వరాల రూట్ వంతెనను దెఇంగ్జ్రి జింగ్కిఎంగ్ అని స్థానికంగా పిలుస్లారు,0.0,ఈ యాభై మూడు అడుగుల పొడవు మరియు వంద సంవత్చరాల రూట్ వంతెనను దెఇంగ్జ్రి జింగ్కిఎంగ్ అని స్థానికంగా పిలుస్లారు,0.0,ఈ యాభై మూడు అడుగుల పొడవు మరియు వంద సంవత్చరాల రూట్ వంతెనను దెఇంగ్జ్రి జింగ్కిఎంగ్ అని స్థానికంగా పిలుస్లారు,0.0,ఈ యాభై మూడు అడుగుల పొడవు మరియు వంద సంవత్వరాల రూట్ వంతెనను దెఇంగ్జ్రి జింగ్కిఎంగ్ అని స్థానికంగా పిలుస్లారు
ఈ ప్రాజెక్ట్ విలువ రూ,0.0,ఈ ప్రాజెక్ట్ విలువ రూ,0.0,ఈ ప్రాజెక్ట్ విలువ రూ,0.0,ఈ ప్రాజెక్ట్ విలువ రూ,0.0,ఈ ప్రాజెక్ట్ విలువ రూ
సుప్రీంకోర్టు మార్గదర్శకాలు ఏమిటి,0.0,సుప్రీంకోర్టు మార్ఠదర్మకాలు ఏమిటి,0.0,సుప్రీంకోర్టు మార్ఠదర్మకాలు ఏమిటి,0.0,సుప్రీంకోర్టు మార్ధదర్మకాలు ఏమిటి,0.0,సుప్రీంకోర్టు మార్లదర్మకాలు ఏమిటి
మూడు నెలల తర్వాత కల్యాణ్ మళ్ళీ తన బావ రమేష్ తో కలిసి ఆ పల్లెటూరికి వస్తాడు,0.0,మూడు నెలల తర్పాత కల్యాణ్ మళ్ళీ తన బావ రమేష్ తో కలిసి ఆ పల్ధెటూరికి వస్లాడు,0.0,మూడు నెలల తర్సాత కల్యాణ్ మళ్ళీ తన బావ రమేష్ తో కలిసి ఆ పల్తెటూరికి వస్లాడు,0.0,మూడు నెలల తర్నాత కల్యాణ్ మళ్ళీ తన బావ రమేష్ తో కలిసి ఆ పల్తెటూరికి వస్లాడు,0.0,మూడు నెలల తర్నాత కల్యాణ్ మళ్ళీ తన బావ రమేష్ తో కలిసి ఆ పల్ధెటూరికి వస్లాడు
టిక్ టాక్ వీడియోలపై భర్త మందలింపు విషం తాగి భార్య ఆత్మహత్య,0.0,టిక్ టాక్ వీడియోలపై భర్ల మందలింపు విషం తాగి భార్య ఆత్శహత్య,0.0,టిక్ టాక్ వీడియోలపై భర్ల మందలింపు విషం తాగి భార్య ఆత్శహత్య,0.0,టిక్ టాక్ వీడియోలపై భర్ల మందలింపు విషం తాగి భార్య ఆత్శహత్య,0.0,టిక్ టాక్ వీడియోలపై భర్ల మందలింపు విషం తాగి భార్య ఆత్శహత్య
ఈ కొడుకు గౌతమ్ కూతురు సితారఫొటోలో మహేష్ సతీమణి నమ్రత అలాగే ఎంతో ఆనందంగా కనిపిస్తున్నారు,0.0,ఈ కొడుకు గౌతమ్ కూతురు సితారఫొటోలో మహేష్ సతీమణి నమ్రత అలాగే ఎంతో ఆనందంగా కనిపిస్లున్పారు,0.0,ఈ కొడుకు గౌతమ్ కూతురు సితారఫొటోలో మహేష్ సతీమణి నమ్రత అలాగే ఎంతో ఆనందంగా కనిపిస్లున్పారు,0.0,ఈ కొడుకు గౌతమ్ కూతురు సితారఫొటోలో మహేష్ సతీమణి నమ్రత అలాగే ఎంతో ఆనందంగా కనిపిస్లున్వారు,0.0,ఈ కొడుకు గౌతమ్ కూతురు సితారఫొటోలో మహేష్ సతీమణి నమ్రత అలాగే ఎంతో ఆనందంగా కనిపిస్లున్వారు
బాలీవుడ్ బ్యూటీ కరీనా కపూర్ సైఫ్ అలీ ఖాన్లు రెండు బిడ్డకు జన్మనివ్వనున్నారట,0.0,బాలీవుడ్ బ్యూటీ కరీనా కపూర్ సైఫ్ అలీ ఖాన్గు రెండు బిడ్ధకు జన్శనివ్ననున్వారట,0.0,బాలీవుడ్ బ్యూటీ కరీనా కపూర్ సైఫ్ అలీ ఖాన్ధు రెండు బిడ్ధకు జన్శనివ్చనున్వారట,0.0,బాలీవుడ్ బ్యూటీ కరీనా కపూర్ సైఫ్ అలీ ఖాన్గు రెండు బిడ్దకు జన్శనివ్పనున్వారట,0.0,బాలీవుడ్ బ్యూటీ కరీనా కపూర్ సైఫ్ అలీ ఖాన్గు రెండు బిడ్ధకు జన్శనివ్ననున్వారట
ాహుల్ గాంధీని లాగిన బీజేపీ లీడర్,0.0,ాహుల్ గాంధీని లాగిన బీజేపీ లీడర్,0.0,ాహుల్ గాంధీని లాగిన బీజేపీ లీడర్,0.0,ాహుల్ గాంధీని లాగిన బీజేపీ లీడర్,0.0,ాహుల్ గాంధీని లాగిన బీజేపీ లీడర్
శ్రీ రామశ్రే రాయ్ నివాసి,0.0,శ్రీ రామశ్రే రాయ్ నివాసి,0.0,శ్రీ రామశ్రే రాయ్ నివాసి,0.0,శ్రీ రామశ్రే రాయ్ నివాసి,0.0,శ్రీ రామశ్రే రాయ్ నివాసి
ఈ భేటీ టీడీపీలో చర్చకు తెరతీసింది,0.0,ఈ భేటీ టీడీపీలో చర్వకు తెరతీసింది,0.0,ఈ భేటీ టీడీపీలో చర్వకు తెరతీసింది,0.0,ఈ భేటీ టీడీపీలో చర్సకు తెరతీసింది,0.0,ఈ భేటీ టీడీపీలో చర్సకు తెరతీసింది
ప్రస్తుతం ముంబైలో యాక్షన్ సన్నివేశాల్ని తెరకెక్కిస్తున్నారు,0.0,ప్రస్లుతం ముంబైలో యాక్షన్ సన్వివేశాల్వి తెరకెక్కిస్లున్వారు,0.0,ప్రస్లుతం ముంబైలో యాక్షన్ సన్వివేశాల్పి తెరకెక్కిస్లున్వారు,0.0,ప్రస్లుతం ముంబైలో యాక్షన్ సన్పివేశాల్పి తెరకెక్కిస్లున్పారు,0.0,ప్రస్లుతం ముంబైలో యాక్షన్ సన్వివేశాల్వి తెరకెక్కిస్లున్పారు
ఆ తర్వాత తనకి కనిపించలేదు,0.0,ఆ తర్సాత తనకి కనిపించలేదు,0.0,ఆ తర్యాత తనకి కనిపించలేదు,0.0,ఆ తర్చాత తనకి కనిపించలేదు,0.0,ఆ తర్పాత తనకి కనిపించలేదు
బాలీవుడ్ నటుడు సుశాంత్ సింగ్ రాజ్ పుత్ అంత్యక్రియలు జరిగుతున్న సమయమోనే వారింట్లో మరో విషాదం నెలకొంది,0.0,బాలీవుడ్ నటుడు సుశాంత్ సింగ్ రాజ్ పుత్ అంత్యక్రియలు జరిగుతున్ప సమయమోనే వారింట్గో మరో విషాదం నెలకొంది,0.0,బాలీవుడ్ నటుడు సుశాంత్ సింగ్ రాజ్ పుత్ అంత్యక్రియలు జరిగుతున్వ సమయమోనే వారింట్గో మరో విషాదం నెలకొంది,0.0,బాలీవుడ్ నటుడు సుశాంత్ సింగ్ రాజ్ పుత్ అంత్యక్రియలు జరిగుతున్ప సమయమోనే వారింట్తో మరో విషాదం నెలకొంది,0.0,బాలీవుడ్ నటుడు సుశాంత్ సింగ్ రాజ్ పుత్ అంత్యక్రియలు జరిగుతున్ప సమయమోనే వారింట్గో మరో విషాదం నెలకొంది
తుఫాను ధాటికి ఓ వృద్దురాలి ఇళ్లు కూలిపోయింది,0.0,తుఫాను ధాటికి ఓ వృద్ధురాలి ఇళ్తు కూలిపోయింది,0.0,తుఫాను ధాటికి ఓ వృద్డురాలి ఇళ్గు కూలిపోయింది,0.0,తుఫాను ధాటికి ఓ వృద్ధురాలి ఇళ్ధు కూలిపోయింది,0.0,తుఫాను ధాటికి ఓ వృద్ ురాలి ఇళ్తు కూలిపోయింది
కాని అసలు ఎన్ని ప్రదక్షిణాలు చేయాలి,0.0,కాని అసలు ఎన్వి ప్రదక్షిణాలు చేయాలి,0.0,కాని అసలు ఎన్పి ప్రదక్షిణాలు చేయాలి,0.0,కాని అసలు ఎన్వి ప్రదక్షిణాలు చేయాలి,0.0,కాని అసలు ఎన్పి ప్రదక్షిణాలు చేయాలి
ఓపెనర్లు రోహిత్ శర్మ శిఖర్ ధావన్ ఆశించిన స్థాయిలో ఆడలేక వికెట్లను పారేసుకోవడంతో మిడిల్ ఆర్డర్పై ఒత్తిడి పెరుగుతున్నది,0.0,ఓపెనర్గు రోహిత్ శర్శ శిఖర్ ధావన్ ఆశించిన స్థాయిలో ఆడలేక వికెట్ధను పారేసుకోవడంతో మిడిల్ ఆర్ధర్సై ఒత్లిడి పెరుగుతున్పది,0.0,ఓపెనర్ధు రోహిత్ శర్శ శిఖర్ ధావన్ ఆశించిన స్థాయిలో ఆడలేక వికెట్తను పారేసుకోవడంతో మిడిల్ ఆర్దర్వై ఒత్లిడి పెరుగుతున్వది,0.0,ఓపెనర్ధు రోహిత్ శర్శ శిఖర్ ధావన్ ఆశించిన స్థాయిలో ఆడలేక వికెట్గను పారేసుకోవడంతో మిడిల్ ఆర్దర్యై ఒత్లిడి పెరుగుతున్పది,0.0,ఓపెనర్గు రోహిత్ శర్శ శిఖర్ ధావన్ ఆశించిన స్థాయిలో ఆడలేక వికెట్తను పారేసుకోవడంతో మిడిల్ ఆర్దర్నై ఒత్లిడి పెరుగుతున్వది
పార్టీని ప్రభుత్వాన్ని అన్నీ తానై నడిపించారు,0.0,పార్టీని ప్రభుత్సాన్వి అన్వీ తానై నడిపించారు,0.0,పార్టీని ప్రభుత్చాన్పి అన్వీ తానై నడిపించారు,0.0,పార్టీని ప్రభుత్నాన్పి అన్వీ తానై నడిపించారు,0.0,పార్టీని ప్రభుత్చాన్వి అన్పీ తానై నడిపించారు
కానీ ప్రస్తుత పరిస్థితి చూస్తే అదే నిజమని తెలుస్తుంది,0.0,కానీ ప్రస్లుత పరిస్థితి చూస్లే అదే నిజమని తెలుస్లుంది,0.0,కానీ ప్రస్లుత పరిస్థితి చూస్లే అదే నిజమని తెలుస్లుంది,0.0,కానీ ప్రస్లుత పరిస్థితి చూస్లే అదే నిజమని తెలుస్లుంది,0.0,కానీ ప్రస్లుత పరిస్థితి చూస్లే అదే నిజమని తెలుస్లుంది
అప్పటి వరకు లేనట్లే,0.0,అప్నటి వరకు లేనట్తే,0.0,అప్వటి వరకు లేనట్ధే,0.0,అప్నటి వరకు లేనట్గే,0.0,అప్యటి వరకు లేనట్గే
ప్రత్యేకంగా దృష్టిసారించాం,0.0,ప్రత్యేకంగా దృష్టిసారించాం,0.0,ప్రత్యేకంగా దృష్టిసారించాం,0.0,ప్రత్యేకంగా దృష్టిసారించాం,0.0,ప్రత్యేకంగా దృష్టిసారించాం
అందరినీ ఆశ్చర్యానికి గురిచేసింది,0.0,అందరినీ ఆశ్వర్యానికి గురిచేసింది,0.0,అందరినీ ఆశ్వర్యానికి గురిచేసింది,0.0,అందరినీ ఆశ్సర్యానికి గురిచేసింది,0.0,అందరినీ ఆశ్సర్యానికి గురిచేసింది
అస్వస్థతకు గురైనవారిలో చిన్న పిల్లలు కూడా ఉన్నారు,0.0,అస్నస్థతకు గురైనవారిలో చిన్వ పిల్తలు కూడా ఉన్వారు,0.0,అస్పస్థతకు గురైనవారిలో చిన్ప పిల్గలు కూడా ఉన్వారు,0.0,అస్సస్థతకు గురైనవారిలో చిన్వ పిల్గలు కూడా ఉన్వారు,0.0,అస్నస్థతకు గురైనవారిలో చిన్వ పిల్తలు కూడా ఉన్వారు
వనరుల సెల్లింగ్,0.0,వనరుల సెల్గింగ్,0.0,వనరుల సెల్ధింగ్,0.0,వనరుల సెల్గింగ్,0.0,వనరుల సెల్ధింగ్
పార్టీ ఎమ్మెల్సీ పొంగులేటి సుధాకర్ రెడ్డి ఇతర నాయకులు బొల్లు కిషన్ అనిల్కుమార్ యాదవ్ తదితరులు పాల్గొన్నారు,0.0,పార్టీ ఎమ్శెల్పీ పొంగులేటి సుధాకర్ రెడ్ది ఇతర నాయకులు బొల్గు కిషన్ అనిల్కుమార్ యాదవ్ తదితరులు పాల్లొన్వారు,0.0,పార్టీ ఎమ్శెల్వీ పొంగులేటి సుధాకర్ రెడ్ది ఇతర నాయకులు బొల్గు కిషన్ అనిల్కుమార్ యాదవ్ తదితరులు పాల్ఠొన్వారు,0.0,పార్టీ ఎమ్శెల్పీ పొంగులేటి సుధాకర్ రెడ్ది ఇతర నాయకులు బొల్ధు కిషన్ అనిల్కుమార్ యాదవ్ తదితరులు పాల్లొన్వారు,0.0,పార్టీ ఎమ్శెల్చీ పొంగులేటి సుధాకర్ రెడ్ధి ఇతర నాయకులు బొల్తు కిషన్ అనిల్కుమార్ యాదవ్ తదితరులు పాల్ఠొన్వారు
మొట్టమొదటి స్వతంత్ర అనుమతిని కేవలం లో ప్రారంభ దరఖాస్తు తరువాత నాలుగున్నర సంవత్సరాలకు ఇవ్వబడింది,0.0,మొట్టమొదటి స్చతంత్ర అనుమతిని కేవలం లో ప్రారంభ దరఖాస్లు తరువాత నాలుగున్వర సంవత్నరాలకు ఇవ్యబడింది,0.0,మొట్టమొదటి స్చతంత్ర అనుమతిని కేవలం లో ప్రారంభ దరఖాస్లు తరువాత నాలుగున్వర సంవత్చరాలకు ఇవ్యబడింది,0.0,మొట్టమొదటి స్సతంత్ర అనుమతిని కేవలం లో ప్రారంభ దరఖాస్లు తరువాత నాలుగున్వర సంవత్చరాలకు ఇవ్సబడింది,0.0,మొట్టమొదటి స్సతంత్ర అనుమతిని కేవలం లో ప్రారంభ దరఖాస్లు తరువాత నాలుగున్వర సంవత్నరాలకు ఇవ్సబడింది
అయితే స్పష్టమైన తేదీని తాను చెప్పలేనని అన్నారు,0.0,అయితే స్యష్టమైన తేదీని తాను చెప్యలేనని అన్వారు,0.0,అయితే స్వష్టమైన తేదీని తాను చెప్వలేనని అన్వారు,0.0,అయితే స్వష్టమైన తేదీని తాను చెప్యలేనని అన్పారు,0.0,అయితే స్నష్టమైన తేదీని తాను చెప్సలేనని అన్పారు
తర్వాత పోలీసులకు కంప్లయింట్ ఇచ్చింది,0.0,తర్నాత పోలీసులకు కంప్తయింట్ ఇచ్వింది,0.0,తర్చాత పోలీసులకు కంప్తయింట్ ఇచ్సింది,0.0,తర్పాత పోలీసులకు కంప్గయింట్ ఇచ్వింది,0.0,తర్సాత పోలీసులకు కంప్తయింట్ ఇచ్వింది
దేశానికి ప్రాతినిథ్యం వహిస్తోన్న వీరు,0.0,దేశానికి ప్రాతినిథ్యం వహిస్లోన్ప వీరు,0.0,దేశానికి ప్రాతినిథ్యం వహిస్లోన్వ వీరు,0.0,దేశానికి ప్రాతినిథ్యం వహిస్లోన్ప వీరు,0.0,దేశానికి ప్రాతినిథ్యం వహిస్లోన్వ వీరు
పోలీసులు ఆ యువకుడి కోసం గాలిస్తున్నారు,0.0,పోలీసులు ఆ యువకుడి కోసం గాలిస్లున్పారు,0.0,పోలీసులు ఆ యువకుడి కోసం గాలిస్లున్వారు,0.0,పోలీసులు ఆ యువకుడి కోసం గాలిస్లున్వారు,0.0,పోలీసులు ఆ యువకుడి కోసం గాలిస్లున్పారు
లక్షలు బహుమానం ఇస్తామని పేర్కొన్నారు,0.0,లక్షలు బహుమానం ఇస్లామని పేర్కొన్వారు,0.0,లక్షలు బహుమానం ఇస్లామని పేర్కొన్పారు,0.0,లక్షలు బహుమానం ఇస్లామని పేర్కొన్పారు,0.0,లక్షలు బహుమానం ఇస్లామని పేర్కొన్వారు
అట్టి దానిని పొందడమెలా,0.0,అట్టి దానిని పొందడమెలా,0.0,అట్టి దానిని పొందడమెలా,0.0,అట్టి దానిని పొందడమెలా,0.0,అట్టి దానిని పొందడమెలా
కానీ ప్రయాణికులు మాత్రం తగ్గారు,0.0,కానీ ప్రయాణికులు మాత్రం తగ్ఠారు,0.0,కానీ ప్రయాణికులు మాత్రం తగ్లారు,0.0,కానీ ప్రయాణికులు మాత్రం తగ్ఠారు,0.0,కానీ ప్రయాణికులు మాత్రం తగ్లారు
మృతుల వివరాలు తెలియాల్సి వుంది,0.0,మృతుల వివరాలు తెలియాల్పి వుంది,0.0,మృతుల వివరాలు తెలియాల్వి వుంది,0.0,మృతుల వివరాలు తెలియాల్వి వుంది,0.0,మృతుల వివరాలు తెలియాల్చి వుంది
తీవ్ర గాయాలు కావడంతో పరిస్థితి విషమంగా ఉన్నట్లు అక్కడి వైద్యులు తెలిపారు,0.0,తీవ్ర గాయాలు కావడంతో పరిస్థితి విషమంగా ఉన్పట్తు అక్కడి వైద్యులు తెలిపారు,0.0,తీవ్ర గాయాలు కావడంతో పరిస్థితి విషమంగా ఉన్పట్తు అక్కడి వైద్యులు తెలిపారు,0.0,తీవ్ర గాయాలు కావడంతో పరిస్థితి విషమంగా ఉన్వట్ధు అక్కడి వైద్యులు తెలిపారు,0.0,తీవ్ర గాయాలు కావడంతో పరిస్థితి విషమంగా ఉన్వట్తు అక్కడి వైద్యులు తెలిపారు
అయితే చాలా మంది విద్యార్థులు మాత్రం,0.0,అయితే చాలా మంది విద్యార్థులు మాత్రం,0.0,అయితే చాలా మంది విద్యార్థులు మాత్రం,0.0,అయితే చాలా మంది విద్యార్థులు మాత్రం,0.0,అయితే చాలా మంది విద్యార్థులు మాత్రం
ఈ పత్రమును చూడుటకు లిబ్రేఆఫీస్ కావాలి,0.0,ఈ పత్రమును చూడుటకు లిబ్రేఆఫీస్ కావాలి,0.0,ఈ పత్రమును చూడుటకు లిబ్రేఆఫీస్ కావాలి,0.0,ఈ పత్రమును చూడుటకు లిబ్రేఆఫీస్ కావాలి,0.0,ఈ పత్రమును చూడుటకు లిబ్రేఆఫీస్ కావాలి
ఆ పోట్లాటలో కొన్నిసార్లు ప్రాణాలు కూడా కోల్పోతాయి,0.0,ఆ పోట్గాటలో కొన్విసార్ధు ప్రాణాలు కూడా కోల్నోతాయి,0.0,ఆ పోట్తాటలో కొన్పిసార్గు ప్రాణాలు కూడా కోల్యోతాయి,0.0,ఆ పోట్గాటలో కొన్పిసార్ధు ప్రాణాలు కూడా కోల్సోతాయి,0.0,ఆ పోట్తాటలో కొన్విసార్ధు ప్రాణాలు కూడా కోల్నోతాయి
సెటైరికల్ ట్వీట్స్ తో అదరగొట్టే వివాదాస్పద దర్శకుడు రాంగోపాల్ వర్మ తాజాగా మరోసారి తన సెటైరికల్ స్టేట్మెంట్ ఇచ్చేశాడు,0.0,సెటైరికల్ ట్పీట్చ్ తో అదరగొట్టే వివాదాస్సద దర్మకుడు రాంగోపాల్ వర్శ తాజాగా మరోసారి తన సెటైరికల్ స్టేట్శెంట్ ఇచ్వేశాడు,0.0,సెటైరికల్ ట్యీట్చ్ తో అదరగొట్టే వివాదాస్యద దర్మకుడు రాంగోపాల్ వర్శ తాజాగా మరోసారి తన సెటైరికల్ స్టేట్శెంట్ ఇచ్వేశాడు,0.0,సెటైరికల్ ట్పీట్వ్ తో అదరగొట్టే వివాదాస్వద దర్మకుడు రాంగోపాల్ వర్శ తాజాగా మరోసారి తన సెటైరికల్ స్టేట్శెంట్ ఇచ్వేశాడు,0.0,సెటైరికల్ ట్నీట్చ్ తో అదరగొట్టే వివాదాస్నద దర్మకుడు రాంగోపాల్ వర్శ తాజాగా మరోసారి తన సెటైరికల్ స్టేట్శెంట్ ఇచ్సేశాడు
పత్రికా ప్రకటనలకు వందల కోట్లు ఖర్చు చేస్తున్నారని అన్నారు,0.0,పత్రికా ప్రకటనలకు వందల కోట్గు ఖర్వు చేస్లున్వారని అన్పారు,0.0,పత్రికా ప్రకటనలకు వందల కోట్ధు ఖర్వు చేస్లున్పారని అన్పారు,0.0,పత్రికా ప్రకటనలకు వందల కోట్తు ఖర్వు చేస్లున్పారని అన్పారు,0.0,పత్రికా ప్రకటనలకు వందల కోట్ధు ఖర్వు చేస్లున్పారని అన్పారు
కర్మకు సాక్షి ఎవరు,0.0,కర్శకు సాక్షి ఎవరు,0.0,కర్శకు సాక్షి ఎవరు,0.0,కర్శకు సాక్షి ఎవరు,0.0,కర్శకు సాక్షి ఎవరు
లక్షలు కట్టాల్సిందే,0.0,లక్షలు కట్టాల్విందే,0.0,లక్షలు కట్టాల్చిందే,0.0,లక్షలు కట్టాల్విందే,0.0,లక్షలు కట్టాల్పిందే
ఇప్పటివరకు అటువంటి ఉత్తర్వులేవీ జారీ చేయలేదని విద్యాశాఖ స్పష్టం చేసింది,0.0,ఇప్వటివరకు అటువంటి ఉత్లర్పులేవీ జారీ చేయలేదని విద్యాశాఖ స్సష్టం చేసింది,0.0,ఇప్నటివరకు అటువంటి ఉత్లర్నులేవీ జారీ చేయలేదని విద్యాశాఖ స్యష్టం చేసింది,0.0,ఇప్వటివరకు అటువంటి ఉత్లర్సులేవీ జారీ చేయలేదని విద్యాశాఖ స్యష్టం చేసింది,0.0,ఇప్నటివరకు అటువంటి ఉత్లర్చులేవీ జారీ చేయలేదని విద్యాశాఖ స్యష్టం చేసింది
నిందితుడిపై ఇప్పటికే కేసులు నమోదైనాయి,0.0,నిందితుడిపై ఇప్వటికే కేసులు నమోదైనాయి,0.0,నిందితుడిపై ఇప్నటికే కేసులు నమోదైనాయి,0.0,నిందితుడిపై ఇప్యటికే కేసులు నమోదైనాయి,0.0,నిందితుడిపై ఇప్వటికే కేసులు నమోదైనాయి
సీఎం నితీష్ కుమార్ మరోసారి,0.0,సీఎం నితీష్ కుమార్ మరోసారి,0.0,సీఎం నితీష్ కుమార్ మరోసారి,0.0,సీఎం నితీష్ కుమార్ మరోసారి,0.0,సీఎం నితీష్ కుమార్ మరోసారి
ఎవరు ఇష్టం లేదు వేచి ఉన్నారు,0.0,ఎవరు ఇష్టం లేదు వేచి ఉన్పారు,0.0,ఎవరు ఇష్టం లేదు వేచి ఉన్పారు,0.0,ఎవరు ఇష్టం లేదు వేచి ఉన్పారు,0.0,ఎవరు ఇష్టం లేదు వేచి ఉన్వారు
ఇదొక స్వీయ ధ్రువీకరణ వంటిదే,0.0,ఇదొక స్యీయ ధ్రువీకరణ వంటిదే,0.0,ఇదొక స్యీయ ధ్రువీకరణ వంటిదే,0.0,ఇదొక స్యీయ ధ్రువీకరణ వంటిదే,0.0,ఇదొక స్పీయ ధ్రువీకరణ వంటిదే
కానీ అనుకున్న ఫలితాలను సాధించలేకపోయారు,0.0,కానీ అనుకున్ప ఫలితాలను సాధించలేకపోయారు,0.0,కానీ అనుకున్ప ఫలితాలను సాధించలేకపోయారు,0.0,కానీ అనుకున్వ ఫలితాలను సాధించలేకపోయారు,0.0,కానీ అనుకున్వ ఫలితాలను సాధించలేకపోయారు
అంటే అదీ జరగలేదు,0.0,అంటే అదీ జరగలేదు,0.0,అంటే అదీ జరగలేదు,0.0,అంటే అదీ జరగలేదు,0.0,అంటే అదీ జరగలేదు
అదృష్టవశాత్తూ మేము ఇక్కడ ఒంటరిగా లేము,0.0,అదృష్టవశాత్లూ మేము ఇక్కడ ఒంటరిగా లేము,0.0,అదృష్టవశాత్లూ మేము ఇక్కడ ఒంటరిగా లేము,0.0,అదృష్టవశాత్లూ మేము ఇక్కడ ఒంటరిగా లేము,0.0,అదృష్టవశాత్లూ మేము ఇక్కడ ఒంటరిగా లేము
మేఘాలయ రాష్ట్రంలోని నైరుతి ఖాసీ పర్వత జిల్లా పరిధిలోని బహిరంగ ప్రదేశాల్లో మాస్కులు ధరించడాన్ని ప్రభుత్వం తప్పనిసరి చేసింది,0.0,మేఘాలయ రాష్ట్రంలోని నైరుతి ఖాసీ పర్సత జిల్గా పరిధిలోని బహిరంగ ప్రదేశాల్గో మాస్కులు ధరించడాన్వి ప్రభుత్యం తప్వనిసరి చేసింది,0.0,మేఘాలయ రాష్ట్రంలోని నైరుతి ఖాసీ పర్యత జిల్ధా పరిధిలోని బహిరంగ ప్రదేశాల్గో మాస్కులు ధరించడాన్వి ప్రభుత్నం తప్సనిసరి చేసింది,0.0,మేఘాలయ రాష్ట్రంలోని నైరుతి ఖాసీ పర్నత జిల్తా పరిధిలోని బహిరంగ ప్రదేశాల్తో మాస్కులు ధరించడాన్పి ప్రభుత్పం తప్ననిసరి చేసింది,0.0,మేఘాలయ రాష్ట్రంలోని నైరుతి ఖాసీ పర్చత జిల్గా పరిధిలోని బహిరంగ ప్రదేశాల్తో మాస్కులు ధరించడాన్వి ప్రభుత్పం తప్ననిసరి చేసింది
బాలికలపై అఘాయిత్యం హత్య,0.0,బాలికలపై అఘాయిత్యం హత్య,0.0,బాలికలపై అఘాయిత్యం హత్య,0.0,బాలికలపై అఘాయిత్యం హత్య,0.0,బాలికలపై అఘాయిత్యం హత్య
ఎవర్నీ ప్రెజర్ చేయొద్దు,0.0,ఎవర్వీ ప్రెజర్ చేయొద్డు,0.0,ఎవర్పీ ప్రెజర్ చేయొద్ ు,0.0,ఎవర్వీ ప్రెజర్ చేయొద్డు,0.0,ఎవర్పీ ప్రెజర్ చేయొద్ ు
ఇస్లామిక్ అకాడమీ ఆఫ్ ఎడ్యుకేషన్ కేసు,0.0,ఇస్గామిక్ అకాడమీ ఆఫ్ ఎడ్యుకేషన్ కేసు,0.0,ఇస్తామిక్ అకాడమీ ఆఫ్ ఎడ్యుకేషన్ కేసు,0.0,ఇస్ధామిక్ అకాడమీ ఆఫ్ ఎడ్యుకేషన్ కేసు,0.0,ఇస్గామిక్ అకాడమీ ఆఫ్ ఎడ్యుకేషన్ కేసు
లక్షలు చంద్రశేఖర్ రూ,0.0,లక్షలు చంద్రశేఖర్ రూ,0.0,లక్షలు చంద్రశేఖర్ రూ,0.0,లక్షలు చంద్రశేఖర్ రూ,0.0,లక్షలు చంద్రశేఖర్ రూ
సుగంధ మరియు మూలికలతో సీజన్,0.0,సుగంధ మరియు మూలికలతో సీజన్,0.0,సుగంధ మరియు మూలికలతో సీజన్,0.0,సుగంధ మరియు మూలికలతో సీజన్,0.0,సుగంధ మరియు మూలికలతో సీజన్
ఇక్కడి ముఖ్య ఆకర్షనలలో ప్రధానమైనవి భగవంతుండు హనుమంతుడి గుడి మరియు మౌంట్ డెలి లైట్ హౌస్,0.0,ఇక్కడి ముఖ్య ఆకర్షనలలో ప్రధానమైనవి భగవంతుండు హనుమంతుడి గుడి మరియు మౌంట్ డెలి లైట్ హౌస్,0.0,ఇక్కడి ముఖ్య ఆకర్షనలలో ప్రధానమైనవి భగవంతుండు హనుమంతుడి గుడి మరియు మౌంట్ డెలి లైట్ హౌస్,0.0,ఇక్కడి ముఖ్య ఆకర్షనలలో ప్రధానమైనవి భగవంతుండు హనుమంతుడి గుడి మరియు మౌంట్ డెలి లైట్ హౌస్,0.0,ఇక్కడి ముఖ్య ఆకర్షనలలో ప్రధానమైనవి భగవంతుండు హనుమంతుడి గుడి మరియు మౌంట్ డెలి లైట్ హౌస్
పైన పేర్కొన్న కమిషన్,0.0,పైన పేర్కొన్వ కమిషన్,0.0,పైన పేర్కొన్వ కమిషన్,0.0,పైన పేర్కొన్ప కమిషన్,0.0,పైన పేర్కొన్వ కమిషన్
ఏం బాగా ఉండడం,0.0,ఏం బాగా ఉండడం,0.0,ఏం బాగా ఉండడం,0.0,ఏం బాగా ఉండడం,0.0,ఏం బాగా ఉండడం
ఇది ప్రతిచోటా జరుగుతుంది,0.0,ఇది ప్రతిచోటా జరుగుతుంది,0.0,ఇది ప్రతిచోటా జరుగుతుంది,0.0,ఇది ప్రతిచోటా జరుగుతుంది,0.0,ఇది ప్రతిచోటా జరుగుతుంది
తల్లి అడిగింది,0.0,తల్తి అడిగింది,0.0,తల్గి అడిగింది,0.0,తల్ధి అడిగింది,0.0,తల్ధి అడిగింది
రాష్ట్రప్రభుత్వ నిర్ణయం,0.0,రాష్ట్రప్రభుత్చ నిర్ణయం,0.0,రాష్ట్రప్రభుత్య నిర్ణయం,0.0,రాష్ట్రప్రభుత్న నిర్ణయం,0.0,రాష్ట్రప్రభుత్ప నిర్ణయం
దీన్ని తానే సొంతంగా కథారచన చేశారు,0.0,దీన్వి తానే సొంతంగా కథారచన చేశారు,0.0,దీన్పి తానే సొంతంగా కథారచన చేశారు,0.0,దీన్పి తానే సొంతంగా కథారచన చేశారు,0.0,దీన్వి తానే సొంతంగా కథారచన చేశారు
హైదరాబాద్ మెట్రో దేశంలో రెండవ పెద్ద మెట్రో గా గుర్తింపుపొందింది,0.0,హైదరాబాద్ మెట్రో దేశంలో రెండవ పెద్  మెట్రో గా గుర్లింపుపొందింది,0.0,హైదరాబాద్ మెట్రో దేశంలో రెండవ పెద్  మెట్రో గా గుర్లింపుపొందింది,0.0,హైదరాబాద్ మెట్రో దేశంలో రెండవ పెద్డ మెట్రో గా గుర్లింపుపొందింది,0.0,హైదరాబాద్ మెట్రో దేశంలో రెండవ పెద్  మెట్రో గా గుర్లింపుపొందింది
మరునాడు సమాచారాన్ని అందుకున్న పోలీసులు ఘటనా స్థలానికి చేరుకుని పరిశీలించారు,0.0,మరునాడు సమాచారాన్పి అందుకున్ప పోలీసులు ఘటనా స్థలానికి చేరుకుని పరిశీలించారు,0.0,మరునాడు సమాచారాన్పి అందుకున్వ పోలీసులు ఘటనా స్థలానికి చేరుకుని పరిశీలించారు,0.0,మరునాడు సమాచారాన్వి అందుకున్ప పోలీసులు ఘటనా స్థలానికి చేరుకుని పరిశీలించారు,0.0,మరునాడు సమాచారాన్పి అందుకున్వ పోలీసులు ఘటనా స్థలానికి చేరుకుని పరిశీలించారు
గ్రీన్ వెజిటబుల్స్,0.0,గ్రీన్ వెజిటబుల్వ్,0.0,గ్రీన్ వెజిటబుల్న్,0.0,గ్రీన్ వెజిటబుల్ప్,0.0,గ్రీన్ వెజిటబుల్వ్
ఢిల్లీలోని యమున నదిలో ప్రమాదకరస్థాయిలో వరద ఉధృతి ప్రవహిస్తోంది,0.0,ఢిల్గీలోని యమున నదిలో ప్రమాదకరస్థాయిలో వరద ఉధృతి ప్రవహిస్లోంది,0.0,ఢిల్తీలోని యమున నదిలో ప్రమాదకరస్థాయిలో వరద ఉధృతి ప్రవహిస్లోంది,0.0,ఢిల్ధీలోని యమున నదిలో ప్రమాదకరస్థాయిలో వరద ఉధృతి ప్రవహిస్లోంది,0.0,ఢిల్ధీలోని యమున నదిలో ప్రమాదకరస్థాయిలో వరద ఉధృతి ప్రవహిస్లోంది
ఇది చాలా అర్థం కాదు,0.0,ఇది చాలా అర్థం కాదు,0.0,ఇది చాలా అర్థం కాదు,0.0,ఇది చాలా అర్థం కాదు,0.0,ఇది చాలా అర్థం కాదు
దేశంలో నెలకొన్న,0.0,దేశంలో నెలకొన్వ,0.0,దేశంలో నెలకొన్ప,0.0,దేశంలో నెలకొన్ప,0.0,దేశంలో నెలకొన్వ
కాగా విజయ్ చిత్రం మిన్సార కన్న లో విడుదలైంది,0.0,కాగా విజయ్ చిత్రం మిన్వార కన్ప లో విడుదలైంది,0.0,కాగా విజయ్ చిత్రం మిన్చార కన్వ లో విడుదలైంది,0.0,కాగా విజయ్ చిత్రం మిన్చార కన్వ లో విడుదలైంది,0.0,కాగా విజయ్ చిత్రం మిన్నార కన్ప లో విడుదలైంది
తేమను పట్టుకునేట్లుండాలి,0.0,తేమను పట్టుకునేట్గుండాలి,0.0,తేమను పట్టుకునేట్తుండాలి,0.0,తేమను పట్టుకునేట్తుండాలి,0.0,తేమను పట్టుకునేట్తుండాలి
హైదరాబాద్ హైదరాబాద్ మెట్రో రైలు దారి తప్పింది,0.0,హైదరాబాద్ హైదరాబాద్ మెట్రో రైలు దారి తప్వింది,0.0,హైదరాబాద్ హైదరాబాద్ మెట్రో రైలు దారి తప్నింది,0.0,హైదరాబాద్ హైదరాబాద్ మెట్రో రైలు దారి తప్నింది,0.0,హైదరాబాద్ హైదరాబాద్ మెట్రో రైలు దారి తప్నింది
ప్రశాంతంగా ఉండడం,0.0,ప్రశాంతంగా ఉండడం,0.0,ప్రశాంతంగా ఉండడం,0.0,ప్రశాంతంగా ఉండడం,0.0,ప్రశాంతంగా ఉండడం
రికార్డుస్థాయిలో పేషెంట్లు కోలుకోవడం వల్ల యాక్టివ్ కేసులు కు పడిపోయాయి,0.0,రికార్దుస్థాయిలో పేషెంట్ధు కోలుకోవడం వల్ధ యాక్టివ్ కేసులు కు పడిపోయాయి,0.0,రికార్ధుస్థాయిలో పేషెంట్ధు కోలుకోవడం వల్త యాక్టివ్ కేసులు కు పడిపోయాయి,0.0,రికార్దుస్థాయిలో పేషెంట్ధు కోలుకోవడం వల్ధ యాక్టివ్ కేసులు కు పడిపోయాయి,0.0,రికార్దుస్థాయిలో పేషెంట్గు కోలుకోవడం వల్త యాక్టివ్ కేసులు కు పడిపోయాయి
ప్రసార అనేక మార్గాలు ఉన్నాయి,0.0,ప్రసార అనేక మార్లాలు ఉన్వాయి,0.0,ప్రసార అనేక మార్ధాలు ఉన్పాయి,0.0,ప్రసార అనేక మార్లాలు ఉన్వాయి,0.0,ప్రసార అనేక మార్ధాలు ఉన్వాయి
కప్పు తరిగిన పార్స్లీ,0.0,కప్వు తరిగిన పార్వ్గీ,0.0,కప్యు తరిగిన పార్చ్ధీ,0.0,కప్యు తరిగిన పార్వ్తీ,0.0,కప్ను తరిగిన పార్ప్ధీ
ఆధ్యాత్మిక ఇశ్రాయేలులో భాగంగా ఉండేందుకు పరిశుద్ధాత్మచే ముద్రించబడిన వారి సంఖ్య,0.0,ఆధ్యాత్శిక ఇశ్రాయేలులో భాగంగా ఉండేందుకు పరిశుద్లాత్శచే ముద్రించబడిన వారి సంఖ్య,0.0,ఆధ్యాత్శిక ఇశ్రాయేలులో భాగంగా ఉండేందుకు పరిశుద్డాత్శచే ముద్రించబడిన వారి సంఖ్య,0.0,ఆధ్యాత్శిక ఇశ్రాయేలులో భాగంగా ఉండేందుకు పరిశుద్డాత్శచే ముద్రించబడిన వారి సంఖ్య,0.0,ఆధ్యాత్శిక ఇశ్రాయేలులో భాగంగా ఉండేందుకు పరిశుద్డాత్శచే ముద్రించబడిన వారి సంఖ్య
మీరంతా ఎందుకోసం రాస్తున్నారు,0.0,మీరంతా ఎందుకోసం రాస్లున్పారు,0.0,మీరంతా ఎందుకోసం రాస్లున్వారు,0.0,మీరంతా ఎందుకోసం రాస్లున్వారు,0.0,మీరంతా ఎందుకోసం రాస్లున్పారు
రాష్ట్రపతి ప్రసంగానికి సమాధానం చెప్పే తీర్మానంపై ప్రధాని ప్రసంగానికి ప్రతిపక్షాలు అడ్డుతగలడం చరిత్రలో ఎన్నడూ లేదని షా పేర్కొన్నారు,0.0,రాష్ట్రపతి ప్రసంగానికి సమాధానం చెప్యే తీర్శానంపై ప్రధాని ప్రసంగానికి ప్రతిపక్షాలు అడ్ధుతగలడం చరిత్రలో ఎన్పడూ లేదని షా పేర్కొన్వారు,0.0,రాష్ట్రపతి ప్రసంగానికి సమాధానం చెప్వే తీర్శానంపై ప్రధాని ప్రసంగానికి ప్రతిపక్షాలు అడ్ధుతగలడం చరిత్రలో ఎన్పడూ లేదని షా పేర్కొన్పారు,0.0,రాష్ట్రపతి ప్రసంగానికి సమాధానం చెప్నే తీర్శానంపై ప్రధాని ప్రసంగానికి ప్రతిపక్షాలు అడ్ధుతగలడం చరిత్రలో ఎన్వడూ లేదని షా పేర్కొన్పారు,0.0,రాష్ట్రపతి ప్రసంగానికి సమాధానం చెప్యే తీర్శానంపై ప్రధాని ప్రసంగానికి ప్రతిపక్షాలు అడ్ధుతగలడం చరిత్రలో ఎన్వడూ లేదని షా పేర్కొన్వారు
సర్వజనుల సంక్షేమం కోసం,0.0,సర్సజనుల సంక్షేమం కోసం,0.0,సర్యజనుల సంక్షేమం కోసం,0.0,సర్చజనుల సంక్షేమం కోసం,0.0,సర్యజనుల సంక్షేమం కోసం
బి శిక్షణ కార్యక్రమాల నిర్వహణ కోసం ఫ్రెంచి నిపుణులను భారత్ కు పంపడం,0.0,బి శిక్షణ కార్యక్రమాల నిర్యహణ కోసం ఫ్రెంచి నిపుణులను భారత్ కు పంపడం,0.0,బి శిక్షణ కార్యక్రమాల నిర్నహణ కోసం ఫ్రెంచి నిపుణులను భారత్ కు పంపడం,0.0,బి శిక్షణ కార్యక్రమాల నిర్సహణ కోసం ఫ్రెంచి నిపుణులను భారత్ కు పంపడం,0.0,బి శిక్షణ కార్యక్రమాల నిర్నహణ కోసం ఫ్రెంచి నిపుణులను భారత్ కు పంపడం
కానీ ఆంధ్రాకు కేంద్రం ఇచ్చిన రూ,0.0,కానీ ఆంధ్రాకు కేంద్రం ఇచ్విన రూ,0.0,కానీ ఆంధ్రాకు కేంద్రం ఇచ్సిన రూ,0.0,కానీ ఆంధ్రాకు కేంద్రం ఇచ్సిన రూ,0.0,కానీ ఆంధ్రాకు కేంద్రం ఇచ్విన రూ
ఒక పెద్ద పాత్రలో జొన్న పిండి పెసర పిండి ఇడ్లీ రవ్వ వేసి అన్నీ కలిసేలా కలపాలి,0.0,ఒక పెద్ధ పాత్రలో జొన్ప పిండి పెసర పిండి ఇడ్గీ రవ్న వేసి అన్పీ కలిసేలా కలపాలి,0.0,ఒక పెద్డ పాత్రలో జొన్వ పిండి పెసర పిండి ఇడ్ధీ రవ్య వేసి అన్వీ కలిసేలా కలపాలి,0.0,ఒక పెద్  పాత్రలో జొన్వ పిండి పెసర పిండి ఇడ్గీ రవ్స వేసి అన్పీ కలిసేలా కలపాలి,0.0,ఒక పెద్ధ పాత్రలో జొన్వ పిండి పెసర పిండి ఇడ్గీ రవ్ప వేసి అన్వీ కలిసేలా కలపాలి
రక్తం గడ్డ కడుతుంది,0.0,రక్లం గడ్ధ కడుతుంది,0.0,రక్లం గడ్ధ కడుతుంది,0.0,రక్లం గడ్ద కడుతుంది,0.0,రక్లం గడ్ధ కడుతుంది
వేల రూపాయల జరిమానా,0.0,వేల రూపాయల జరిమానా,0.0,వేల రూపాయల జరిమానా,0.0,వేల రూపాయల జరిమానా,0.0,వేల రూపాయల జరిమానా
సమాప్తమైన అప్డేట్లను వినియోగదారునుకి తెలుపు చోట వినియోగదారుడు పునఃప్రారంభించ వలసినదిగా కోరుము,0.0,సమాప్లమైన అప్దేట్ధను వినియోగదారునుకి తెలుపు చోట వినియోగదారుడు పునఃప్రారంభించ వలసినదిగా కోరుము,0.0,సమాప్లమైన అప్ధేట్తను వినియోగదారునుకి తెలుపు చోట వినియోగదారుడు పునఃప్రారంభించ వలసినదిగా కోరుము,0.0,సమాప్లమైన అప్దేట్తను వినియోగదారునుకి తెలుపు చోట వినియోగదారుడు పునఃప్రారంభించ వలసినదిగా కోరుము,0.0,సమాప్లమైన అప్దేట్గను వినియోగదారునుకి తెలుపు చోట వినియోగదారుడు పునఃప్రారంభించ వలసినదిగా కోరుము
పరుగులు చేసి క్రీజులో ఉన్నాడు,0.0,పరుగులు చేసి క్రీజులో ఉన్వాడు,0.0,పరుగులు చేసి క్రీజులో ఉన్పాడు,0.0,పరుగులు చేసి క్రీజులో ఉన్వాడు,0.0,పరుగులు చేసి క్రీజులో ఉన్వాడు
ఆయన జైలు జీవితం కూడా గడిపారు,0.0,ఆయన జైలు జీవితం కూడా గడిపారు,0.0,ఆయన జైలు జీవితం కూడా గడిపారు,0.0,ఆయన జైలు జీవితం కూడా గడిపారు,0.0,ఆయన జైలు జీవితం కూడా గడిపారు
రావి,0.0,రావి,0.0,రావి,0.0,రావి,0.0,రావి
ఇది వినోద సమయం కాదు,0.0,ఇది వినోద సమయం కాదు,0.0,ఇది వినోద సమయం కాదు,0.0,ఇది వినోద సమయం కాదు,0.0,ఇది వినోద సమయం కాదు
వీలైనంత త్వరగా ఈ అంశాన్ని పరిశీలిస్తామని తెలిపారు,0.0,వీలైనంత త్నరగా ఈ అంశాన్పి పరిశీలిస్లామని తెలిపారు,0.0,వీలైనంత త్పరగా ఈ అంశాన్పి పరిశీలిస్లామని తెలిపారు,0.0,వీలైనంత త్యరగా ఈ అంశాన్పి పరిశీలిస్లామని తెలిపారు,0.0,వీలైనంత త్చరగా ఈ అంశాన్వి పరిశీలిస్లామని తెలిపారు
మర్నాడు పోలీసులు శవాన్ని స్వాధీనం చేసుకున్నారు,0.0,మర్పాడు పోలీసులు శవాన్వి స్సాధీనం చేసుకున్పారు,0.0,మర్వాడు పోలీసులు శవాన్పి స్పాధీనం చేసుకున్పారు,0.0,మర్వాడు పోలీసులు శవాన్వి స్పాధీనం చేసుకున్పారు,0.0,మర్వాడు పోలీసులు శవాన్వి స్చాధీనం చేసుకున్పారు
కోట్లను కేటాయించింది,0.0,కోట్తను కేటాయించింది,0.0,కోట్ధను కేటాయించింది,0.0,కోట్ధను కేటాయించింది,0.0,కోట్తను కేటాయించింది
ఈ పరీక్షలో ఎంపికైన విద్యార్థుల జాబితాను అధికారిక వెబ్సైట్ లో పొందుపర్చారు,0.0,ఈ పరీక్షలో ఎంపికైన విద్యార్థుల జాబితాను అధికారిక వెబ్చైట్ లో పొందుపర్వారు,0.0,ఈ పరీక్షలో ఎంపికైన విద్యార్థుల జాబితాను అధికారిక వెబ్చైట్ లో పొందుపర్సారు,0.0,ఈ పరీక్షలో ఎంపికైన విద్యార్థుల జాబితాను అధికారిక వెబ్చైట్ లో పొందుపర్వారు,0.0,ఈ పరీక్షలో ఎంపికైన విద్యార్థుల జాబితాను అధికారిక వెబ్వైట్ లో పొందుపర్వారు
కొన్ని సార్లు వారిని సమస్యల్లో పాడేస్తుంది,0.0,కొన్పి సార్గు వారిని సమస్యల్తో పాడేస్లుంది,0.0,కొన్వి సార్తు వారిని సమస్యల్గో పాడేస్లుంది,0.0,కొన్పి సార్ధు వారిని సమస్యల్తో పాడేస్లుంది,0.0,కొన్పి సార్గు వారిని సమస్యల్ధో పాడేస్లుంది
ఎన్నికల్లో తెలుగుదేశం పార్టీకి పవన్కళ్యాణ్ సంపూర్ణమైన మద్దతునిచ్చారు,0.0,ఎన్వికల్ధో తెలుగుదేశం పార్టీకి పవన్కళ్యాణ్ సంపూర్ణమైన మద్ధతునిచ్వారు,0.0,ఎన్పికల్తో తెలుగుదేశం పార్టీకి పవన్కళ్యాణ్ సంపూర్ణమైన మద్ధతునిచ్సారు,0.0,ఎన్పికల్గో తెలుగుదేశం పార్టీకి పవన్కళ్యాణ్ సంపూర్ణమైన మద్డతునిచ్సారు,0.0,ఎన్పికల్తో తెలుగుదేశం పార్టీకి పవన్కళ్యాణ్ సంపూర్ణమైన మద్ తునిచ్సారు
ఆర్థిక వృద్ధికి చట్టబద్ధమైన పన్నులను చెల్లించే కంపెనీలకు మద్దతుకు ప్రభుత్వం కట్టుబడి ఉందని సంకేతమిస్తోంది,0.0,ఆర్థిక వృద్డికి చట్టబద్డమైన పన్పులను చెల్గించే కంపెనీలకు మద్ తుకు ప్రభుత్పం కట్టుబడి ఉందని సంకేతమిస్లోంది,0.0,ఆర్థిక వృద్దికి చట్టబద్లమైన పన్వులను చెల్తించే కంపెనీలకు మద్ధతుకు ప్రభుత్పం కట్టుబడి ఉందని సంకేతమిస్లోంది,0.0,ఆర్థిక వృద్దికి చట్టబద్దమైన పన్పులను చెల్ధించే కంపెనీలకు మద్ధతుకు ప్రభుత్యం కట్టుబడి ఉందని సంకేతమిస్లోంది,0.0,ఆర్థిక వృద్లికి చట్టబద్గమైన పన్పులను చెల్తించే కంపెనీలకు మద్డతుకు ప్రభుత్పం కట్టుబడి ఉందని సంకేతమిస్లోంది
విషయాన్నీ ఆమె ఓ ఇంటర్వ్యూలో చెప్పుకొచ్చారు,0.0,విషయాన్వీ ఆమె ఓ ఇంటర్చ్యూలో చెప్యుకొచ్వారు,0.0,విషయాన్వీ ఆమె ఓ ఇంటర్న్యూలో చెప్వుకొచ్సారు,0.0,విషయాన్వీ ఆమె ఓ ఇంటర్చ్యూలో చెప్యుకొచ్సారు,0.0,విషయాన్వీ ఆమె ఓ ఇంటర్స్యూలో చెప్నుకొచ్వారు
ిర్ణయాలకు ప్రచారం రావటం లేదు,0.0,ిర్ణయాలకు ప్రచారం రావటం లేదు,0.0,ిర్ణయాలకు ప్రచారం రావటం లేదు,0.0,ిర్ణయాలకు ప్రచారం రావటం లేదు,0.0,ిర్ణయాలకు ప్రచారం రావటం లేదు
అందమైన వారి తెల్లని శరీరాలను చూసి వారు అప్సరసలని స్వర్గం నుండి దిగి వచ్చారని భావించేవారు,0.0,అందమైన వారి తెల్ధని శరీరాలను చూసి వారు అప్చరసలని స్చర్లం నుండి దిగి వచ్సారని భావించేవారు,0.0,అందమైన వారి తెల్ధని శరీరాలను చూసి వారు అప్చరసలని స్చర్లం నుండి దిగి వచ్సారని భావించేవారు,0.0,అందమైన వారి తెల్తని శరీరాలను చూసి వారు అప్చరసలని స్నర్ఠం నుండి దిగి వచ్వారని భావించేవారు,0.0,అందమైన వారి తెల్తని శరీరాలను చూసి వారు అప్పరసలని స్చర్లం నుండి దిగి వచ్వారని భావించేవారు
సూర్యంజి వ్యాసం,0.0,సూర్యంజి వ్యాసం,0.0,సూర్యంజి వ్యాసం,0.0,సూర్యంజి వ్యాసం,0.0,సూర్యంజి వ్యాసం
ప్రఖ్యాత దేశ స్వాతంత్ర పోరాట యోధుడు రఫీ అహ్మద్ కిద్వాయి జన్మించిన ఒక చిన్న గ్రామం ఇది,0.0,ప్రఖ్యాత దేశ స్నాతంత్ర పోరాట యోధుడు రఫీ అహ్శద్ కిద్చాయి జన్శించిన ఒక చిన్ప గ్రామం ఇది,0.0,ప్రఖ్యాత దేశ స్పాతంత్ర పోరాట యోధుడు రఫీ అహ్శద్ కిద్చాయి జన్శించిన ఒక చిన్వ గ్రామం ఇది,0.0,ప్రఖ్యాత దేశ స్యాతంత్ర పోరాట యోధుడు రఫీ అహ్శద్ కిద్యాయి జన్శించిన ఒక చిన్ప గ్రామం ఇది,0.0,ప్రఖ్యాత దేశ స్నాతంత్ర పోరాట యోధుడు రఫీ అహ్శద్ కిద్నాయి జన్శించిన ఒక చిన్వ గ్రామం ఇది
నేను నీ కీర్తి అంతటిని ప్రసిద్ధిచేయుచుసీయోను కుమార్తె గుమ్మములలోనీ రక్షణనుబట్టి హర్షించునట్లుయెహోవా నన్ను కరుణించుము,0.0,నేను నీ కీర్లి అంతటిని ప్రసిద్గిచేయుచుసీయోను కుమార్లె గుమ్శములలోనీ రక్షణనుబట్టి హర్షించునట్ధుయెహోవా నన్పు కరుణించుము,0.0,నేను నీ కీర్లి అంతటిని ప్రసిద్డిచేయుచుసీయోను కుమార్లె గుమ్శములలోనీ రక్షణనుబట్టి హర్షించునట్గుయెహోవా నన్పు కరుణించుము,0.0,నేను నీ కీర్లి అంతటిని ప్రసిద్దిచేయుచుసీయోను కుమార్లె గుమ్శములలోనీ రక్షణనుబట్టి హర్షించునట్ధుయెహోవా నన్పు కరుణించుము,0.0,నేను నీ కీర్లి అంతటిని ప్రసిద్లిచేయుచుసీయోను కుమార్లె గుమ్శములలోనీ రక్షణనుబట్టి హర్షించునట్తుయెహోవా నన్వు కరుణించుము
ఉపయోగం కోసం సూచనలు,0.0,ఉపయోగం కోసం సూచనలు,0.0,ఉపయోగం కోసం సూచనలు,0.0,ఉపయోగం కోసం సూచనలు,0.0,ఉపయోగం కోసం సూచనలు
ాకేదో కొందరు,0.0,ాకేదో కొందరు,0.0,ాకేదో కొందరు,0.0,ాకేదో కొందరు,0.0,ాకేదో కొందరు
డ్రై అయిన తర్వాత మంచి నీళ్ళతో శుభ్రం చేసుకోవాలి,0.0,డ్రై అయిన తర్పాత మంచి నీళ్ళతో శుభ్రం చేసుకోవాలి,0.0,డ్రై అయిన తర్సాత మంచి నీళ్ళతో శుభ్రం చేసుకోవాలి,0.0,డ్రై అయిన తర్సాత మంచి నీళ్ళతో శుభ్రం చేసుకోవాలి,0.0,డ్రై అయిన తర్యాత మంచి నీళ్ళతో శుభ్రం చేసుకోవాలి
ఇక్కడ ఈ వైరస్ సోకిన వారి సంఖ్య కూడా రోజురోజుకూ పెరుగుతోంది,0.0,ఇక్కడ ఈ వైరస్ సోకిన వారి సంఖ్య కూడా రోజురోజుకూ పెరుగుతోంది,0.0,ఇక్కడ ఈ వైరస్ సోకిన వారి సంఖ్య కూడా రోజురోజుకూ పెరుగుతోంది,0.0,ఇక్కడ ఈ వైరస్ సోకిన వారి సంఖ్య కూడా రోజురోజుకూ పెరుగుతోంది,0.0,ఇక్కడ ఈ వైరస్ సోకిన వారి సంఖ్య కూడా రోజురోజుకూ పెరుగుతోంది
కార్యాలయంలో పనిచేసేటప్పుడు కమ్యూనికేషన్ చాలా ముఖ్యం,0.0,కార్యాలయంలో పనిచేసేటప్వుడు కమ్యూనికేషన్ చాలా ముఖ్యం,0.0,కార్యాలయంలో పనిచేసేటప్వుడు కమ్యూనికేషన్ చాలా ముఖ్యం,0.0,కార్యాలయంలో పనిచేసేటప్వుడు కమ్యూనికేషన్ చాలా ముఖ్యం,0.0,కార్యాలయంలో పనిచేసేటప్వుడు కమ్యూనికేషన్ చాలా ముఖ్యం
ఈ కార్యక్రమంలో కేంద్ర హోంశాఖ సహాయమంత్రి కిషన్ రెడ్డి పాల్గొన్నారు,0.0,ఈ కార్యక్రమంలో కేంద్ర హోంశాఖ సహాయమంత్రి కిషన్ రెడ్ది పాల్ధొన్పారు,0.0,ఈ కార్యక్రమంలో కేంద్ర హోంశాఖ సహాయమంత్రి కిషన్ రెడ్ధి పాల్ఠొన్పారు,0.0,ఈ కార్యక్రమంలో కేంద్ర హోంశాఖ సహాయమంత్రి కిషన్ రెడ్ది పాల్ఠొన్వారు,0.0,ఈ కార్యక్రమంలో కేంద్ర హోంశాఖ సహాయమంత్రి కిషన్ రెడ్ధి పాల్లొన్వారు
అమెరికా అధ్యక్షుడు తన పేరును గుర్తించడం తనకు ఎంతో గర్వంగా ఉందని పేర్కొంది,0.0,అమెరికా అధ్యక్షుడు తన పేరును గుర్లించడం తనకు ఎంతో గర్యంగా ఉందని పేర్కొంది,0.0,అమెరికా అధ్యక్షుడు తన పేరును గుర్లించడం తనకు ఎంతో గర్సంగా ఉందని పేర్కొంది,0.0,అమెరికా అధ్యక్షుడు తన పేరును గుర్లించడం తనకు ఎంతో గర్చంగా ఉందని పేర్కొంది,0.0,అమెరికా అధ్యక్షుడు తన పేరును గుర్లించడం తనకు ఎంతో గర్యంగా ఉందని పేర్కొంది
వర్గంతాత్వికులు,0.0,వర్లంతాత్సికులు,0.0,వర్ధంతాత్చికులు,0.0,వర్లంతాత్పికులు,0.0,వర్లంతాత్నికులు
క్రీడలు జరిగే గచ్చిబౌలి,0.0,క్రీడలు జరిగే గచ్విబౌలి,0.0,క్రీడలు జరిగే గచ్సిబౌలి,0.0,క్రీడలు జరిగే గచ్సిబౌలి,0.0,క్రీడలు జరిగే గచ్విబౌలి
హార్డ్ శబ్దం,0.0,హార్ధ్ శబ్దం,0.0,హార్ధ్ శబ్ ం,0.0,హార్ధ్ శబ్ధం,0.0,హార్ద్ శబ్డం
చెప్పండి అంకుల్,0.0,చెప్నండి అంకుల్,0.0,చెప్సండి అంకుల్,0.0,చెప్యండి అంకుల్,0.0,చెప్నండి అంకుల్
అయితే వెంటనే రికవరీ అవుతాను,0.0,అయితే వెంటనే రికవరీ అవుతాను,0.0,అయితే వెంటనే రికవరీ అవుతాను,0.0,అయితే వెంటనే రికవరీ అవుతాను,0.0,అయితే వెంటనే రికవరీ అవుతాను
లక్షల మధ్య ఉంటుంది,0.0,లక్షల మధ్య ఉంటుంది,0.0,లక్షల మధ్య ఉంటుంది,0.0,లక్షల మధ్య ఉంటుంది,0.0,లక్షల మధ్య ఉంటుంది
ఇందుకోసం లక్షల రుపాయాలను కూడ చెల్లించారు,0.0,ఇందుకోసం లక్షల రుపాయాలను కూడ చెల్ధించారు,0.0,ఇందుకోసం లక్షల రుపాయాలను కూడ చెల్తించారు,0.0,ఇందుకోసం లక్షల రుపాయాలను కూడ చెల్తించారు,0.0,ఇందుకోసం లక్షల రుపాయాలను కూడ చెల్గించారు
అనుష్క శర్మకి సర్ప్రైజ్ ఇచ్చిన విరాట్ కోహ్లీ,0.0,అనుష్క శర్శకి సర్స్రైజ్ ఇచ్విన విరాట్ కోహ్గీ,0.0,అనుష్క శర్శకి సర్న్రైజ్ ఇచ్విన విరాట్ కోహ్ధీ,0.0,అనుష్క శర్శకి సర్న్రైజ్ ఇచ్విన విరాట్ కోహ్తీ,0.0,అనుష్క శర్శకి సర్స్రైజ్ ఇచ్విన విరాట్ కోహ్ధీ
విద్యార్థులకు హెల్త్ ప్రొఫైల్ కార్డులు,0.0,విద్యార్థులకు హెల్ల్ ప్రొఫైల్ కార్ధులు,0.0,విద్యార్థులకు హెల్ల్ ప్రొఫైల్ కార్ధులు,0.0,విద్యార్థులకు హెల్ల్ ప్రొఫైల్ కార్ధులు,0.0,విద్యార్థులకు హెల్ల్ ప్రొఫైల్ కార్దులు
కొత్తగా అప్డేట్ చేయబడిన హిమాలయన్ మోటారుసైకిల్ మునుపటిలాగే అదే బిఎస్ కంప్లైంట్ ఇంజన్ని కలిగి ఉంటుంది,0.0,కొత్లగా అప్దేట్ చేయబడిన హిమాలయన్ మోటారుసైకిల్ మునుపటిలాగే అదే బిఎస్ కంప్గైంట్ ఇంజన్పి కలిగి ఉంటుంది,0.0,కొత్లగా అప్దేట్ చేయబడిన హిమాలయన్ మోటారుసైకిల్ మునుపటిలాగే అదే బిఎస్ కంప్ధైంట్ ఇంజన్వి కలిగి ఉంటుంది,0.0,కొత్లగా అప్ధేట్ చేయబడిన హిమాలయన్ మోటారుసైకిల్ మునుపటిలాగే అదే బిఎస్ కంప్తైంట్ ఇంజన్వి కలిగి ఉంటుంది,0.0,కొత్లగా అప్ధేట్ చేయబడిన హిమాలయన్ మోటారుసైకిల్ మునుపటిలాగే అదే బిఎస్ కంప్తైంట్ ఇంజన్పి కలిగి ఉంటుంది
అయితే ఈ సినిమాని మ్యాట్నీ ఎంటర్టైన్మెంట్స్ తో కలసి రామ్ చరణ్ నిర్మిస్తున్న విషయం తెలిసిందే,0.0,అయితే ఈ సినిమాని మ్యాట్పీ ఎంటర్టైన్శెంట్వ్ తో కలసి రామ్ చరణ్ నిర్శిస్లున్ప విషయం తెలిసిందే,0.0,అయితే ఈ సినిమాని మ్యాట్వీ ఎంటర్టైన్శెంట్న్ తో కలసి రామ్ చరణ్ నిర్శిస్లున్ప విషయం తెలిసిందే,0.0,అయితే ఈ సినిమాని మ్యాట్వీ ఎంటర్టైన్శెంట్న్ తో కలసి రామ్ చరణ్ నిర్శిస్లున్ప విషయం తెలిసిందే,0.0,అయితే ఈ సినిమాని మ్యాట్పీ ఎంటర్టైన్శెంట్న్ తో కలసి రామ్ చరణ్ నిర్శిస్లున్ప విషయం తెలిసిందే
అందుకు నేనేమీ భిన్నం కాదు,0.0,అందుకు నేనేమీ భిన్వం కాదు,0.0,అందుకు నేనేమీ భిన్పం కాదు,0.0,అందుకు నేనేమీ భిన్పం కాదు,0.0,అందుకు నేనేమీ భిన్పం కాదు
పద్మ భర్త ప్రసాద్ ఫిర్యాదు మేరకు సోంపేట ఎస్ఐ కేసు నమోదు చేసి దర్యాప్తు చేస్తున్నారు,0.0,పద్శ భర్ల ప్రసాద్ ఫిర్యాదు మేరకు సోంపేట ఎస్ఐ కేసు నమోదు చేసి దర్యాప్లు చేస్లున్వారు,0.0,పద్శ భర్ల ప్రసాద్ ఫిర్యాదు మేరకు సోంపేట ఎస్ఐ కేసు నమోదు చేసి దర్యాప్లు చేస్లున్వారు,0.0,పద్శ భర్ల ప్రసాద్ ఫిర్యాదు మేరకు సోంపేట ఎస్ఐ కేసు నమోదు చేసి దర్యాప్లు చేస్లున్పారు,0.0,పద్శ భర్ల ప్రసాద్ ఫిర్యాదు మేరకు సోంపేట ఎస్ఐ కేసు నమోదు చేసి దర్యాప్లు చేస్లున్వారు
ఇది చాలా మంది నమ్మకపోవచ్చు,0.0,ఇది చాలా మంది నమ్శకపోవచ్సు,0.0,ఇది చాలా మంది నమ్శకపోవచ్సు,0.0,ఇది చాలా మంది నమ్శకపోవచ్సు,0.0,ఇది చాలా మంది నమ్శకపోవచ్సు
గత ఆరేళ్ల,0.0,గత ఆరేళ్ధ,0.0,గత ఆరేళ్ధ,0.0,గత ఆరేళ్గ,0.0,గత ఆరేళ్గ
కానీ నేర్చుకున్న జాడలు లేవు,0.0,కానీ నేర్వుకున్వ జాడలు లేవు,0.0,కానీ నేర్సుకున్వ జాడలు లేవు,0.0,కానీ నేర్వుకున్ప జాడలు లేవు,0.0,కానీ నేర్సుకున్వ జాడలు లేవు
ఆయన శిష్యులు జనసమూహము నీ మీద పడుచుండుట చూచుచున్నావే నన్ను ముట్టినదెవడని అడుగుచున్నావా అనిరి,0.0,ఆయన శిష్యులు జనసమూహము నీ మీద పడుచుండుట చూచుచున్పావే నన్వు ముట్టినదెవడని అడుగుచున్వావా అనిరి,0.0,ఆయన శిష్యులు జనసమూహము నీ మీద పడుచుండుట చూచుచున్పావే నన్పు ముట్టినదెవడని అడుగుచున్వావా అనిరి,0.0,ఆయన శిష్యులు జనసమూహము నీ మీద పడుచుండుట చూచుచున్పావే నన్వు ముట్టినదెవడని అడుగుచున్వావా అనిరి,0.0,ఆయన శిష్యులు జనసమూహము నీ మీద పడుచుండుట చూచుచున్పావే నన్పు ముట్టినదెవడని అడుగుచున్వావా అనిరి
వెంకయ్య నాయుడు ఈ సమావేశంలో ఫిబ్రవరి న ముగింపు ఉపన్యాసం చేస్తారు,0.0,వెంకయ్య నాయుడు ఈ సమావేశంలో ఫిబ్రవరి న ముగింపు ఉపన్యాసం చేస్లారు,0.0,వెంకయ్య నాయుడు ఈ సమావేశంలో ఫిబ్రవరి న ముగింపు ఉపన్యాసం చేస్లారు,0.0,వెంకయ్య నాయుడు ఈ సమావేశంలో ఫిబ్రవరి న ముగింపు ఉపన్యాసం చేస్లారు,0.0,వెంకయ్య నాయుడు ఈ సమావేశంలో ఫిబ్రవరి న ముగింపు ఉపన్యాసం చేస్లారు
ఇక వాళ్లు కశ్మీర్ ను ఎలా మేనేజ్ చేస్తారు,0.0,ఇక వాళ్తు కశ్శీర్ ను ఎలా మేనేజ్ చేస్లారు,0.0,ఇక వాళ్గు కశ్శీర్ ను ఎలా మేనేజ్ చేస్లారు,0.0,ఇక వాళ్ధు కశ్శీర్ ను ఎలా మేనేజ్ చేస్లారు,0.0,ఇక వాళ్గు కశ్శీర్ ను ఎలా మేనేజ్ చేస్లారు
ఈ సర్వీస్ వర్కర్ నమోదు తీసివేయడంలో విఫలమైంది,0.0,ఈ సర్సీస్ వర్కర్ నమోదు తీసివేయడంలో విఫలమైంది,0.0,ఈ సర్సీస్ వర్కర్ నమోదు తీసివేయడంలో విఫలమైంది,0.0,ఈ సర్నీస్ వర్కర్ నమోదు తీసివేయడంలో విఫలమైంది,0.0,ఈ సర్యీస్ వర్కర్ నమోదు తీసివేయడంలో విఫలమైంది
ఆస్ట్రేలియా స్పీడ్స్టర్ మిచెల్ స్టార్క్ ఇంగ్లాండ్ కెప్టెన్ జో రూట్ కూడా మేటి జాబితాలో ఉన్న విదేశీ స్టార్లు,0.0,ఆస్ట్రేలియా స్నీడ్వ్టర్ మిచెల్ స్టార్క్ ఇంగ్గాండ్ కెప్టెన్ జో రూట్ కూడా మేటి జాబితాలో ఉన్వ విదేశీ స్టార్ధు,0.0,ఆస్ట్రేలియా స్సీడ్వ్టర్ మిచెల్ స్టార్క్ ఇంగ్ధాండ్ కెప్టెన్ జో రూట్ కూడా మేటి జాబితాలో ఉన్వ విదేశీ స్టార్తు,0.0,ఆస్ట్రేలియా స్సీడ్వ్టర్ మిచెల్ స్టార్క్ ఇంగ్గాండ్ కెప్టెన్ జో రూట్ కూడా మేటి జాబితాలో ఉన్ప విదేశీ స్టార్గు,0.0,ఆస్ట్రేలియా స్వీడ్న్టర్ మిచెల్ స్టార్క్ ఇంగ్గాండ్ కెప్టెన్ జో రూట్ కూడా మేటి జాబితాలో ఉన్వ విదేశీ స్టార్గు
ఈ క్రమంలో ఆయన కాంగ్రెస్లో చేరారు,0.0,ఈ క్రమంలో ఆయన కాంగ్రెస్గో చేరారు,0.0,ఈ క్రమంలో ఆయన కాంగ్రెస్గో చేరారు,0.0,ఈ క్రమంలో ఆయన కాంగ్రెస్గో చేరారు,0.0,ఈ క్రమంలో ఆయన కాంగ్రెస్ధో చేరారు
ఈ ప్రశ్నలకు ప్రభుత్వం సమాధానం చెప్పాలన్నారు,0.0,ఈ ప్రశ్పలకు ప్రభుత్యం సమాధానం చెప్వాలన్పారు,0.0,ఈ ప్రశ్వలకు ప్రభుత్చం సమాధానం చెప్సాలన్పారు,0.0,ఈ ప్రశ్వలకు ప్రభుత్చం సమాధానం చెప్వాలన్వారు,0.0,ఈ ప్రశ్పలకు ప్రభుత్చం సమాధానం చెప్వాలన్పారు
అందం చూచు కళ్లలో ఉంది,0.0,అందం చూచు కళ్ధలో ఉంది,0.0,అందం చూచు కళ్ధలో ఉంది,0.0,అందం చూచు కళ్గలో ఉంది,0.0,అందం చూచు కళ్గలో ఉంది
అదే మేమూ చూస్తున్నాం,0.0,అదే మేమూ చూస్లున్వాం,0.0,అదే మేమూ చూస్లున్పాం,0.0,అదే మేమూ చూస్లున్వాం,0.0,అదే మేమూ చూస్లున్పాం
తద్వారా ఉపాధికి అవకాశం,0.0,తద్చారా ఉపాధికి అవకాశం,0.0,తద్చారా ఉపాధికి అవకాశం,0.0,తద్పారా ఉపాధికి అవకాశం,0.0,తద్సారా ఉపాధికి అవకాశం
ఈ ఉత్తరదక్షిణపశ్చిమ రహదారి చాలా ఇరుకైనది ఫలితంగా అధిక ట్రాఫిక్ ఉండే సమయాల్లో స్తంభించిపోతున్నది,0.0,ఈ ఉత్లరదక్షిణపశ్సిమ రహదారి చాలా ఇరుకైనది ఫలితంగా అధిక ట్రాఫిక్ ఉండే సమయాల్గో స్లంభించిపోతున్వది,0.0,ఈ ఉత్లరదక్షిణపశ్విమ రహదారి చాలా ఇరుకైనది ఫలితంగా అధిక ట్రాఫిక్ ఉండే సమయాల్తో స్లంభించిపోతున్వది,0.0,ఈ ఉత్లరదక్షిణపశ్సిమ రహదారి చాలా ఇరుకైనది ఫలితంగా అధిక ట్రాఫిక్ ఉండే సమయాల్గో స్లంభించిపోతున్పది,0.0,ఈ ఉత్లరదక్షిణపశ్విమ రహదారి చాలా ఇరుకైనది ఫలితంగా అధిక ట్రాఫిక్ ఉండే సమయాల్తో స్లంభించిపోతున్వది
అత్యాచారం కేసుపెట్టిన మహిళనే వివాహమాడిన ఎమ్మెల్యే,0.0,అత్యాచారం కేసుపెట్టిన మహిళనే వివాహమాడిన ఎమ్శెల్యే,0.0,అత్యాచారం కేసుపెట్టిన మహిళనే వివాహమాడిన ఎమ్శెల్యే,0.0,అత్యాచారం కేసుపెట్టిన మహిళనే వివాహమాడిన ఎమ్శెల్యే,0.0,అత్యాచారం కేసుపెట్టిన మహిళనే వివాహమాడిన ఎమ్శెల్యే
బిజెపి జాతీయాధ్యక్షుడు అమిత్ షాకు ఫోన్ చేసి మాట్లాడారు,0.0,బిజెపి జాతీయాధ్యక్షుడు అమిత్ షాకు ఫోన్ చేసి మాట్తాడారు,0.0,బిజెపి జాతీయాధ్యక్షుడు అమిత్ షాకు ఫోన్ చేసి మాట్గాడారు,0.0,బిజెపి జాతీయాధ్యక్షుడు అమిత్ షాకు ఫోన్ చేసి మాట్గాడారు,0.0,బిజెపి జాతీయాధ్యక్షుడు అమిత్ షాకు ఫోన్ చేసి మాట్తాడారు
కాబూల్లో పేలుడు,0.0,కాబూల్తో పేలుడు,0.0,కాబూల్ధో పేలుడు,0.0,కాబూల్గో పేలుడు,0.0,కాబూల్ధో పేలుడు
అయితే దీనిపై ఏ పాకిస్థానీ అధికారి ఎలాంటి వ్యాఖ్యలు చేయలేదు,0.0,అయితే దీనిపై ఏ పాకిస్థానీ అధికారి ఎలాంటి వ్యాఖ్యలు చేయలేదు,0.0,అయితే దీనిపై ఏ పాకిస్థానీ అధికారి ఎలాంటి వ్యాఖ్యలు చేయలేదు,0.0,అయితే దీనిపై ఏ పాకిస్థానీ అధికారి ఎలాంటి వ్యాఖ్యలు చేయలేదు,0.0,అయితే దీనిపై ఏ పాకిస్థానీ అధికారి ఎలాంటి వ్యాఖ్యలు చేయలేదు
ప్రాచీనకాలంలో జరిగిన విశ్వాస పరీక్ష,0.0,ప్రాచీనకాలంలో జరిగిన విశ్నాస పరీక్ష,0.0,ప్రాచీనకాలంలో జరిగిన విశ్చాస పరీక్ష,0.0,ప్రాచీనకాలంలో జరిగిన విశ్యాస పరీక్ష,0.0,ప్రాచీనకాలంలో జరిగిన విశ్నాస పరీక్ష
న్యూఢిల్లీ యాకుబ్ మెమెన్ పెట్టుకున్న క్షమాభిక్ష పిటిషన్ను రాష్ట్రపతి ప్రణబ్ ముఖర్జీ తిరస్కరించారు,0.0,న్యూఢిల్గీ యాకుబ్ మెమెన్ పెట్టుకున్ప క్షమాభిక్ష పిటిషన్పు రాష్ట్రపతి ప్రణబ్ ముఖర్జీ తిరస్కరించారు,0.0,న్యూఢిల్తీ యాకుబ్ మెమెన్ పెట్టుకున్ప క్షమాభిక్ష పిటిషన్వు రాష్ట్రపతి ప్రణబ్ ముఖర్జీ తిరస్కరించారు,0.0,న్యూఢిల్గీ యాకుబ్ మెమెన్ పెట్టుకున్ప క్షమాభిక్ష పిటిషన్పు రాష్ట్రపతి ప్రణబ్ ముఖర్జీ తిరస్కరించారు,0.0,న్యూఢిల్ధీ యాకుబ్ మెమెన్ పెట్టుకున్ప క్షమాభిక్ష పిటిషన్పు రాష్ట్రపతి ప్రణబ్ ముఖర్జీ తిరస్కరించారు
ప్రసిద్ధ ఆతిథ్య,0.0,ప్రసిద్గ ఆతిథ్య,0.0,ప్రసిద్డ ఆతిథ్య,0.0,ప్రసిద్ద ఆతిథ్య,0.0,ప్రసిద్గ ఆతిథ్య
ఇక అదిప్పుడు వ్యాపారం అయింది,0.0,ఇక అదిప్నుడు వ్యాపారం అయింది,0.0,ఇక అదిప్నుడు వ్యాపారం అయింది,0.0,ఇక అదిప్సుడు వ్యాపారం అయింది,0.0,ఇక అదిప్నుడు వ్యాపారం అయింది
ఇందులో కూడ రెండు వేరియంట్లు అందుబాటులో ఉండనున్నాయి,0.0,ఇందులో కూడ రెండు వేరియంట్తు అందుబాటులో ఉండనున్పాయి,0.0,ఇందులో కూడ రెండు వేరియంట్గు అందుబాటులో ఉండనున్పాయి,0.0,ఇందులో కూడ రెండు వేరియంట్ధు అందుబాటులో ఉండనున్పాయి,0.0,ఇందులో కూడ రెండు వేరియంట్ధు అందుబాటులో ఉండనున్పాయి
అలాగే కొత్తిమీర పేస్ట్ చేసుకుని,0.0,అలాగే కొత్లిమీర పేస్ట్ చేసుకుని,0.0,అలాగే కొత్లిమీర పేస్ట్ చేసుకుని,0.0,అలాగే కొత్లిమీర పేస్ట్ చేసుకుని,0.0,అలాగే కొత్లిమీర పేస్ట్ చేసుకుని
బాధితురాలి ఆరోగ్య పరిస్థితి ఆందోళనకరంగా ఉంది,0.0,బాధితురాలి ఆరోగ్య పరిస్థితి ఆందోళనకరంగా ఉంది,0.0,బాధితురాలి ఆరోగ్య పరిస్థితి ఆందోళనకరంగా ఉంది,0.0,బాధితురాలి ఆరోగ్య పరిస్థితి ఆందోళనకరంగా ఉంది,0.0,బాధితురాలి ఆరోగ్య పరిస్థితి ఆందోళనకరంగా ఉంది
తాగింది ఆయన కారే,0.0,తాగింది ఆయన కారే,0.0,తాగింది ఆయన కారే,0.0,తాగింది ఆయన కారే,0.0,తాగింది ఆయన కారే
లక్షలు ఇన్వెస్ట్ చేసినట్లు అవుతుంది,0.0,లక్షలు ఇన్చెస్ట్ చేసినట్ధు అవుతుంది,0.0,లక్షలు ఇన్చెస్ట్ చేసినట్గు అవుతుంది,0.0,లక్షలు ఇన్సెస్ట్ చేసినట్ధు అవుతుంది,0.0,లక్షలు ఇన్యెస్ట్ చేసినట్గు అవుతుంది
భారతదేశం లో ఏర్పాటు వివాహాలు ఎల్లప్పుడూ ప్రాధాన్యతనిస్తారు,0.0,భారతదేశం లో ఏర్నాటు వివాహాలు ఎల్గప్యుడూ ప్రాధాన్యతనిస్లారు,0.0,భారతదేశం లో ఏర్నాటు వివాహాలు ఎల్గప్సుడూ ప్రాధాన్యతనిస్లారు,0.0,భారతదేశం లో ఏర్నాటు వివాహాలు ఎల్ధప్యుడూ ప్రాధాన్యతనిస్లారు,0.0,భారతదేశం లో ఏర్సాటు వివాహాలు ఎల్గప్నుడూ ప్రాధాన్యతనిస్లారు
అయితే తెరాస శాసనసభ్యుడు కెసిఆర్ తనయుడు కెటి రామారావు ఆ మాటలకు తీవ్రంగా ప్రతిస్పందించారు,0.0,అయితే తెరాస శాసనసభ్యుడు కెసిఆర్ తనయుడు కెటి రామారావు ఆ మాటలకు తీవ్రంగా ప్రతిస్సందించారు,0.0,అయితే తెరాస శాసనసభ్యుడు కెసిఆర్ తనయుడు కెటి రామారావు ఆ మాటలకు తీవ్రంగా ప్రతిస్వందించారు,0.0,అయితే తెరాస శాసనసభ్యుడు కెసిఆర్ తనయుడు కెటి రామారావు ఆ మాటలకు తీవ్రంగా ప్రతిస్వందించారు,0.0,అయితే తెరాస శాసనసభ్యుడు కెసిఆర్ తనయుడు కెటి రామారావు ఆ మాటలకు తీవ్రంగా ప్రతిస్నందించారు
ఇరిటేట్ చేయకు పో నాకు కోపం తెప్పియ్యకు,0.0,ఇరిటేట్ చేయకు పో నాకు కోపం తెప్వియ్యకు,0.0,ఇరిటేట్ చేయకు పో నాకు కోపం తెప్యియ్యకు,0.0,ఇరిటేట్ చేయకు పో నాకు కోపం తెప్యియ్యకు,0.0,ఇరిటేట్ చేయకు పో నాకు కోపం తెప్సియ్యకు
సన్రైజర్స్ హైదరాబాద్పై వికెట్ల తేడాతో ఘన విజయం సాధించిన చెన్నై సూపర్ కింగ్స్ మూడోసారి ఐపీఎల్ ట్రోఫీని సొంతం చేసుకుంది,0.0,సన్రైజర్చ్ హైదరాబాద్వై వికెట్త తేడాతో ఘన విజయం సాధించిన చెన్వై సూపర్ కింగ్న్ మూడోసారి ఐపీఎల్ ట్రోఫీని సొంతం చేసుకుంది,0.0,సన్రైజర్న్ హైదరాబాద్నై వికెట్గ తేడాతో ఘన విజయం సాధించిన చెన్పై సూపర్ కింగ్చ్ మూడోసారి ఐపీఎల్ ట్రోఫీని సొంతం చేసుకుంది,0.0,సన్రైజర్ప్ హైదరాబాద్నై వికెట్గ తేడాతో ఘన విజయం సాధించిన చెన్పై సూపర్ కింగ్చ్ మూడోసారి ఐపీఎల్ ట్రోఫీని సొంతం చేసుకుంది,0.0,సన్రైజర్చ్ హైదరాబాద్సై వికెట్గ తేడాతో ఘన విజయం సాధించిన చెన్పై సూపర్ కింగ్చ్ మూడోసారి ఐపీఎల్ ట్రోఫీని సొంతం చేసుకుంది
అందులో ఇంకా చాలా విశేషాలున్నాయి అవేంటంటే,0.0,అందులో ఇంకా చాలా విశేషాలున్వాయి అవేంటంటే,0.0,అందులో ఇంకా చాలా విశేషాలున్పాయి అవేంటంటే,0.0,అందులో ఇంకా చాలా విశేషాలున్పాయి అవేంటంటే,0.0,అందులో ఇంకా చాలా విశేషాలున్వాయి అవేంటంటే
కానీ అది సరైన అవగాహన కాదని ఈ తాజా అధ్యయనంలో వెల్లడైంది,0.0,కానీ అది సరైన అవగాహన కాదని ఈ తాజా అధ్యయనంలో వెల్తడైంది,0.0,కానీ అది సరైన అవగాహన కాదని ఈ తాజా అధ్యయనంలో వెల్గడైంది,0.0,కానీ అది సరైన అవగాహన కాదని ఈ తాజా అధ్యయనంలో వెల్ధడైంది,0.0,కానీ అది సరైన అవగాహన కాదని ఈ తాజా అధ్యయనంలో వెల్ధడైంది
ఇది ఎలా పని చేస్తోంది,0.0,ఇది ఎలా పని చేస్లోంది,0.0,ఇది ఎలా పని చేస్లోంది,0.0,ఇది ఎలా పని చేస్లోంది,0.0,ఇది ఎలా పని చేస్లోంది
తొలి విడతలో లక్షల మంది వైద్య ఆరోగ్య సిబ్బందికి వాక్సిన్ వేయనున్నారు,0.0,తొలి విడతలో లక్షల మంది వైద్య ఆరోగ్య సిబ్బందికి వాక్నిన్ వేయనున్పారు,0.0,తొలి విడతలో లక్షల మంది వైద్య ఆరోగ్య సిబ్బందికి వాక్నిన్ వేయనున్పారు,0.0,తొలి విడతలో లక్షల మంది వైద్య ఆరోగ్య సిబ్బందికి వాక్చిన్ వేయనున్పారు,0.0,తొలి విడతలో లక్షల మంది వైద్య ఆరోగ్య సిబ్బందికి వాక్నిన్ వేయనున్పారు
అపహరణ విషయంపై పోలీసులకు కుటుంబసభ్యులు ఫిర్యాదు చేశారు,0.0,అపహరణ విషయంపై పోలీసులకు కుటుంబసభ్యులు ఫిర్యాదు చేశారు,0.0,అపహరణ విషయంపై పోలీసులకు కుటుంబసభ్యులు ఫిర్యాదు చేశారు,0.0,అపహరణ విషయంపై పోలీసులకు కుటుంబసభ్యులు ఫిర్యాదు చేశారు,0.0,అపహరణ విషయంపై పోలీసులకు కుటుంబసభ్యులు ఫిర్యాదు చేశారు
ఈ సందర్భంగా సర్వోన్నత న్యాయస్థానం ఎదుట హాజరైన సొలిసిటర్ జనరల్ తుషార్ మెహతా ఈ వివరణ ఇచ్చారు,0.0,ఈ సందర్భంగా సర్యోన్పత న్యాయస్థానం ఎదుట హాజరైన సొలిసిటర్ జనరల్ తుషార్ మెహతా ఈ వివరణ ఇచ్వారు,0.0,ఈ సందర్భంగా సర్సోన్వత న్యాయస్థానం ఎదుట హాజరైన సొలిసిటర్ జనరల్ తుషార్ మెహతా ఈ వివరణ ఇచ్సారు,0.0,ఈ సందర్భంగా సర్యోన్వత న్యాయస్థానం ఎదుట హాజరైన సొలిసిటర్ జనరల్ తుషార్ మెహతా ఈ వివరణ ఇచ్వారు,0.0,ఈ సందర్భంగా సర్చోన్పత న్యాయస్థానం ఎదుట హాజరైన సొలిసిటర్ జనరల్ తుషార్ మెహతా ఈ వివరణ ఇచ్వారు
అలాగే ప్రధానంగా హిందువులు ఉన్న నగరమైనా గాని క్రైస్తవులు మహమ్మదీయులు కూడా పెద్ద సంఖ్యలో ఉన్నారు,0.0,అలాగే ప్రధానంగా హిందువులు ఉన్ప నగరమైనా గాని క్రైస్లవులు మహమ్శదీయులు కూడా పెద్ధ సంఖ్యలో ఉన్పారు,0.0,అలాగే ప్రధానంగా హిందువులు ఉన్ప నగరమైనా గాని క్రైస్లవులు మహమ్శదీయులు కూడా పెద్  సంఖ్యలో ఉన్పారు,0.0,అలాగే ప్రధానంగా హిందువులు ఉన్వ నగరమైనా గాని క్రైస్లవులు మహమ్శదీయులు కూడా పెద్  సంఖ్యలో ఉన్పారు,0.0,అలాగే ప్రధానంగా హిందువులు ఉన్ప నగరమైనా గాని క్రైస్లవులు మహమ్శదీయులు కూడా పెద్  సంఖ్యలో ఉన్పారు
ఈ పుకార్లు విని షిండే కుటుంబసభ్యులు షాకయ్యారు,0.0,ఈ పుకార్ధు విని షిండే కుటుంబసభ్యులు షాకయ్యారు,0.0,ఈ పుకార్గు విని షిండే కుటుంబసభ్యులు షాకయ్యారు,0.0,ఈ పుకార్ధు విని షిండే కుటుంబసభ్యులు షాకయ్యారు,0.0,ఈ పుకార్ధు విని షిండే కుటుంబసభ్యులు షాకయ్యారు
మద్రాస్ హైకోర్టుకు నివేదిక,0.0,మద్రాస్ హైకోర్టుకు నివేదిక,0.0,మద్రాస్ హైకోర్టుకు నివేదిక,0.0,మద్రాస్ హైకోర్టుకు నివేదిక,0.0,మద్రాస్ హైకోర్టుకు నివేదిక
నీతో పనేమీ లేదు,0.0,నీతో పనేమీ లేదు,0.0,నీతో పనేమీ లేదు,0.0,నీతో పనేమీ లేదు,0.0,నీతో పనేమీ లేదు
ఎక్కువ ప్రవాహ సాంద్రత కలిగిన సల్ఫ్యూరిక్ ఆమ్లంలో ఉన్న గాఢ అమ్మోనియం సల్ఫేట్నువిద్యుద్విశ్లేషణ చేసి అమ్మోనియం పెర్సల్ఫేట్ను తయారు చేయుదురు,0.0,ఎక్కువ ప్రవాహ సాంద్రత కలిగిన సల్ఫ్యూరిక్ ఆమ్తంలో ఉన్ప గాఢ అమ్శోనియం సల్ఫేట్పువిద్యుద్నిశ్తేషణ చేసి అమ్శోనియం పెర్పల్ఫేట్పు తయారు చేయుదురు,0.0,ఎక్కువ ప్రవాహ సాంద్రత కలిగిన సల్ఫ్యూరిక్ ఆమ్ధంలో ఉన్వ గాఢ అమ్శోనియం సల్ఫేట్వువిద్యుద్నిశ్తేషణ చేసి అమ్శోనియం పెర్వల్ఫేట్పు తయారు చేయుదురు,0.0,ఎక్కువ ప్రవాహ సాంద్రత కలిగిన సల్ఫ్యూరిక్ ఆమ్గంలో ఉన్ప గాఢ అమ్శోనియం సల్ఫేట్పువిద్యుద్పిశ్ధేషణ చేసి అమ్శోనియం పెర్నల్ఫేట్పు తయారు చేయుదురు,0.0,ఎక్కువ ప్రవాహ సాంద్రత కలిగిన సల్ఫ్యూరిక్ ఆమ్ధంలో ఉన్ప గాఢ అమ్శోనియం సల్ఫేట్వువిద్యుద్నిశ్తేషణ చేసి అమ్శోనియం పెర్నల్ఫేట్వు తయారు చేయుదురు
కాలం సద్వినియోగమవుతుంది,0.0,కాలం సద్నినియోగమవుతుంది,0.0,కాలం సద్చినియోగమవుతుంది,0.0,కాలం సద్నినియోగమవుతుంది,0.0,కాలం సద్నినియోగమవుతుంది
పాక్కు బొమ్మ చూపించారు వికెట్ల తేడాతో భారత్ విజయం,0.0,పాక్కు బొమ్శ చూపించారు వికెట్ధ తేడాతో భారత్ విజయం,0.0,పాక్కు బొమ్శ చూపించారు వికెట్త తేడాతో భారత్ విజయం,0.0,పాక్కు బొమ్శ చూపించారు వికెట్త తేడాతో భారత్ విజయం,0.0,పాక్కు బొమ్శ చూపించారు వికెట్త తేడాతో భారత్ విజయం
అభ్యర్థుల ఖర్చులపై ప్రత్యేక నిఘా,0.0,అభ్యర్థుల ఖర్సులపై ప్రత్యేక నిఘా,0.0,అభ్యర్థుల ఖర్సులపై ప్రత్యేక నిఘా,0.0,అభ్యర్థుల ఖర్సులపై ప్రత్యేక నిఘా,0.0,అభ్యర్థుల ఖర్సులపై ప్రత్యేక నిఘా
కేంద్రాల్లో ఈ పరీక్ష జరిగింది,0.0,కేంద్రాల్గో ఈ పరీక్ష జరిగింది,0.0,కేంద్రాల్తో ఈ పరీక్ష జరిగింది,0.0,కేంద్రాల్తో ఈ పరీక్ష జరిగింది,0.0,కేంద్రాల్గో ఈ పరీక్ష జరిగింది
రూ కే నల్లా కనెక్షన్,0.0,రూ కే నల్గా కనెక్షన్,0.0,రూ కే నల్గా కనెక్షన్,0.0,రూ కే నల్గా కనెక్షన్,0.0,రూ కే నల్గా కనెక్షన్
ఈ స్లాబ్లో ఇప్పుడు శాతం వరకు పన్ను వేస్తున్నారు,0.0,ఈ స్గాబ్ధో ఇప్వుడు శాతం వరకు పన్పు వేస్లున్పారు,0.0,ఈ స్తాబ్ధో ఇప్సుడు శాతం వరకు పన్వు వేస్లున్పారు,0.0,ఈ స్గాబ్గో ఇప్యుడు శాతం వరకు పన్పు వేస్లున్వారు,0.0,ఈ స్ధాబ్ధో ఇప్యుడు శాతం వరకు పన్వు వేస్లున్పారు
లో తెనాలి చేరి సత్యనారాయణ నాట్యమండలి పేరుతో నాటకాలను ప్రదర్శించారు,0.0,లో తెనాలి చేరి సత్యనారాయణ నాట్యమండలి పేరుతో నాటకాలను ప్రదర్మించారు,0.0,లో తెనాలి చేరి సత్యనారాయణ నాట్యమండలి పేరుతో నాటకాలను ప్రదర్మించారు,0.0,లో తెనాలి చేరి సత్యనారాయణ నాట్యమండలి పేరుతో నాటకాలను ప్రదర్మించారు,0.0,లో తెనాలి చేరి సత్యనారాయణ నాట్యమండలి పేరుతో నాటకాలను ప్రదర్మించారు
ఎన్రాన్ దివాలా కొరకు దావాను డిసెంబర్ లో కోరింది,0.0,ఎన్రాన్ దివాలా కొరకు దావాను డిసెంబర్ లో కోరింది,0.0,ఎన్రాన్ దివాలా కొరకు దావాను డిసెంబర్ లో కోరింది,0.0,ఎన్రాన్ దివాలా కొరకు దావాను డిసెంబర్ లో కోరింది,0.0,ఎన్రాన్ దివాలా కొరకు దావాను డిసెంబర్ లో కోరింది
ప్రతి దేశం దాని సొంత సంకేత భాషను కలిగి ఉంది,0.0,ప్రతి దేశం దాని సొంత సంకేత భాషను కలిగి ఉంది,0.0,ప్రతి దేశం దాని సొంత సంకేత భాషను కలిగి ఉంది,0.0,ప్రతి దేశం దాని సొంత సంకేత భాషను కలిగి ఉంది,0.0,ప్రతి దేశం దాని సొంత సంకేత భాషను కలిగి ఉంది
అగంతుకుల దాడుల్లో మంది గాయపడ్డారు,0.0,అగంతుకుల దాడుల్తో మంది గాయపడ్దారు,0.0,అగంతుకుల దాడుల్గో మంది గాయపడ్ధారు,0.0,అగంతుకుల దాడుల్తో మంది గాయపడ్దారు,0.0,అగంతుకుల దాడుల్గో మంది గాయపడ్దారు
ారిని దగ్గరలోని ఆస్పత్రికి తరలించారు,0.0,ారిని దగ్లరలోని ఆస్యత్రికి తరలించారు,0.0,ారిని దగ్ఠరలోని ఆస్వత్రికి తరలించారు,0.0,ారిని దగ్ఠరలోని ఆస్నత్రికి తరలించారు,0.0,ారిని దగ్ధరలోని ఆస్నత్రికి తరలించారు
ఆడవారి ఆలోచనలూ మారాలి,0.0,ఆడవారి ఆలోచనలూ మారాలి,0.0,ఆడవారి ఆలోచనలూ మారాలి,0.0,ఆడవారి ఆలోచనలూ మారాలి,0.0,ఆడవారి ఆలోచనలూ మారాలి
అవును క్రీస్తు మరణం ఆదాము పోగొట్టుకున్న పరిపూర్ణతను మానవులందరూ తిరిగి సంపాదించుకునే మార్గాన్ని సుగమం చేసింది,0.0,అవును క్రీస్లు మరణం ఆదాము పోగొట్టుకున్ప పరిపూర్ణతను మానవులందరూ తిరిగి సంపాదించుకునే మార్ఠాన్పి సుగమం చేసింది,0.0,అవును క్రీస్లు మరణం ఆదాము పోగొట్టుకున్వ పరిపూర్ణతను మానవులందరూ తిరిగి సంపాదించుకునే మార్లాన్పి సుగమం చేసింది,0.0,అవును క్రీస్లు మరణం ఆదాము పోగొట్టుకున్వ పరిపూర్ణతను మానవులందరూ తిరిగి సంపాదించుకునే మార్ధాన్వి సుగమం చేసింది,0.0,అవును క్రీస్లు మరణం ఆదాము పోగొట్టుకున్ప పరిపూర్ణతను మానవులందరూ తిరిగి సంపాదించుకునే మార్ధాన్పి సుగమం చేసింది
నను కేవలం ఒక నటుడిగా మాత్రమే చూశాడని,0.0,నను కేవలం ఒక నటుడిగా మాత్రమే చూశాడని,0.0,నను కేవలం ఒక నటుడిగా మాత్రమే చూశాడని,0.0,నను కేవలం ఒక నటుడిగా మాత్రమే చూశాడని,0.0,నను కేవలం ఒక నటుడిగా మాత్రమే చూశాడని
లక్షలను పోలీసులు స్వాధీనం చేసుకున్నారు,0.0,లక్షలను పోలీసులు స్యాధీనం చేసుకున్పారు,0.0,లక్షలను పోలీసులు స్నాధీనం చేసుకున్పారు,0.0,లక్షలను పోలీసులు స్యాధీనం చేసుకున్పారు,0.0,లక్షలను పోలీసులు స్సాధీనం చేసుకున్వారు
బెంగాల్లో భాజపా విజయానికి కారణాలివే,0.0,బెంగాల్తో భాజపా విజయానికి కారణాలివే,0.0,బెంగాల్ధో భాజపా విజయానికి కారణాలివే,0.0,బెంగాల్గో భాజపా విజయానికి కారణాలివే,0.0,బెంగాల్ధో భాజపా విజయానికి కారణాలివే
మమతా బెనర్జీ ఫైల్ ఇమేజ్,0.0,మమతా బెనర్జీ ఫైల్ ఇమేజ్,0.0,మమతా బెనర్జీ ఫైల్ ఇమేజ్,0.0,మమతా బెనర్జీ ఫైల్ ఇమేజ్,0.0,మమతా బెనర్జీ ఫైల్ ఇమేజ్
పోలీసులు దాడులు చేసి రూ,0.0,పోలీసులు దాడులు చేసి రూ,0.0,పోలీసులు దాడులు చేసి రూ,0.0,పోలీసులు దాడులు చేసి రూ,0.0,పోలీసులు దాడులు చేసి రూ
వీరిద్దరూ కూడ వేర్వేరు పార్టీలో ఉన్నారు,0.0,వీరిద్ధరూ కూడ వేర్సేరు పార్టీలో ఉన్పారు,0.0,వీరిద్ధరూ కూడ వేర్నేరు పార్టీలో ఉన్వారు,0.0,వీరిద్డరూ కూడ వేర్చేరు పార్టీలో ఉన్వారు,0.0,వీరిద్ రూ కూడ వేర్నేరు పార్టీలో ఉన్వారు
ఈ సినిమాలో గుర్రం పాత్ర చాలా కీలకంగా ఉంటుంది,0.0,ఈ సినిమాలో గుర్రం పాత్ర చాలా కీలకంగా ఉంటుంది,0.0,ఈ సినిమాలో గుర్రం పాత్ర చాలా కీలకంగా ఉంటుంది,0.0,ఈ సినిమాలో గుర్రం పాత్ర చాలా కీలకంగా ఉంటుంది,0.0,ఈ సినిమాలో గుర్రం పాత్ర చాలా కీలకంగా ఉంటుంది
వారు ప్రేమలో పడతారు కలిసి కదులుతారు,0.0,వారు ప్రేమలో పడతారు కలిసి కదులుతారు,0.0,వారు ప్రేమలో పడతారు కలిసి కదులుతారు,0.0,వారు ప్రేమలో పడతారు కలిసి కదులుతారు,0.0,వారు ప్రేమలో పడతారు కలిసి కదులుతారు
ఈప్రమాదంలో గాయపడిన వారిని పలమనేరు ప్రభుత్వ ఏరియా ఆస్పత్రికి తరలించారు,0.0,ఈప్రమాదంలో గాయపడిన వారిని పలమనేరు ప్రభుత్య ఏరియా ఆస్సత్రికి తరలించారు,0.0,ఈప్రమాదంలో గాయపడిన వారిని పలమనేరు ప్రభుత్న ఏరియా ఆస్యత్రికి తరలించారు,0.0,ఈప్రమాదంలో గాయపడిన వారిని పలమనేరు ప్రభుత్న ఏరియా ఆస్సత్రికి తరలించారు,0.0,ఈప్రమాదంలో గాయపడిన వారిని పలమనేరు ప్రభుత్చ ఏరియా ఆస్యత్రికి తరలించారు
ఇది ఏ మాత్రం నిజం కాదు,0.0,ఇది ఏ మాత్రం నిజం కాదు,0.0,ఇది ఏ మాత్రం నిజం కాదు,0.0,ఇది ఏ మాత్రం నిజం కాదు,0.0,ఇది ఏ మాత్రం నిజం కాదు
దీంతో గ్లోబల్గా అత్యంత విలువైన ఎడ్టెక్ కంపెనీగా ఇది నిలిచింది,0.0,దీంతో గ్గోబల్లా అత్యంత విలువైన ఎడ్టెక్ కంపెనీగా ఇది నిలిచింది,0.0,దీంతో గ్ధోబల్ఠా అత్యంత విలువైన ఎడ్టెక్ కంపెనీగా ఇది నిలిచింది,0.0,దీంతో గ్తోబల్ధా అత్యంత విలువైన ఎడ్టెక్ కంపెనీగా ఇది నిలిచింది,0.0,దీంతో గ్గోబల్లా అత్యంత విలువైన ఎడ్టెక్ కంపెనీగా ఇది నిలిచింది
ఇప్పటికే అఖిలప్రియ ఆమె సోదరుడిని పోలీసులు అరెస్ట్ చేశారు,0.0,ఇప్యటికే అఖిలప్రియ ఆమె సోదరుడిని పోలీసులు అరెస్ట్ చేశారు,0.0,ఇప్వటికే అఖిలప్రియ ఆమె సోదరుడిని పోలీసులు అరెస్ట్ చేశారు,0.0,ఇప్వటికే అఖిలప్రియ ఆమె సోదరుడిని పోలీసులు అరెస్ట్ చేశారు,0.0,ఇప్సటికే అఖిలప్రియ ఆమె సోదరుడిని పోలీసులు అరెస్ట్ చేశారు
కాగా భారత జట్టుకు పరుగుల స్వల్ప ఆధిక్యం లభించింది,0.0,కాగా భారత జట్టుకు పరుగుల స్సల్వ ఆధిక్యం లభించింది,0.0,కాగా భారత జట్టుకు పరుగుల స్యల్న ఆధిక్యం లభించింది,0.0,కాగా భారత జట్టుకు పరుగుల స్యల్వ ఆధిక్యం లభించింది,0.0,కాగా భారత జట్టుకు పరుగుల స్సల్స ఆధిక్యం లభించింది
ప్రతిపక్షాలపై జనాలకు నమ్మకం లేదు,0.0,ప్రతిపక్షాలపై జనాలకు నమ్శకం లేదు,0.0,ప్రతిపక్షాలపై జనాలకు నమ్శకం లేదు,0.0,ప్రతిపక్షాలపై జనాలకు నమ్శకం లేదు,0.0,ప్రతిపక్షాలపై జనాలకు నమ్శకం లేదు
పథకం అమలు కోసం బడ్జెట్లో రూ,0.0,పథకం అమలు కోసం బడ్జెట్తో రూ,0.0,పథకం అమలు కోసం బడ్జెట్ధో రూ,0.0,పథకం అమలు కోసం బడ్జెట్ధో రూ,0.0,పథకం అమలు కోసం బడ్జెట్ధో రూ
ఇక ఈ సినిమాలో శ్రద్ధా శ్రీనాథ్ హీరోయిన్గా నటిస్తోండగా రెజీనా ఓ కీలక పాత్రలో నటిస్తోంది,0.0,ఇక ఈ సినిమాలో శ్రద్గా శ్రీనాథ్ హీరోయిన్ధా నటిస్లోండగా రెజీనా ఓ కీలక పాత్రలో నటిస్లోంది,0.0,ఇక ఈ సినిమాలో శ్రద్లా శ్రీనాథ్ హీరోయిన్ధా నటిస్లోండగా రెజీనా ఓ కీలక పాత్రలో నటిస్లోంది,0.0,ఇక ఈ సినిమాలో శ్రద్గా శ్రీనాథ్ హీరోయిన్ఠా నటిస్లోండగా రెజీనా ఓ కీలక పాత్రలో నటిస్లోంది,0.0,ఇక ఈ సినిమాలో శ్రద్దా శ్రీనాథ్ హీరోయిన్ధా నటిస్లోండగా రెజీనా ఓ కీలక పాత్రలో నటిస్లోంది
మనం చూస్తూనే ఉంటాం అన్నారు,0.0,మనం చూస్లూనే ఉంటాం అన్పారు,0.0,మనం చూస్లూనే ఉంటాం అన్వారు,0.0,మనం చూస్లూనే ఉంటాం అన్పారు,0.0,మనం చూస్లూనే ఉంటాం అన్వారు
పిత్తాశయంలో రాళ్ళను సహజంగా తొలగించడం ఎలా,0.0,పిత్లాశయంలో రాళ్ళను సహజంగా తొలగించడం ఎలా,0.0,పిత్లాశయంలో రాళ్ళను సహజంగా తొలగించడం ఎలా,0.0,పిత్లాశయంలో రాళ్ళను సహజంగా తొలగించడం ఎలా,0.0,పిత్లాశయంలో రాళ్ళను సహజంగా తొలగించడం ఎలా
పిటిషన్ పై విచారణ చేపట్టిన జస్టిస్ అశోక్భూషణ్ జస్టిస్ ఆర్ సుభాష్రెడ్డి జస్టిస్ ఎం,0.0,పిటిషన్ పై విచారణ చేపట్టిన జస్టిస్ అశోక్భూషణ్ జస్టిస్ ఆర్ సుభాష్రెడ్ది జస్టిస్ ఎం,0.0,పిటిషన్ పై విచారణ చేపట్టిన జస్టిస్ అశోక్భూషణ్ జస్టిస్ ఆర్ సుభాష్రెడ్ది జస్టిస్ ఎం,0.0,పిటిషన్ పై విచారణ చేపట్టిన జస్టిస్ అశోక్భూషణ్ జస్టిస్ ఆర్ సుభాష్రెడ్ధి జస్టిస్ ఎం,0.0,పిటిషన్ పై విచారణ చేపట్టిన జస్టిస్ అశోక్భూషణ్ జస్టిస్ ఆర్ సుభాష్రెడ్ది జస్టిస్ ఎం
తీవ్రమైన అనారోగ్య కోవిడ్ రోగులపై రెండవ దశ క్లినికల్ ట్రయల్ విజయవంతంగా పూర్తయింది,0.0,తీవ్రమైన అనారోగ్య కోవిడ్ రోగులపై రెండవ దశ క్గినికల్ ట్రయల్ విజయవంతంగా పూర్లయింది,0.0,తీవ్రమైన అనారోగ్య కోవిడ్ రోగులపై రెండవ దశ క్తినికల్ ట్రయల్ విజయవంతంగా పూర్లయింది,0.0,తీవ్రమైన అనారోగ్య కోవిడ్ రోగులపై రెండవ దశ క్ధినికల్ ట్రయల్ విజయవంతంగా పూర్లయింది,0.0,తీవ్రమైన అనారోగ్య కోవిడ్ రోగులపై రెండవ దశ క్గినికల్ ట్రయల్ విజయవంతంగా పూర్లయింది
మిగిలిన ప్రాంతాల్లో ఎందుకు వేయలేదో,0.0,మిగిలిన ప్రాంతాల్ధో ఎందుకు వేయలేదో,0.0,మిగిలిన ప్రాంతాల్ధో ఎందుకు వేయలేదో,0.0,మిగిలిన ప్రాంతాల్గో ఎందుకు వేయలేదో,0.0,మిగిలిన ప్రాంతాల్ధో ఎందుకు వేయలేదో
మాట స్పష్టత లేదు,0.0,మాట స్యష్టత లేదు,0.0,మాట స్సష్టత లేదు,0.0,మాట స్యష్టత లేదు,0.0,మాట స్వష్టత లేదు
యేసుక్రీస్తు విషయంలో పిలాతు తీసుకున్న నిర్ణయానికి నిజానికి ఎవరు బాధ్యులు అది ఆ రోమా అధిపతిని జవాబుదారుణ్ణి కాకుండా చేసిందా,0.0,యేసుక్రీస్లు విషయంలో పిలాతు తీసుకున్ప నిర్ణయానికి నిజానికి ఎవరు బాధ్యులు అది ఆ రోమా అధిపతిని జవాబుదారుణ్ణి కాకుండా చేసిందా,0.0,యేసుక్రీస్లు విషయంలో పిలాతు తీసుకున్వ నిర్ణయానికి నిజానికి ఎవరు బాధ్యులు అది ఆ రోమా అధిపతిని జవాబుదారుణ్ణి కాకుండా చేసిందా,0.0,యేసుక్రీస్లు విషయంలో పిలాతు తీసుకున్వ నిర్ణయానికి నిజానికి ఎవరు బాధ్యులు అది ఆ రోమా అధిపతిని జవాబుదారుణ్ణి కాకుండా చేసిందా,0.0,యేసుక్రీస్లు విషయంలో పిలాతు తీసుకున్ప నిర్ణయానికి నిజానికి ఎవరు బాధ్యులు అది ఆ రోమా అధిపతిని జవాబుదారుణ్ణి కాకుండా చేసిందా
ఈ మూవీలో కళ్యాణ్ రామ్ డిఫరెంట్ లుక్లో కనిపించనున్నాడు,0.0,ఈ మూవీలో కళ్యాణ్ రామ్ డిఫరెంట్ లుక్గో కనిపించనున్పాడు,0.0,ఈ మూవీలో కళ్యాణ్ రామ్ డిఫరెంట్ లుక్గో కనిపించనున్పాడు,0.0,ఈ మూవీలో కళ్యాణ్ రామ్ డిఫరెంట్ లుక్ధో కనిపించనున్వాడు,0.0,ఈ మూవీలో కళ్యాణ్ రామ్ డిఫరెంట్ లుక్తో కనిపించనున్పాడు
ఇక్కడ మేము మహిళలు పిల్లలు కుటుంబాలతో ఉంటున్నాం,0.0,ఇక్కడ మేము మహిళలు పిల్గలు కుటుంబాలతో ఉంటున్పాం,0.0,ఇక్కడ మేము మహిళలు పిల్తలు కుటుంబాలతో ఉంటున్వాం,0.0,ఇక్కడ మేము మహిళలు పిల్గలు కుటుంబాలతో ఉంటున్పాం,0.0,ఇక్కడ మేము మహిళలు పిల్గలు కుటుంబాలతో ఉంటున్పాం
ఈ సినిమాను సిద్ధార్థ్ ఆనంద్ డైరెక్ట్ చేశాడు,0.0,ఈ సినిమాను సిద్డార్థ్ ఆనంద్ డైరెక్ట్ చేశాడు,0.0,ఈ సినిమాను సిద్గార్థ్ ఆనంద్ డైరెక్ట్ చేశాడు,0.0,ఈ సినిమాను సిద్దార్థ్ ఆనంద్ డైరెక్ట్ చేశాడు,0.0,ఈ సినిమాను సిద్గార్థ్ ఆనంద్ డైరెక్ట్ చేశాడు
ఆరోగ్యంగా ఉండొచ్చు,0.0,ఆరోగ్యంగా ఉండొచ్వు,0.0,ఆరోగ్యంగా ఉండొచ్వు,0.0,ఆరోగ్యంగా ఉండొచ్వు,0.0,ఆరోగ్యంగా ఉండొచ్వు
ఐఎన్ఎక్స్ మీడియా కేసులో చిదంబరాన్ని సీబీఐ అధికారులు అరెస్టు చేశారు,0.0,ఐఎన్ఎక్ప్ మీడియా కేసులో చిదంబరాన్పి సీబీఐ అధికారులు అరెస్టు చేశారు,0.0,ఐఎన్ఎక్వ్ మీడియా కేసులో చిదంబరాన్వి సీబీఐ అధికారులు అరెస్టు చేశారు,0.0,ఐఎన్ఎక్వ్ మీడియా కేసులో చిదంబరాన్పి సీబీఐ అధికారులు అరెస్టు చేశారు,0.0,ఐఎన్ఎక్చ్ మీడియా కేసులో చిదంబరాన్పి సీబీఐ అధికారులు అరెస్టు చేశారు
దేశవ్యాప్తంగా మహిళలపై జరుగుతున్న అత్యాచార ఘటనలకు నిరసనగా సోనియా తన పుట్టినరోజు వేడుకలకు దూరంగా ఉంటున్నారు,0.0,దేశవ్యాప్లంగా మహిళలపై జరుగుతున్వ అత్యాచార ఘటనలకు నిరసనగా సోనియా తన పుట్టినరోజు వేడుకలకు దూరంగా ఉంటున్వారు,0.0,దేశవ్యాప్లంగా మహిళలపై జరుగుతున్ప అత్యాచార ఘటనలకు నిరసనగా సోనియా తన పుట్టినరోజు వేడుకలకు దూరంగా ఉంటున్వారు,0.0,దేశవ్యాప్లంగా మహిళలపై జరుగుతున్వ అత్యాచార ఘటనలకు నిరసనగా సోనియా తన పుట్టినరోజు వేడుకలకు దూరంగా ఉంటున్పారు,0.0,దేశవ్యాప్లంగా మహిళలపై జరుగుతున్ప అత్యాచార ఘటనలకు నిరసనగా సోనియా తన పుట్టినరోజు వేడుకలకు దూరంగా ఉంటున్పారు
స్క్రూ మూత కలిగిన ప్లాస్టిక్ జార్ గ్రా,0.0,స్క్రూ మూత కలిగిన ప్తాస్టిక్ జార్ గ్రా,0.0,స్క్రూ మూత కలిగిన ప్తాస్టిక్ జార్ గ్రా,0.0,స్క్రూ మూత కలిగిన ప్ధాస్టిక్ జార్ గ్రా,0.0,స్క్రూ మూత కలిగిన ప్గాస్టిక్ జార్ గ్రా
తగుమాత్రపు రోడ్లున్నాయి,0.0,తగుమాత్రపు రోడ్ధున్పాయి,0.0,తగుమాత్రపు రోడ్తున్పాయి,0.0,తగుమాత్రపు రోడ్తున్వాయి,0.0,తగుమాత్రపు రోడ్ధున్వాయి
జడ్జి తీర్పు ఇవ్వగానే కోర్టు గదిలో హర్షాతిరేకాలు వ్యక్తమయ్యాయి,0.0,జడ్జి తీర్వు ఇవ్నగానే కోర్టు గదిలో హర్షాతిరేకాలు వ్యక్లమయ్యాయి,0.0,జడ్జి తీర్వు ఇవ్పగానే కోర్టు గదిలో హర్షాతిరేకాలు వ్యక్లమయ్యాయి,0.0,జడ్జి తీర్ను ఇవ్సగానే కోర్టు గదిలో హర్షాతిరేకాలు వ్యక్లమయ్యాయి,0.0,జడ్జి తీర్వు ఇవ్పగానే కోర్టు గదిలో హర్షాతిరేకాలు వ్యక్లమయ్యాయి
ప్రాకారం వలయాకారంలో ఉండేది,0.0,ప్రాకారం వలయాకారంలో ఉండేది,0.0,ప్రాకారం వలయాకారంలో ఉండేది,0.0,ప్రాకారం వలయాకారంలో ఉండేది,0.0,ప్రాకారం వలయాకారంలో ఉండేది
వెంగళరావునగర్లోనూ ఇదే పరిస్థితి,0.0,వెంగళరావునగర్గోనూ ఇదే పరిస్థితి,0.0,వెంగళరావునగర్తోనూ ఇదే పరిస్థితి,0.0,వెంగళరావునగర్గోనూ ఇదే పరిస్థితి,0.0,వెంగళరావునగర్గోనూ ఇదే పరిస్థితి
అలాగే బోనికపూర్శ్రీదేవి కలసి ఉన్న దృశ్యాల్ని కూడా షేర్ చేసింది,0.0,అలాగే బోనికపూర్మ్రీదేవి కలసి ఉన్ప దృశ్యాల్పి కూడా షేర్ చేసింది,0.0,అలాగే బోనికపూర్మ్రీదేవి కలసి ఉన్ప దృశ్యాల్వి కూడా షేర్ చేసింది,0.0,అలాగే బోనికపూర్మ్రీదేవి కలసి ఉన్వ దృశ్యాల్పి కూడా షేర్ చేసింది,0.0,అలాగే బోనికపూర్మ్రీదేవి కలసి ఉన్ప దృశ్యాల్వి కూడా షేర్ చేసింది
కానీ తర్వాత పెరగవచ్చు,0.0,కానీ తర్చాత పెరగవచ్సు,0.0,కానీ తర్పాత పెరగవచ్సు,0.0,కానీ తర్నాత పెరగవచ్సు,0.0,కానీ తర్యాత పెరగవచ్వు
పేషంట్లు చాలా ఇబ్బందులు పడ్డారు,0.0,పేషంట్తు చాలా ఇబ్బందులు పడ్ధారు,0.0,పేషంట్ధు చాలా ఇబ్బందులు పడ్దారు,0.0,పేషంట్గు చాలా ఇబ్బందులు పడ్ధారు,0.0,పేషంట్గు చాలా ఇబ్బందులు పడ్ధారు
గర్భవిచ్ఛిత్తి జరగడంతో బాధితురాలు విలవిల్లాడిపోయింది,0.0,గర్భవిచ్ఛిత్లి జరగడంతో బాధితురాలు విలవిల్గాడిపోయింది,0.0,గర్భవిచ్ఛిత్లి జరగడంతో బాధితురాలు విలవిల్ధాడిపోయింది,0.0,గర్భవిచ్ఛిత్లి జరగడంతో బాధితురాలు విలవిల్ధాడిపోయింది,0.0,గర్భవిచ్ఛిత్లి జరగడంతో బాధితురాలు విలవిల్గాడిపోయింది
ఒక కప్పు గోరువెచ్చని నీటిలో రెండు స్పూన్ల ఆపిల్ సైడర్ వెనిగర్ వేసి కలపాలి,0.0,ఒక కప్వు గోరువెచ్సని నీటిలో రెండు స్యూన్ధ ఆపిల్ సైడర్ వెనిగర్ వేసి కలపాలి,0.0,ఒక కప్యు గోరువెచ్సని నీటిలో రెండు స్సూన్గ ఆపిల్ సైడర్ వెనిగర్ వేసి కలపాలి,0.0,ఒక కప్వు గోరువెచ్సని నీటిలో రెండు స్వూన్ధ ఆపిల్ సైడర్ వెనిగర్ వేసి కలపాలి,0.0,ఒక కప్ను గోరువెచ్సని నీటిలో రెండు స్నూన్ధ ఆపిల్ సైడర్ వెనిగర్ వేసి కలపాలి
ఈ విషయమై ఓ వీడియో సోషల్ మీడియాలో వైరల్ గా మారింది,0.0,ఈ విషయమై ఓ వీడియో సోషల్ మీడియాలో వైరల్ గా మారింది,0.0,ఈ విషయమై ఓ వీడియో సోషల్ మీడియాలో వైరల్ గా మారింది,0.0,ఈ విషయమై ఓ వీడియో సోషల్ మీడియాలో వైరల్ గా మారింది,0.0,ఈ విషయమై ఓ వీడియో సోషల్ మీడియాలో వైరల్ గా మారింది
ఇప్పటికే శాతం చిత్రీకరణ పూర్తయింది,0.0,ఇప్యటికే శాతం చిత్రీకరణ పూర్లయింది,0.0,ఇప్యటికే శాతం చిత్రీకరణ పూర్లయింది,0.0,ఇప్సటికే శాతం చిత్రీకరణ పూర్లయింది,0.0,ఇప్వటికే శాతం చిత్రీకరణ పూర్లయింది
అన్నది మాత్రమే చూస్తారు,0.0,అన్పది మాత్రమే చూస్లారు,0.0,అన్పది మాత్రమే చూస్లారు,0.0,అన్వది మాత్రమే చూస్లారు,0.0,అన్వది మాత్రమే చూస్లారు
కిడ్నీలో రాళ్లకు సహజ ఔషధాలు,0.0,కిడ్పీలో రాళ్తకు సహజ ఔషధాలు,0.0,కిడ్పీలో రాళ్గకు సహజ ఔషధాలు,0.0,కిడ్పీలో రాళ్గకు సహజ ఔషధాలు,0.0,కిడ్పీలో రాళ్ధకు సహజ ఔషధాలు
మోడీ నేతృత్వంలో భారత్ అద్భుతంగా దూసుకెళ్తోందన్నారు,0.0,మోడీ నేతృత్సంలో భారత్ అద్భుతంగా దూసుకెళ్లోందన్వారు,0.0,మోడీ నేతృత్నంలో భారత్ అద్భుతంగా దూసుకెళ్లోందన్వారు,0.0,మోడీ నేతృత్యంలో భారత్ అద్భుతంగా దూసుకెళ్లోందన్వారు,0.0,మోడీ నేతృత్చంలో భారత్ అద్భుతంగా దూసుకెళ్లోందన్వారు
ఇందుకోసం ఎన్నో కలలు కన్నాను,0.0,ఇందుకోసం ఎన్వో కలలు కన్పాను,0.0,ఇందుకోసం ఎన్వో కలలు కన్వాను,0.0,ఇందుకోసం ఎన్పో కలలు కన్పాను,0.0,ఇందుకోసం ఎన్వో కలలు కన్వాను
నేను ఓకే అని చెప్పాను,0.0,నేను ఓకే అని చెప్వాను,0.0,నేను ఓకే అని చెప్సాను,0.0,నేను ఓకే అని చెప్సాను,0.0,నేను ఓకే అని చెప్యాను
ఈ కూడా క్రింద పేర్కొన్న చేయబడుతుంది,0.0,ఈ కూడా క్రింద పేర్కొన్ప చేయబడుతుంది,0.0,ఈ కూడా క్రింద పేర్కొన్ప చేయబడుతుంది,0.0,ఈ కూడా క్రింద పేర్కొన్వ చేయబడుతుంది,0.0,ఈ కూడా క్రింద పేర్కొన్వ చేయబడుతుంది
చూసిన వాళ్లంతా బాగుందన్నారు,0.0,చూసిన వాళ్తంతా బాగుందన్పారు,0.0,చూసిన వాళ్తంతా బాగుందన్పారు,0.0,చూసిన వాళ్తంతా బాగుందన్పారు,0.0,చూసిన వాళ్తంతా బాగుందన్వారు
చేతబడి భయమా,0.0,చేతబడి భయమా,0.0,చేతబడి భయమా,0.0,చేతబడి భయమా,0.0,చేతబడి భయమా
పలు స్టార్టప్ కంపెనీల్లో పెట్టుబడిదారుగా ఉన్న ఆనందన్ వెంచర్ ఫండ్ సీక్వోయా క్యాపిటల్లో చేరాలని నిర్ణయించుకున్నారు,0.0,పలు స్టార్టప్ కంపెనీల్తో పెట్టుబడిదారుగా ఉన్వ ఆనందన్ వెంచర్ ఫండ్ సీక్పోయా క్యాపిటల్తో చేరాలని నిర్ణయించుకున్పారు,0.0,పలు స్టార్టప్ కంపెనీల్ధో పెట్టుబడిదారుగా ఉన్వ ఆనందన్ వెంచర్ ఫండ్ సీక్నోయా క్యాపిటల్ధో చేరాలని నిర్ణయించుకున్పారు,0.0,పలు స్టార్టప్ కంపెనీల్ధో పెట్టుబడిదారుగా ఉన్వ ఆనందన్ వెంచర్ ఫండ్ సీక్చోయా క్యాపిటల్గో చేరాలని నిర్ణయించుకున్పారు,0.0,పలు స్టార్టప్ కంపెనీల్ధో పెట్టుబడిదారుగా ఉన్వ ఆనందన్ వెంచర్ ఫండ్ సీక్యోయా క్యాపిటల్ధో చేరాలని నిర్ణయించుకున్వారు
సంఘంలో గౌరవం మరింత పెరుగుతుంది,0.0,సంఘంలో గౌరవం మరింత పెరుగుతుంది,0.0,సంఘంలో గౌరవం మరింత పెరుగుతుంది,0.0,సంఘంలో గౌరవం మరింత పెరుగుతుంది,0.0,సంఘంలో గౌరవం మరింత పెరుగుతుంది
హెచ్చరికలు జారీ చేసిన ఇంటెలిజెన్స్ ఏజెన్సీలు,0.0,హెచ్వరికలు జారీ చేసిన ఇంటెలిజెన్చ్ ఏజెన్చీలు,0.0,హెచ్సరికలు జారీ చేసిన ఇంటెలిజెన్వ్ ఏజెన్వీలు,0.0,హెచ్సరికలు జారీ చేసిన ఇంటెలిజెన్వ్ ఏజెన్వీలు,0.0,హెచ్సరికలు జారీ చేసిన ఇంటెలిజెన్న్ ఏజెన్చీలు
దీంతో రోడ్ల మీద భారీ ఎత్తున వాహనాలు నిలిచిపోయాయి,0.0,దీంతో రోడ్గ మీద భారీ ఎత్లున వాహనాలు నిలిచిపోయాయి,0.0,దీంతో రోడ్ధ మీద భారీ ఎత్లున వాహనాలు నిలిచిపోయాయి,0.0,దీంతో రోడ్త మీద భారీ ఎత్లున వాహనాలు నిలిచిపోయాయి,0.0,దీంతో రోడ్ధ మీద భారీ ఎత్లున వాహనాలు నిలిచిపోయాయి
వారిది పేదరైతు కుటుంబం,0.0,వారిది పేదరైతు కుటుంబం,0.0,వారిది పేదరైతు కుటుంబం,0.0,వారిది పేదరైతు కుటుంబం,0.0,వారిది పేదరైతు కుటుంబం
ఇది నాలుగు వైపులా నాలుగు రూపాల్లో ఉంటుంది,0.0,ఇది నాలుగు వైపులా నాలుగు రూపాల్తో ఉంటుంది,0.0,ఇది నాలుగు వైపులా నాలుగు రూపాల్తో ఉంటుంది,0.0,ఇది నాలుగు వైపులా నాలుగు రూపాల్తో ఉంటుంది,0.0,ఇది నాలుగు వైపులా నాలుగు రూపాల్గో ఉంటుంది
రిస్క్ లేకుండా లైఫ్ లేదు,0.0,రిస్క్ లేకుండా లైఫ్ లేదు,0.0,రిస్క్ లేకుండా లైఫ్ లేదు,0.0,రిస్క్ లేకుండా లైఫ్ లేదు,0.0,రిస్క్ లేకుండా లైఫ్ లేదు
లు పిల్లలకు రూ,0.0,లు పిల్గలకు రూ,0.0,లు పిల్ధలకు రూ,0.0,లు పిల్తలకు రూ,0.0,లు పిల్తలకు రూ
నిర్ణీత సమయానికి ప్రాజెక్టును పూర్తి చేయాలని అధికారులను ఆదేశించారు,0.0,నిర్ణీత సమయానికి ప్రాజెక్టును పూర్లి చేయాలని అధికారులను ఆదేశించారు,0.0,నిర్ణీత సమయానికి ప్రాజెక్టును పూర్లి చేయాలని అధికారులను ఆదేశించారు,0.0,నిర్ణీత సమయానికి ప్రాజెక్టును పూర్లి చేయాలని అధికారులను ఆదేశించారు,0.0,నిర్ణీత సమయానికి ప్రాజెక్టును పూర్లి చేయాలని అధికారులను ఆదేశించారు
అలాగే కృష్ణా గోదావరి నదుల అనుసంధానానికి నిధులు విడుదల చేయాలని కోరారు,0.0,అలాగే కృష్ణా గోదావరి నదుల అనుసంధానానికి నిధులు విడుదల చేయాలని కోరారు,0.0,అలాగే కృష్ణా గోదావరి నదుల అనుసంధానానికి నిధులు విడుదల చేయాలని కోరారు,0.0,అలాగే కృష్ణా గోదావరి నదుల అనుసంధానానికి నిధులు విడుదల చేయాలని కోరారు,0.0,అలాగే కృష్ణా గోదావరి నదుల అనుసంధానానికి నిధులు విడుదల చేయాలని కోరారు
ఇక్కడ మరియు వృద్ధుల ఉన్నాయి,0.0,ఇక్కడ మరియు వృద్దుల ఉన్వాయి,0.0,ఇక్కడ మరియు వృద్దుల ఉన్పాయి,0.0,ఇక్కడ మరియు వృద్లుల ఉన్వాయి,0.0,ఇక్కడ మరియు వృద్దుల ఉన్పాయి
అయితే ఆ డబ్బు ఖర్చైపోయినప్పుడు యెహోవా మమ్మల్ని విడిచిపెట్టలేదు,0.0,అయితే ఆ డబ్బు ఖర్వైపోయినప్వుడు యెహోవా మమ్శల్పి విడిచిపెట్టలేదు,0.0,అయితే ఆ డబ్బు ఖర్వైపోయినప్సుడు యెహోవా మమ్శల్పి విడిచిపెట్టలేదు,0.0,అయితే ఆ డబ్బు ఖర్సైపోయినప్నుడు యెహోవా మమ్శల్వి విడిచిపెట్టలేదు,0.0,అయితే ఆ డబ్బు ఖర్వైపోయినప్వుడు యెహోవా మమ్శల్వి విడిచిపెట్టలేదు
తునక మూలము,0.0,తునక మూలము,0.0,తునక మూలము,0.0,తునక మూలము,0.0,తునక మూలము
సాధారణ పరిమాణం,0.0,సాధారణ పరిమాణం,0.0,సాధారణ పరిమాణం,0.0,సాధారణ పరిమాణం,0.0,సాధారణ పరిమాణం
ఏ ఒక్క నోటిఫికేషన్ విడుదల కావడం లేదు,0.0,ఏ ఒక్క నోటిఫికేషన్ విడుదల కావడం లేదు,0.0,ఏ ఒక్క నోటిఫికేషన్ విడుదల కావడం లేదు,0.0,ఏ ఒక్క నోటిఫికేషన్ విడుదల కావడం లేదు,0.0,ఏ ఒక్క నోటిఫికేషన్ విడుదల కావడం లేదు
రంజిత్ దర్శకత్వంలో తెరకెక్కిన ఈ సినిమాలో రాధికా ఆప్టే హీరోయిన్గా నటించారు,0.0,రంజిత్ దర్మకత్పంలో తెరకెక్కిన ఈ సినిమాలో రాధికా ఆప్టే హీరోయిన్ధా నటించారు,0.0,రంజిత్ దర్మకత్పంలో తెరకెక్కిన ఈ సినిమాలో రాధికా ఆప్టే హీరోయిన్లా నటించారు,0.0,రంజిత్ దర్మకత్పంలో తెరకెక్కిన ఈ సినిమాలో రాధికా ఆప్టే హీరోయిన్ఠా నటించారు,0.0,రంజిత్ దర్మకత్చంలో తెరకెక్కిన ఈ సినిమాలో రాధికా ఆప్టే హీరోయిన్ఠా నటించారు
ఆ నిర్ణయాధికారం వుండడం లేదు,0.0,ఆ నిర్ణయాధికారం వుండడం లేదు,0.0,ఆ నిర్ణయాధికారం వుండడం లేదు,0.0,ఆ నిర్ణయాధికారం వుండడం లేదు,0.0,ఆ నిర్ణయాధికారం వుండడం లేదు
ఎవరు దాని కోసం దరఖాస్తు చేయవచ్చు,0.0,ఎవరు దాని కోసం దరఖాస్లు చేయవచ్సు,0.0,ఎవరు దాని కోసం దరఖాస్లు చేయవచ్సు,0.0,ఎవరు దాని కోసం దరఖాస్లు చేయవచ్వు,0.0,ఎవరు దాని కోసం దరఖాస్లు చేయవచ్సు
సుమారు మందికి పైగా అస్వస్థతకు గురైన విషయం తెలిసిందే,0.0,సుమారు మందికి పైగా అస్పస్థతకు గురైన విషయం తెలిసిందే,0.0,సుమారు మందికి పైగా అస్నస్థతకు గురైన విషయం తెలిసిందే,0.0,సుమారు మందికి పైగా అస్సస్థతకు గురైన విషయం తెలిసిందే,0.0,సుమారు మందికి పైగా అస్చస్థతకు గురైన విషయం తెలిసిందే
ఈ ప్రక్రియ మానసికంగా చాలా కష్టం,0.0,ఈ ప్రక్రియ మానసికంగా చాలా కష్టం,0.0,ఈ ప్రక్రియ మానసికంగా చాలా కష్టం,0.0,ఈ ప్రక్రియ మానసికంగా చాలా కష్టం,0.0,ఈ ప్రక్రియ మానసికంగా చాలా కష్టం
దీనిలో ఉన్న ప్రతికూల అంశం ఏమిటంటే ఇది దీనిని ఉపయోగించే సమయంలో ఇంటర్నెట్ ఉంటే మాత్రమే పనిచేస్తుంది,0.0,దీనిలో ఉన్ప ప్రతికూల అంశం ఏమిటంటే ఇది దీనిని ఉపయోగించే సమయంలో ఇంటర్పెట్ ఉంటే మాత్రమే పనిచేస్లుంది,0.0,దీనిలో ఉన్వ ప్రతికూల అంశం ఏమిటంటే ఇది దీనిని ఉపయోగించే సమయంలో ఇంటర్పెట్ ఉంటే మాత్రమే పనిచేస్లుంది,0.0,దీనిలో ఉన్ప ప్రతికూల అంశం ఏమిటంటే ఇది దీనిని ఉపయోగించే సమయంలో ఇంటర్వెట్ ఉంటే మాత్రమే పనిచేస్లుంది,0.0,దీనిలో ఉన్ప ప్రతికూల అంశం ఏమిటంటే ఇది దీనిని ఉపయోగించే సమయంలో ఇంటర్వెట్ ఉంటే మాత్రమే పనిచేస్లుంది
అక్కడి నుండి హైదరాబాద్ ప్రయివేటు ఆస్పత్రికి తరలించారు,0.0,అక్కడి నుండి హైదరాబాద్ ప్రయివేటు ఆస్సత్రికి తరలించారు,0.0,అక్కడి నుండి హైదరాబాద్ ప్రయివేటు ఆస్యత్రికి తరలించారు,0.0,అక్కడి నుండి హైదరాబాద్ ప్రయివేటు ఆస్సత్రికి తరలించారు,0.0,అక్కడి నుండి హైదరాబాద్ ప్రయివేటు ఆస్వత్రికి తరలించారు
అపరాధ రుసుం,0.0,అపరాధ రుసుం,0.0,అపరాధ రుసుం,0.0,అపరాధ రుసుం,0.0,అపరాధ రుసుం
దేహ్రి సోనే నది ఒడ్డున కలదు,0.0,దేహ్రి సోనే నది ఒడ్ధున కలదు,0.0,దేహ్రి సోనే నది ఒడ్ధున కలదు,0.0,దేహ్రి సోనే నది ఒడ్దున కలదు,0.0,దేహ్రి సోనే నది ఒడ్ధున కలదు
ఈ ప్రమాదాల్లో చాలా మంది చనిపోయారు,0.0,ఈ ప్రమాదాల్ధో చాలా మంది చనిపోయారు,0.0,ఈ ప్రమాదాల్గో చాలా మంది చనిపోయారు,0.0,ఈ ప్రమాదాల్తో చాలా మంది చనిపోయారు,0.0,ఈ ప్రమాదాల్తో చాలా మంది చనిపోయారు
కోర్డోబా శాంటా ఫే బ్యూనస్ ఎయిర్స్ నగరాలు మిలియన్లు ఉన్నాయి,0.0,కోర్ధోబా శాంటా ఫే బ్యూనస్ ఎయిర్చ్ నగరాలు మిలియన్ధు ఉన్వాయి,0.0,కోర్దోబా శాంటా ఫే బ్యూనస్ ఎయిర్చ్ నగరాలు మిలియన్తు ఉన్వాయి,0.0,కోర్దోబా శాంటా ఫే బ్యూనస్ ఎయిర్ప్ నగరాలు మిలియన్గు ఉన్పాయి,0.0,కోర్ధోబా శాంటా ఫే బ్యూనస్ ఎయిర్చ్ నగరాలు మిలియన్ధు ఉన్పాయి
లక్షలను సాధించింది,0.0,లక్షలను సాధించింది,0.0,లక్షలను సాధించింది,0.0,లక్షలను సాధించింది,0.0,లక్షలను సాధించింది
ఇతడికి భార్య ఇద్దరు పిల్లలున్నారు,0.0,ఇతడికి భార్య ఇద్డరు పిల్గలున్పారు,0.0,ఇతడికి భార్య ఇద్ధరు పిల్తలున్పారు,0.0,ఇతడికి భార్య ఇద్ రు పిల్తలున్వారు,0.0,ఇతడికి భార్య ఇద్డరు పిల్తలున్వారు
భార్యతో మ్యూనిచ్లో రోహిత్ శర్మ పక్కనే కేఎల్ రాహుల్,0.0,భార్యతో మ్యూనిచ్గో రోహిత్ శర్శ పక్కనే కేఎల్ రాహుల్,0.0,భార్యతో మ్యూనిచ్ధో రోహిత్ శర్శ పక్కనే కేఎల్ రాహుల్,0.0,భార్యతో మ్యూనిచ్తో రోహిత్ శర్శ పక్కనే కేఎల్ రాహుల్,0.0,భార్యతో మ్యూనిచ్తో రోహిత్ శర్శ పక్కనే కేఎల్ రాహుల్
మోదీ మంత్రివర్గం నుంచి ఐదుగురికి ఉద్వాసన,0.0,మోదీ మంత్రివర్లం నుంచి ఐదుగురికి ఉద్పాసన,0.0,మోదీ మంత్రివర్ఠం నుంచి ఐదుగురికి ఉద్యాసన,0.0,మోదీ మంత్రివర్లం నుంచి ఐదుగురికి ఉద్పాసన,0.0,మోదీ మంత్రివర్లం నుంచి ఐదుగురికి ఉద్యాసన
భవన యజమాని కోసం పోలీసులు గాలిస్తున్నారు,0.0,భవన యజమాని కోసం పోలీసులు గాలిస్లున్పారు,0.0,భవన యజమాని కోసం పోలీసులు గాలిస్లున్వారు,0.0,భవన యజమాని కోసం పోలీసులు గాలిస్లున్పారు,0.0,భవన యజమాని కోసం పోలీసులు గాలిస్లున్పారు
చెరువులో జారిపడి యువకుడు గల్లంతు,0.0,చెరువులో జారిపడి యువకుడు గల్గంతు,0.0,చెరువులో జారిపడి యువకుడు గల్ధంతు,0.0,చెరువులో జారిపడి యువకుడు గల్తంతు,0.0,చెరువులో జారిపడి యువకుడు గల్ధంతు
దీంతో ఎస్ఐ సందీప్ పై ఢిల్లీ పోలీసులు కేసు నమోదు చేసి దర్యాప్తు చేస్తున్నారు,0.0,దీంతో ఎస్ఐ సందీప్ పై ఢిల్గీ పోలీసులు కేసు నమోదు చేసి దర్యాప్లు చేస్లున్పారు,0.0,దీంతో ఎస్ఐ సందీప్ పై ఢిల్ధీ పోలీసులు కేసు నమోదు చేసి దర్యాప్లు చేస్లున్వారు,0.0,దీంతో ఎస్ఐ సందీప్ పై ఢిల్గీ పోలీసులు కేసు నమోదు చేసి దర్యాప్లు చేస్లున్వారు,0.0,దీంతో ఎస్ఐ సందీప్ పై ఢిల్ధీ పోలీసులు కేసు నమోదు చేసి దర్యాప్లు చేస్లున్పారు
జూన్ నేపాల్ ప్రధానమంత్రి పదవికి గిరిజా ప్రసాద్ కొయిరాలా రాజీనామా చేశాడు,0.0,జూన్ నేపాల్ ప్రధానమంత్రి పదవికి గిరిజా ప్రసాద్ కొయిరాలా రాజీనామా చేశాడు,0.0,జూన్ నేపాల్ ప్రధానమంత్రి పదవికి గిరిజా ప్రసాద్ కొయిరాలా రాజీనామా చేశాడు,0.0,జూన్ నేపాల్ ప్రధానమంత్రి పదవికి గిరిజా ప్రసాద్ కొయిరాలా రాజీనామా చేశాడు,0.0,జూన్ నేపాల్ ప్రధానమంత్రి పదవికి గిరిజా ప్రసాద్ కొయిరాలా రాజీనామా చేశాడు
ఈ కారు స్కోడా ఒక్లావియా టయోటా కొరొల్లా ఆల్టిస్ హ్యుండాయ్ ఎలంట్రా మోడల్ కార్లతో తలపడనున్నది,0.0,ఈ కారు స్కోడా ఒక్గావియా టయోటా కొరొల్తా ఆల్టిస్ హ్యుండాయ్ ఎలంట్రా మోడల్ కార్తతో తలపడనున్వది,0.0,ఈ కారు స్కోడా ఒక్తావియా టయోటా కొరొల్తా ఆల్టిస్ హ్యుండాయ్ ఎలంట్రా మోడల్ కార్గతో తలపడనున్వది,0.0,ఈ కారు స్కోడా ఒక్ధావియా టయోటా కొరొల్గా ఆల్టిస్ హ్యుండాయ్ ఎలంట్రా మోడల్ కార్తతో తలపడనున్వది,0.0,ఈ కారు స్కోడా ఒక్గావియా టయోటా కొరొల్గా ఆల్టిస్ హ్యుండాయ్ ఎలంట్రా మోడల్ కార్గతో తలపడనున్పది
ఇంట్లో ఉన్న అతన్ని బయటకు లాకొచ్చి కాల్చివేశారు,0.0,ఇంట్తో ఉన్వ అతన్వి బయటకు లాకొచ్సి కాల్సివేశారు,0.0,ఇంట్ధో ఉన్వ అతన్వి బయటకు లాకొచ్సి కాల్సివేశారు,0.0,ఇంట్గో ఉన్ప అతన్పి బయటకు లాకొచ్సి కాల్సివేశారు,0.0,ఇంట్ధో ఉన్వ అతన్పి బయటకు లాకొచ్సి కాల్వివేశారు
ప్రాథమిక స్థాయి ద్విచక్ర వాహనాలపై రూ,0.0,ప్రాథమిక స్థాయి ద్యిచక్ర వాహనాలపై రూ,0.0,ప్రాథమిక స్థాయి ద్సిచక్ర వాహనాలపై రూ,0.0,ప్రాథమిక స్థాయి ద్చిచక్ర వాహనాలపై రూ,0.0,ప్రాథమిక స్థాయి ద్పిచక్ర వాహనాలపై రూ
దీనితో అతడు పోలీస్ లనుఆ ఆశ్రయించాడు,0.0,దీనితో అతడు పోలీస్ లనుఆ ఆశ్రయించాడు,0.0,దీనితో అతడు పోలీస్ లనుఆ ఆశ్రయించాడు,0.0,దీనితో అతడు పోలీస్ లనుఆ ఆశ్రయించాడు,0.0,దీనితో అతడు పోలీస్ లనుఆ ఆశ్రయించాడు
రోజురోజుకూ పాజిటివ్ కేసుల సంఖ్య విపరీతంగా పెరుగుతూ విలయతాండవం చేస్తోంది,0.0,రోజురోజుకూ పాజిటివ్ కేసుల సంఖ్య విపరీతంగా పెరుగుతూ విలయతాండవం చేస్లోంది,0.0,రోజురోజుకూ పాజిటివ్ కేసుల సంఖ్య విపరీతంగా పెరుగుతూ విలయతాండవం చేస్లోంది,0.0,రోజురోజుకూ పాజిటివ్ కేసుల సంఖ్య విపరీతంగా పెరుగుతూ విలయతాండవం చేస్లోంది,0.0,రోజురోజుకూ పాజిటివ్ కేసుల సంఖ్య విపరీతంగా పెరుగుతూ విలయతాండవం చేస్లోంది
మరోవైపు పవన్ కుమార్ గుప్తా దాఖలుచేసిన క్షమాభిక్ష పిటిషన్ను రాష్ట్రపతి రామ్నాథ్ కోవింద్ తిరస్కరించారు,0.0,మరోవైపు పవన్ కుమార్ గుప్లా దాఖలుచేసిన క్షమాభిక్ష పిటిషన్వు రాష్ట్రపతి రామ్పాథ్ కోవింద్ తిరస్కరించారు,0.0,మరోవైపు పవన్ కుమార్ గుప్లా దాఖలుచేసిన క్షమాభిక్ష పిటిషన్వు రాష్ట్రపతి రామ్వాథ్ కోవింద్ తిరస్కరించారు,0.0,మరోవైపు పవన్ కుమార్ గుప్లా దాఖలుచేసిన క్షమాభిక్ష పిటిషన్వు రాష్ట్రపతి రామ్పాథ్ కోవింద్ తిరస్కరించారు,0.0,మరోవైపు పవన్ కుమార్ గుప్లా దాఖలుచేసిన క్షమాభిక్ష పిటిషన్పు రాష్ట్రపతి రామ్పాథ్ కోవింద్ తిరస్కరించారు
అవిశ్వాసులతో సన్నిహితంగా సహవసించడం అన్ని సందర్భాల్లోనూ ప్రమాదకరంగా ఉంటుందా,0.0,అవిశ్యాసులతో సన్పిహితంగా సహవసించడం అన్వి సందర్భాల్గోనూ ప్రమాదకరంగా ఉంటుందా,0.0,అవిశ్యాసులతో సన్విహితంగా సహవసించడం అన్వి సందర్భాల్గోనూ ప్రమాదకరంగా ఉంటుందా,0.0,అవిశ్నాసులతో సన్విహితంగా సహవసించడం అన్పి సందర్భాల్గోనూ ప్రమాదకరంగా ఉంటుందా,0.0,అవిశ్పాసులతో సన్విహితంగా సహవసించడం అన్పి సందర్భాల్ధోనూ ప్రమాదకరంగా ఉంటుందా
మరణాల రేటు మాత్రం శాతంతో స్థిరంగా ఉన్నట్టు తెలుస్తోంది,0.0,మరణాల రేటు మాత్రం శాతంతో స్థిరంగా ఉన్వట్టు తెలుస్లోంది,0.0,మరణాల రేటు మాత్రం శాతంతో స్థిరంగా ఉన్పట్టు తెలుస్లోంది,0.0,మరణాల రేటు మాత్రం శాతంతో స్థిరంగా ఉన్వట్టు తెలుస్లోంది,0.0,మరణాల రేటు మాత్రం శాతంతో స్థిరంగా ఉన్పట్టు తెలుస్లోంది
ఆరోగ్యానికి హానికరం,0.0,ఆరోగ్యానికి హానికరం,0.0,ఆరోగ్యానికి హానికరం,0.0,ఆరోగ్యానికి హానికరం,0.0,ఆరోగ్యానికి హానికరం
పులివెందుల నుంచి నాలుగవసారి శాసనసభ్యుడిగా గెలుపు,0.0,పులివెందుల నుంచి నాలుగవసారి శాసనసభ్యుడిగా గెలుపు,0.0,పులివెందుల నుంచి నాలుగవసారి శాసనసభ్యుడిగా గెలుపు,0.0,పులివెందుల నుంచి నాలుగవసారి శాసనసభ్యుడిగా గెలుపు,0.0,పులివెందుల నుంచి నాలుగవసారి శాసనసభ్యుడిగా గెలుపు
గ్రీన్ బీన్స్,0.0,గ్రీన్ బీన్న్,0.0,గ్రీన్ బీన్చ్,0.0,గ్రీన్ బీన్చ్,0.0,గ్రీన్ బీన్న్
జాతీయస్థాయి గుర్తింపు పొందిన చిత్రాల దర్శకుడు ప్రియదర్శన్,0.0,జాతీయస్థాయి గుర్లింపు పొందిన చిత్రాల దర్మకుడు ప్రియదర్మన్,0.0,జాతీయస్థాయి గుర్లింపు పొందిన చిత్రాల దర్మకుడు ప్రియదర్మన్,0.0,జాతీయస్థాయి గుర్లింపు పొందిన చిత్రాల దర్మకుడు ప్రియదర్మన్,0.0,జాతీయస్థాయి గుర్లింపు పొందిన చిత్రాల దర్మకుడు ప్రియదర్మన్
అందులో భాగంగానే ఆర్టికల్ ప్రత్యేక హోదా వంటివి దానికి సంక్రమించాయి,0.0,అందులో భాగంగానే ఆర్టికల్ ప్రత్యేక హోదా వంటివి దానికి సంక్రమించాయి,0.0,అందులో భాగంగానే ఆర్టికల్ ప్రత్యేక హోదా వంటివి దానికి సంక్రమించాయి,0.0,అందులో భాగంగానే ఆర్టికల్ ప్రత్యేక హోదా వంటివి దానికి సంక్రమించాయి,0.0,అందులో భాగంగానే ఆర్టికల్ ప్రత్యేక హోదా వంటివి దానికి సంక్రమించాయి
అంత వెరైటీగా స్పందిస్తారు డైరెక్టర్ రామ్ గోపాల్ వర్మ,0.0,అంత వెరైటీగా స్యందిస్లారు డైరెక్టర్ రామ్ గోపాల్ వర్శ,0.0,అంత వెరైటీగా స్నందిస్లారు డైరెక్టర్ రామ్ గోపాల్ వర్శ,0.0,అంత వెరైటీగా స్యందిస్లారు డైరెక్టర్ రామ్ గోపాల్ వర్శ,0.0,అంత వెరైటీగా స్వందిస్లారు డైరెక్టర్ రామ్ గోపాల్ వర్శ
కోట్లు,0.0,కోట్లు,0.0,కోట్ధు,0.0,కోట్ధు,0.0,కోట్తు
విపరీతమైన ఒత్తిడికి గురయ్యా,0.0,విపరీతమైన ఒత్లిడికి గురయ్యా,0.0,విపరీతమైన ఒత్లిడికి గురయ్యా,0.0,విపరీతమైన ఒత్లిడికి గురయ్యా,0.0,విపరీతమైన ఒత్లిడికి గురయ్యా
భారతీయ రైల్వేలు ప్రయాణీకుల సౌకర్యం కోసం కొత్త కొత్త పథకాలను ప్రవేశపెడుతున్నాయి,0.0,భారతీయ రైల్యేలు ప్రయాణీకుల సౌకర్యం కోసం కొత్ల కొత్ల పథకాలను ప్రవేశపెడుతున్పాయి,0.0,భారతీయ రైల్నేలు ప్రయాణీకుల సౌకర్యం కోసం కొత్ల కొత్ల పథకాలను ప్రవేశపెడుతున్పాయి,0.0,భారతీయ రైల్నేలు ప్రయాణీకుల సౌకర్యం కోసం కొత్ల కొత్ల పథకాలను ప్రవేశపెడుతున్పాయి,0.0,భారతీయ రైల్నేలు ప్రయాణీకుల సౌకర్యం కోసం కొత్ల కొత్ల పథకాలను ప్రవేశపెడుతున్పాయి
అయితే వాట్సప్ లోని ఒక గ్రూప్ లో గరిష్ఠంగా మందిని సభ్యులుగా చేర్చేందుకు మాత్రమే అనుమతి ఉంటుంది,0.0,అయితే వాట్పప్ లోని ఒక గ్రూప్ లో గరిష్గంగా మందిని సభ్యులుగా చేర్సేందుకు మాత్రమే అనుమతి ఉంటుంది,0.0,అయితే వాట్నప్ లోని ఒక గ్రూప్ లో గరిష్లంగా మందిని సభ్యులుగా చేర్వేందుకు మాత్రమే అనుమతి ఉంటుంది,0.0,అయితే వాట్పప్ లోని ఒక గ్రూప్ లో గరిష్లంగా మందిని సభ్యులుగా చేర్వేందుకు మాత్రమే అనుమతి ఉంటుంది,0.0,అయితే వాట్పప్ లోని ఒక గ్రూప్ లో గరిష్లంగా మందిని సభ్యులుగా చేర్వేందుకు మాత్రమే అనుమతి ఉంటుంది
ఈ కార్యక్రమంలో కాంగ్రెస్ నాయకులు కార్యకర్తలు పాల్గొన్నారు,0.0,ఈ కార్యక్రమంలో కాంగ్రెస్ నాయకులు కార్యకర్లలు పాల్ధొన్వారు,0.0,ఈ కార్యక్రమంలో కాంగ్రెస్ నాయకులు కార్యకర్లలు పాల్ఠొన్పారు,0.0,ఈ కార్యక్రమంలో కాంగ్రెస్ నాయకులు కార్యకర్లలు పాల్ధొన్పారు,0.0,ఈ కార్యక్రమంలో కాంగ్రెస్ నాయకులు కార్యకర్లలు పాల్ఠొన్పారు
ఈ సినిమాను ఇంత విజయవంతం చేసిందుకు ప్రేక్షకులకు ధన్యవాదాలు,0.0,ఈ సినిమాను ఇంత విజయవంతం చేసిందుకు ప్రేక్షకులకు ధన్యవాదాలు,0.0,ఈ సినిమాను ఇంత విజయవంతం చేసిందుకు ప్రేక్షకులకు ధన్యవాదాలు,0.0,ఈ సినిమాను ఇంత విజయవంతం చేసిందుకు ప్రేక్షకులకు ధన్యవాదాలు,0.0,ఈ సినిమాను ఇంత విజయవంతం చేసిందుకు ప్రేక్షకులకు ధన్యవాదాలు
తరువాత దావీదు ఇశ్రా యేలీయుల దేశమందుండు అన్యజాతి వారిని సమకూర్చుడని ఆజ్ఞ ఇచ్చి దేవుని మందిరమును కట్టించుటకై రాళ్లు చెక్కువారిని నియమించెను,0.0,తరువాత దావీదు ఇశ్రా యేలీయుల దేశమందుండు అన్యజాతి వారిని సమకూర్వుడని ఆజ్ఞ ఇచ్సి దేవుని మందిరమును కట్టించుటకై రాళ్తు చెక్కువారిని నియమించెను,0.0,తరువాత దావీదు ఇశ్రా యేలీయుల దేశమందుండు అన్యజాతి వారిని సమకూర్సుడని ఆజ్ఞ ఇచ్సి దేవుని మందిరమును కట్టించుటకై రాళ్తు చెక్కువారిని నియమించెను,0.0,తరువాత దావీదు ఇశ్రా యేలీయుల దేశమందుండు అన్యజాతి వారిని సమకూర్సుడని ఆజ్ఞ ఇచ్వి దేవుని మందిరమును కట్టించుటకై రాళ్ధు చెక్కువారిని నియమించెను,0.0,తరువాత దావీదు ఇశ్రా యేలీయుల దేశమందుండు అన్యజాతి వారిని సమకూర్వుడని ఆజ్ఞ ఇచ్వి దేవుని మందిరమును కట్టించుటకై రాళ్ధు చెక్కువారిని నియమించెను
ప్రజాస్వామ్యంలో పత్రికలు స్వేచ్ఛగా పనిచేసే పరిస్థితులు ఉండాలి,0.0,ప్రజాస్సామ్యంలో పత్రికలు స్చేచ్ఛగా పనిచేసే పరిస్థితులు ఉండాలి,0.0,ప్రజాస్చామ్యంలో పత్రికలు స్యేచ్ఛగా పనిచేసే పరిస్థితులు ఉండాలి,0.0,ప్రజాస్సామ్యంలో పత్రికలు స్పేచ్ఛగా పనిచేసే పరిస్థితులు ఉండాలి,0.0,ప్రజాస్నామ్యంలో పత్రికలు స్యేచ్ఛగా పనిచేసే పరిస్థితులు ఉండాలి
మహిళలూ మినహాయింపు కాదు,0.0,మహిళలూ మినహాయింపు కాదు,0.0,మహిళలూ మినహాయింపు కాదు,0.0,మహిళలూ మినహాయింపు కాదు,0.0,మహిళలూ మినహాయింపు కాదు
చాలామంది కేప్ వర్డెయన్లను ములాట్టాస్ పోర్చుగీసులో మేస్టికోసు అని కూడా పిలుస్తారు,0.0,చాలామంది కేప్ వర్ధెయన్తను ములాట్టాస్ పోర్వుగీసులో మేస్టికోసు అని కూడా పిలుస్లారు,0.0,చాలామంది కేప్ వర్దెయన్తను ములాట్టాస్ పోర్సుగీసులో మేస్టికోసు అని కూడా పిలుస్లారు,0.0,చాలామంది కేప్ వర్ధెయన్తను ములాట్టాస్ పోర్సుగీసులో మేస్టికోసు అని కూడా పిలుస్లారు,0.0,చాలామంది కేప్ వర్దెయన్ధను ములాట్టాస్ పోర్సుగీసులో మేస్టికోసు అని కూడా పిలుస్లారు
గోడలు బీటలు వారుతున్నయ్,0.0,గోడలు బీటలు వారుతున్వయ్,0.0,గోడలు బీటలు వారుతున్వయ్,0.0,గోడలు బీటలు వారుతున్పయ్,0.0,గోడలు బీటలు వారుతున్పయ్
ఈ ప్రదేశం తేని కి కి మీ ల దూరం లో కలదు,0.0,ఈ ప్రదేశం తేని కి కి మీ ల దూరం లో కలదు,0.0,ఈ ప్రదేశం తేని కి కి మీ ల దూరం లో కలదు,0.0,ఈ ప్రదేశం తేని కి కి మీ ల దూరం లో కలదు,0.0,ఈ ప్రదేశం తేని కి కి మీ ల దూరం లో కలదు
మీరు ఏమి అందిస్తారు,0.0,మీరు ఏమి అందిస్లారు,0.0,మీరు ఏమి అందిస్లారు,0.0,మీరు ఏమి అందిస్లారు,0.0,మీరు ఏమి అందిస్లారు
విరాట్అనుష్కల కుమార్తె తొలి ఫొటో ఇదే,0.0,విరాట్అనుష్కల కుమార్లె తొలి ఫొటో ఇదే,0.0,విరాట్అనుష్కల కుమార్లె తొలి ఫొటో ఇదే,0.0,విరాట్అనుష్కల కుమార్లె తొలి ఫొటో ఇదే,0.0,విరాట్అనుష్కల కుమార్లె తొలి ఫొటో ఇదే
మహారాష్ట్ర ముఖ్యమంత్రి దేవేంధ్ర పఢ్నవీస్ అన్ని రకాలుగా సహకరించారని కృతజ్ఞతలు తెలిపారు,0.0,మహారాష్ట్ర ముఖ్యమంత్రి దేవేంధ్ర పఢ్వవీస్ అన్పి రకాలుగా సహకరించారని కృతజ్ఞతలు తెలిపారు,0.0,మహారాష్ట్ర ముఖ్యమంత్రి దేవేంధ్ర పఢ్పవీస్ అన్వి రకాలుగా సహకరించారని కృతజ్ఞతలు తెలిపారు,0.0,మహారాష్ట్ర ముఖ్యమంత్రి దేవేంధ్ర పఢ్పవీస్ అన్వి రకాలుగా సహకరించారని కృతజ్ఞతలు తెలిపారు,0.0,మహారాష్ట్ర ముఖ్యమంత్రి దేవేంధ్ర పఢ్వవీస్ అన్పి రకాలుగా సహకరించారని కృతజ్ఞతలు తెలిపారు
అయినా కేసులు తగ్గకపోగా రోజూ పెరుగుతూ వస్తున్నాయి,0.0,అయినా కేసులు తగ్ఠకపోగా రోజూ పెరుగుతూ వస్లున్వాయి,0.0,అయినా కేసులు తగ్లకపోగా రోజూ పెరుగుతూ వస్లున్పాయి,0.0,అయినా కేసులు తగ్ఠకపోగా రోజూ పెరుగుతూ వస్లున్వాయి,0.0,అయినా కేసులు తగ్లకపోగా రోజూ పెరుగుతూ వస్లున్పాయి
కాంగ్రెస్ పార్టీలో క్రియాశీలకంగా పనిచేసేవాడు,0.0,కాంగ్రెస్ పార్టీలో క్రియాశీలకంగా పనిచేసేవాడు,0.0,కాంగ్రెస్ పార్టీలో క్రియాశీలకంగా పనిచేసేవాడు,0.0,కాంగ్రెస్ పార్టీలో క్రియాశీలకంగా పనిచేసేవాడు,0.0,కాంగ్రెస్ పార్టీలో క్రియాశీలకంగా పనిచేసేవాడు
ప్రభుత్వ సహకారమే లేదు,0.0,ప్రభుత్ప సహకారమే లేదు,0.0,ప్రభుత్య సహకారమే లేదు,0.0,ప్రభుత్చ సహకారమే లేదు,0.0,ప్రభుత్య సహకారమే లేదు
విద్యుత్ వినియోగం పెరిగింది,0.0,విద్యుత్ వినియోగం పెరిగింది,0.0,విద్యుత్ వినియోగం పెరిగింది,0.0,విద్యుత్ వినియోగం పెరిగింది,0.0,విద్యుత్ వినియోగం పెరిగింది
సమాజ్వాదీ పార్టీ నేత దారుణ హత్య,0.0,సమాజ్సాదీ పార్టీ నేత దారుణ హత్య,0.0,సమాజ్పాదీ పార్టీ నేత దారుణ హత్య,0.0,సమాజ్పాదీ పార్టీ నేత దారుణ హత్య,0.0,సమాజ్నాదీ పార్టీ నేత దారుణ హత్య
బ్యారేజీ వద్ద నీటిమట్టం అడుగులకు చేరింది,0.0,బ్యారేజీ వద్డ నీటిమట్టం అడుగులకు చేరింది,0.0,బ్యారేజీ వద్  నీటిమట్టం అడుగులకు చేరింది,0.0,బ్యారేజీ వద్  నీటిమట్టం అడుగులకు చేరింది,0.0,బ్యారేజీ వద్  నీటిమట్టం అడుగులకు చేరింది
లక్షలు కలెక్ట్ చేసి ప్రపంచవ్యాప్తంగా రూ,0.0,లక్షలు కలెక్ట్ చేసి ప్రపంచవ్యాప్లంగా రూ,0.0,లక్షలు కలెక్ట్ చేసి ప్రపంచవ్యాప్లంగా రూ,0.0,లక్షలు కలెక్ట్ చేసి ప్రపంచవ్యాప్లంగా రూ,0.0,లక్షలు కలెక్ట్ చేసి ప్రపంచవ్యాప్లంగా రూ
ఇది ఒక సిద్ధాంతం అనుచరుడని,0.0,ఇది ఒక సిద్లాంతం అనుచరుడని,0.0,ఇది ఒక సిద్గాంతం అనుచరుడని,0.0,ఇది ఒక సిద్దాంతం అనుచరుడని,0.0,ఇది ఒక సిద్గాంతం అనుచరుడని
విటమిన్సి శక్తిమంతమైన ప్రతిఆక్సీకరణియాంటీ ఆక్సిడెంట్గా వ్యవహరిస్తుంది,0.0,విటమిన్చి శక్లిమంతమైన ప్రతిఆక్పీకరణియాంటీ ఆక్విడెంట్ధా వ్యవహరిస్లుంది,0.0,విటమిన్వి శక్లిమంతమైన ప్రతిఆక్పీకరణియాంటీ ఆక్నిడెంట్ధా వ్యవహరిస్లుంది,0.0,విటమిన్ని శక్లిమంతమైన ప్రతిఆక్నీకరణియాంటీ ఆక్విడెంట్లా వ్యవహరిస్లుంది,0.0,విటమిన్చి శక్లిమంతమైన ప్రతిఆక్నీకరణియాంటీ ఆక్చిడెంట్ధా వ్యవహరిస్లుంది
శంకర బిల్డ్ప్రో,0.0,శంకర బిల్ద్స్రో,0.0,శంకర బిల్ధ్న్రో,0.0,శంకర బిల్ద్స్రో,0.0,శంకర బిల్ద్వ్రో
ఇలా పెంకితనం చేస్తే నేను వెళ్ళిపోతాను,0.0,ఇలా పెంకితనం చేస్లే నేను వెళ్ళిపోతాను,0.0,ఇలా పెంకితనం చేస్లే నేను వెళ్ళిపోతాను,0.0,ఇలా పెంకితనం చేస్లే నేను వెళ్ళిపోతాను,0.0,ఇలా పెంకితనం చేస్లే నేను వెళ్ళిపోతాను
ఈ ఘటనలో తొలుత మంది మృతి చెందారు,0.0,ఈ ఘటనలో తొలుత మంది మృతి చెందారు,0.0,ఈ ఘటనలో తొలుత మంది మృతి చెందారు,0.0,ఈ ఘటనలో తొలుత మంది మృతి చెందారు,0.0,ఈ ఘటనలో తొలుత మంది మృతి చెందారు
వ్యవస్థీకృత సమాచార మార్పిడి యొక్క నియమములు మిగతా రకాల సంఘాలకు కూడా అనువర్తించవచ్చు,0.0,వ్యవస్థీకృత సమాచార మార్విడి యొక్క నియమములు మిగతా రకాల సంఘాలకు కూడా అనువర్లించవచ్వు,0.0,వ్యవస్థీకృత సమాచార మార్యిడి యొక్క నియమములు మిగతా రకాల సంఘాలకు కూడా అనువర్లించవచ్వు,0.0,వ్యవస్థీకృత సమాచార మార్విడి యొక్క నియమములు మిగతా రకాల సంఘాలకు కూడా అనువర్లించవచ్వు,0.0,వ్యవస్థీకృత సమాచార మార్సిడి యొక్క నియమములు మిగతా రకాల సంఘాలకు కూడా అనువర్లించవచ్వు
ఆర్టికల్ ని రద్దు చేస్తూ భారత ప్రభుత్వం తీసుకున్న నిర్ణయం పూర్తిగా వారి అంతర్గత వ్యవహారం,0.0,ఆర్టికల్ ని రద్డు చేస్లూ భారత ప్రభుత్చం తీసుకున్వ నిర్ణయం పూర్లిగా వారి అంతర్ధత వ్యవహారం,0.0,ఆర్టికల్ ని రద్ ు చేస్లూ భారత ప్రభుత్పం తీసుకున్ప నిర్ణయం పూర్లిగా వారి అంతర్ధత వ్యవహారం,0.0,ఆర్టికల్ ని రద్ ు చేస్లూ భారత ప్రభుత్యం తీసుకున్ప నిర్ణయం పూర్లిగా వారి అంతర్లత వ్యవహారం,0.0,ఆర్టికల్ ని రద్డు చేస్లూ భారత ప్రభుత్యం తీసుకున్ప నిర్ణయం పూర్లిగా వారి అంతర్ఠత వ్యవహారం
ఈ మేరకు ఆర్థిక మంత్రి పీయూష్ గోయల్ ఓ ప్రకటన చేశారు,0.0,ఈ మేరకు ఆర్థిక మంత్రి పీయూష్ గోయల్ ఓ ప్రకటన చేశారు,0.0,ఈ మేరకు ఆర్థిక మంత్రి పీయూష్ గోయల్ ఓ ప్రకటన చేశారు,0.0,ఈ మేరకు ఆర్థిక మంత్రి పీయూష్ గోయల్ ఓ ప్రకటన చేశారు,0.0,ఈ మేరకు ఆర్థిక మంత్రి పీయూష్ గోయల్ ఓ ప్రకటన చేశారు
చత్తీస్గఢ్ రాజస్థాన్ మధ్యప్రదేశ్ల్లో కాంగ్రెస్కు మరో ప్రత్యామ్నాయం లేనందునే ఓటర్లు బిజెపిని గెలిపించాల్సిన పరిస్థితి ఏర్పడిందన్నారు,0.0,చత్లీస్లఢ్ రాజస్థాన్ మధ్యప్రదేశ్త్ధో కాంగ్రెస్కు మరో ప్రత్యామ్వాయం లేనందునే ఓటర్తు బిజెపిని గెలిపించాల్చిన పరిస్థితి ఏర్యడిందన్పారు,0.0,చత్లీస్ధఢ్ రాజస్థాన్ మధ్యప్రదేశ్ధ్ధో కాంగ్రెస్కు మరో ప్రత్యామ్పాయం లేనందునే ఓటర్తు బిజెపిని గెలిపించాల్విన పరిస్థితి ఏర్యడిందన్పారు,0.0,చత్లీస్ఠఢ్ రాజస్థాన్ మధ్యప్రదేశ్త్ధో కాంగ్రెస్కు మరో ప్రత్యామ్వాయం లేనందునే ఓటర్గు బిజెపిని గెలిపించాల్చిన పరిస్థితి ఏర్నడిందన్పారు,0.0,చత్లీస్ధఢ్ రాజస్థాన్ మధ్యప్రదేశ్గ్ధో కాంగ్రెస్కు మరో ప్రత్యామ్పాయం లేనందునే ఓటర్ధు బిజెపిని గెలిపించాల్పిన పరిస్థితి ఏర్నడిందన్పారు
ప్రియ సిస్టర్స్ గా పేరొందిన షణ్ముఖప్రియ హరిప్రియలు వీరివద్దనే శిష్యరికం చేసారు,0.0,ప్రియ సిస్టర్న్ గా పేరొందిన షణ్శుఖప్రియ హరిప్రియలు వీరివద్ధనే శిష్యరికం చేసారు,0.0,ప్రియ సిస్టర్న్ గా పేరొందిన షణ్శుఖప్రియ హరిప్రియలు వీరివద్డనే శిష్యరికం చేసారు,0.0,ప్రియ సిస్టర్వ్ గా పేరొందిన షణ్శుఖప్రియ హరిప్రియలు వీరివద్డనే శిష్యరికం చేసారు,0.0,ప్రియ సిస్టర్ప్ గా పేరొందిన షణ్శుఖప్రియ హరిప్రియలు వీరివద్డనే శిష్యరికం చేసారు
వాసుదేవుని పాలన ప్రారంభంలో ప్రామాణిక నాణెం టెట్రాడ్రాచ్ము బరువు గ్రాములు మాత్రమే ఉన్నాయి,0.0,వాసుదేవుని పాలన ప్రారంభంలో ప్రామాణిక నాణెం టెట్రాడ్రాచ్శు బరువు గ్రాములు మాత్రమే ఉన్పాయి,0.0,వాసుదేవుని పాలన ప్రారంభంలో ప్రామాణిక నాణెం టెట్రాడ్రాచ్శు బరువు గ్రాములు మాత్రమే ఉన్పాయి,0.0,వాసుదేవుని పాలన ప్రారంభంలో ప్రామాణిక నాణెం టెట్రాడ్రాచ్శు బరువు గ్రాములు మాత్రమే ఉన్వాయి,0.0,వాసుదేవుని పాలన ప్రారంభంలో ప్రామాణిక నాణెం టెట్రాడ్రాచ్శు బరువు గ్రాములు మాత్రమే ఉన్పాయి
మీరు ఈ క్రింది నియమాలు సహాయపడుతుంది,0.0,మీరు ఈ క్రింది నియమాలు సహాయపడుతుంది,0.0,మీరు ఈ క్రింది నియమాలు సహాయపడుతుంది,0.0,మీరు ఈ క్రింది నియమాలు సహాయపడుతుంది,0.0,మీరు ఈ క్రింది నియమాలు సహాయపడుతుంది
దీన్నే ఓఫరెక్టమీ అంటారు,0.0,దీన్పే ఓఫరెక్టమీ అంటారు,0.0,దీన్పే ఓఫరెక్టమీ అంటారు,0.0,దీన్పే ఓఫరెక్టమీ అంటారు,0.0,దీన్వే ఓఫరెక్టమీ అంటారు
నేను నిన్ను అంగీకరించి నందున నీ కోరిక యంతటి చొప్పున నీవు ఏలుబడి చేయుచు ఇశ్రాయేలువారిమీద రాజవై యుందువు,0.0,నేను నిన్పు అంగీకరించి నందున నీ కోరిక యంతటి చొప్వున నీవు ఏలుబడి చేయుచు ఇశ్రాయేలువారిమీద రాజవై యుందువు,0.0,నేను నిన్వు అంగీకరించి నందున నీ కోరిక యంతటి చొప్నున నీవు ఏలుబడి చేయుచు ఇశ్రాయేలువారిమీద రాజవై యుందువు,0.0,నేను నిన్వు అంగీకరించి నందున నీ కోరిక యంతటి చొప్యున నీవు ఏలుబడి చేయుచు ఇశ్రాయేలువారిమీద రాజవై యుందువు,0.0,నేను నిన్పు అంగీకరించి నందున నీ కోరిక యంతటి చొప్నున నీవు ఏలుబడి చేయుచు ఇశ్రాయేలువారిమీద రాజవై యుందువు
కోట్లు విడుదల చేసింది,0.0,కోట్గు విడుదల చేసింది,0.0,కోట్ధు విడుదల చేసింది,0.0,కోట్ధు విడుదల చేసింది,0.0,కోట్ధు విడుదల చేసింది
అతను మళ్ళీ తొలగించారు,0.0,అతను మళ్ళీ తొలగించారు,0.0,అతను మళ్ళీ తొలగించారు,0.0,అతను మళ్ళీ తొలగించారు,0.0,అతను మళ్ళీ తొలగించారు
అనంతరం బడ్జెట్ పత్రాలు పార్లమెంటుకు చేరుకున్నాయి,0.0,అనంతరం బడ్జెట్ పత్రాలు పార్తమెంటుకు చేరుకున్వాయి,0.0,అనంతరం బడ్జెట్ పత్రాలు పార్ధమెంటుకు చేరుకున్పాయి,0.0,అనంతరం బడ్జెట్ పత్రాలు పార్ధమెంటుకు చేరుకున్పాయి,0.0,అనంతరం బడ్జెట్ పత్రాలు పార్గమెంటుకు చేరుకున్పాయి
ఇటీవల విడుదలైన ఈ సినిమా ట్రైలర్కు విశేషమైన స్పందన లభించింది,0.0,ఇటీవల విడుదలైన ఈ సినిమా ట్రైలర్కు విశేషమైన స్వందన లభించింది,0.0,ఇటీవల విడుదలైన ఈ సినిమా ట్రైలర్కు విశేషమైన స్యందన లభించింది,0.0,ఇటీవల విడుదలైన ఈ సినిమా ట్రైలర్కు విశేషమైన స్సందన లభించింది,0.0,ఇటీవల విడుదలైన ఈ సినిమా ట్రైలర్కు విశేషమైన స్వందన లభించింది
విభిన్న పాత్రల ద్వారా నవాజుద్దీన్ సిద్దిఖీ బాలీవుడ్లో నటుడిగా మంచి గుర్తింపు తెచ్చుకున్నాడు,0.0,విభిన్ప పాత్రల ద్చారా నవాజుద్ ీన్ సిద్ ిఖీ బాలీవుడ్ధో నటుడిగా మంచి గుర్లింపు తెచ్వుకున్పాడు,0.0,విభిన్ప పాత్రల ద్నారా నవాజుద్ ీన్ సిద్డిఖీ బాలీవుడ్తో నటుడిగా మంచి గుర్లింపు తెచ్సుకున్వాడు,0.0,విభిన్వ పాత్రల ద్చారా నవాజుద్ధీన్ సిద్డిఖీ బాలీవుడ్తో నటుడిగా మంచి గుర్లింపు తెచ్వుకున్వాడు,0.0,విభిన్ప పాత్రల ద్పారా నవాజుద్ధీన్ సిద్ధిఖీ బాలీవుడ్ధో నటుడిగా మంచి గుర్లింపు తెచ్వుకున్వాడు
ఓవర్ వద్ద బంతుల్లో పరుగులు చేశాడు,0.0,ఓవర్ వద్ధ బంతుల్ధో పరుగులు చేశాడు,0.0,ఓవర్ వద్డ బంతుల్తో పరుగులు చేశాడు,0.0,ఓవర్ వద్  బంతుల్గో పరుగులు చేశాడు,0.0,ఓవర్ వద్డ బంతుల్గో పరుగులు చేశాడు
అనుమతులు మరియు డైరెక్టరీల,0.0,అనుమతులు మరియు డైరెక్టరీల,0.0,అనుమతులు మరియు డైరెక్టరీల,0.0,అనుమతులు మరియు డైరెక్టరీల,0.0,అనుమతులు మరియు డైరెక్టరీల
ఒక వాటా కార్పొరేషన్గా రూపాంతరం,0.0,ఒక వాటా కార్వొరేషన్లా రూపాంతరం,0.0,ఒక వాటా కార్సొరేషన్ధా రూపాంతరం,0.0,ఒక వాటా కార్సొరేషన్ధా రూపాంతరం,0.0,ఒక వాటా కార్వొరేషన్లా రూపాంతరం
జమ్మూ కశ్మీర్లోని పుల్వామా జిల్లాల్లో భద్రతా బలగాలు ఉగ్రవాదులకు మధ్య ఎదురుకాల్పులు చోటుచేసుకున్నాయి,0.0,జమ్శూ కశ్శీర్ధోని పుల్చామా జిల్గాల్గో భద్రతా బలగాలు ఉగ్రవాదులకు మధ్య ఎదురుకాల్యులు చోటుచేసుకున్పాయి,0.0,జమ్శూ కశ్శీర్తోని పుల్యామా జిల్తాల్గో భద్రతా బలగాలు ఉగ్రవాదులకు మధ్య ఎదురుకాల్సులు చోటుచేసుకున్పాయి,0.0,జమ్శూ కశ్శీర్తోని పుల్సామా జిల్గాల్ధో భద్రతా బలగాలు ఉగ్రవాదులకు మధ్య ఎదురుకాల్యులు చోటుచేసుకున్వాయి,0.0,జమ్శూ కశ్శీర్గోని పుల్పామా జిల్ధాల్తో భద్రతా బలగాలు ఉగ్రవాదులకు మధ్య ఎదురుకాల్సులు చోటుచేసుకున్వాయి
కొవ్వూరు రైల్వే స్టేషను ఆంధ్ర ప్రదేశ్ రాష్ట్రంలో ఉన్న పశ్చిమ గోదావరి జిల్లా లోని కొవ్వూరు పట్టణంలో పనిచేస్తుంది,0.0,కొవ్సూరు రైల్యే స్టేషను ఆంధ్ర ప్రదేశ్ రాష్ట్రంలో ఉన్ప పశ్సిమ గోదావరి జిల్తా లోని కొవ్యూరు పట్టణంలో పనిచేస్లుంది,0.0,కొవ్పూరు రైల్యే స్టేషను ఆంధ్ర ప్రదేశ్ రాష్ట్రంలో ఉన్వ పశ్విమ గోదావరి జిల్గా లోని కొవ్పూరు పట్టణంలో పనిచేస్లుంది,0.0,కొవ్నూరు రైల్నే స్టేషను ఆంధ్ర ప్రదేశ్ రాష్ట్రంలో ఉన్వ పశ్సిమ గోదావరి జిల్తా లోని కొవ్యూరు పట్టణంలో పనిచేస్లుంది,0.0,కొవ్పూరు రైల్పే స్టేషను ఆంధ్ర ప్రదేశ్ రాష్ట్రంలో ఉన్వ పశ్విమ గోదావరి జిల్తా లోని కొవ్సూరు పట్టణంలో పనిచేస్లుంది
పాలు చక్కెరతో కూడిన టీ బటరు టీ కూడా మతపరమైన లేదా సామాజిక సందర్భాలలో వడ్డిస్తారు,0.0,పాలు చక్కెరతో కూడిన టీ బటరు టీ కూడా మతపరమైన లేదా సామాజిక సందర్భాలలో వడ్ధిస్లారు,0.0,పాలు చక్కెరతో కూడిన టీ బటరు టీ కూడా మతపరమైన లేదా సామాజిక సందర్భాలలో వడ్ధిస్లారు,0.0,పాలు చక్కెరతో కూడిన టీ బటరు టీ కూడా మతపరమైన లేదా సామాజిక సందర్భాలలో వడ్దిస్లారు,0.0,పాలు చక్కెరతో కూడిన టీ బటరు టీ కూడా మతపరమైన లేదా సామాజిక సందర్భాలలో వడ్ధిస్లారు
ఇది లీటర్ వి డీజిల్ ఇంజిన్తో వస్తుంది ఇది ఎన్ఎమ్ టార్క్ ఉత్పత్తి చేస్తుంది,0.0,ఇది లీటర్ వి డీజిల్ ఇంజిన్లో వస్లుంది ఇది ఎన్ఎమ్ టార్క్ ఉత్యత్లి చేస్లుంది,0.0,ఇది లీటర్ వి డీజిల్ ఇంజిన్లో వస్లుంది ఇది ఎన్ఎమ్ టార్క్ ఉత్యత్లి చేస్లుంది,0.0,ఇది లీటర్ వి డీజిల్ ఇంజిన్లో వస్లుంది ఇది ఎన్ఎమ్ టార్క్ ఉత్సత్లి చేస్లుంది,0.0,ఇది లీటర్ వి డీజిల్ ఇంజిన్లో వస్లుంది ఇది ఎన్ఎమ్ టార్క్ ఉత్వత్లి చేస్లుంది
ఆమె అవివాహిత,0.0,ఆమె అవివాహిత,0.0,ఆమె అవివాహిత,0.0,ఆమె అవివాహిత,0.0,ఆమె అవివాహిత
ప్రయాణాలలో సమస్యలుంటాయి,0.0,ప్రయాణాలలో సమస్యలుంటాయి,0.0,ప్రయాణాలలో సమస్యలుంటాయి,0.0,ప్రయాణాలలో సమస్యలుంటాయి,0.0,ప్రయాణాలలో సమస్యలుంటాయి
ఒక వైద్యుని సలహాతీసుకోవడం,0.0,ఒక వైద్యుని సలహాతీసుకోవడం,0.0,ఒక వైద్యుని సలహాతీసుకోవడం,0.0,ఒక వైద్యుని సలహాతీసుకోవడం,0.0,ఒక వైద్యుని సలహాతీసుకోవడం
దాని సత్తా ఏంటి,0.0,దాని సత్లా ఏంటి,0.0,దాని సత్లా ఏంటి,0.0,దాని సత్లా ఏంటి,0.0,దాని సత్లా ఏంటి
కోట్లకు రీచ్ అవుతాయని అంచనా వేస్తున్నారు,0.0,కోట్గకు రీచ్ అవుతాయని అంచనా వేస్లున్వారు,0.0,కోట్ధకు రీచ్ అవుతాయని అంచనా వేస్లున్పారు,0.0,కోట్ధకు రీచ్ అవుతాయని అంచనా వేస్లున్వారు,0.0,కోట్గకు రీచ్ అవుతాయని అంచనా వేస్లున్వారు
కాబట్టి నిర్మొహమాటంగా ఉండాలి,0.0,కాబట్టి నిర్శొహమాటంగా ఉండాలి,0.0,కాబట్టి నిర్శొహమాటంగా ఉండాలి,0.0,కాబట్టి నిర్శొహమాటంగా ఉండాలి,0.0,కాబట్టి నిర్శొహమాటంగా ఉండాలి
ప్రత్యేకంగా వారి చేతే కొందరు తయారు చేయిస్తారు,0.0,ప్రత్యేకంగా వారి చేతే కొందరు తయారు చేయిస్లారు,0.0,ప్రత్యేకంగా వారి చేతే కొందరు తయారు చేయిస్లారు,0.0,ప్రత్యేకంగా వారి చేతే కొందరు తయారు చేయిస్లారు,0.0,ప్రత్యేకంగా వారి చేతే కొందరు తయారు చేయిస్లారు
మిగిలినవాటి గురించి అస్సలు పట్టించుకోలేదు,0.0,మిగిలినవాటి గురించి అస్పలు పట్టించుకోలేదు,0.0,మిగిలినవాటి గురించి అస్చలు పట్టించుకోలేదు,0.0,మిగిలినవాటి గురించి అస్వలు పట్టించుకోలేదు,0.0,మిగిలినవాటి గురించి అస్పలు పట్టించుకోలేదు
పోలీసు కస్టడీలో మరణించాడు,0.0,పోలీసు కస్టడీలో మరణించాడు,0.0,పోలీసు కస్టడీలో మరణించాడు,0.0,పోలీసు కస్టడీలో మరణించాడు,0.0,పోలీసు కస్టడీలో మరణించాడు
అయితే లేఖనాలపై ఆయనకున్న అవగాహనతో ఎవరూ సాటిరాలేకపోయారు,0.0,అయితే లేఖనాలపై ఆయనకున్ప అవగాహనతో ఎవరూ సాటిరాలేకపోయారు,0.0,అయితే లేఖనాలపై ఆయనకున్ప అవగాహనతో ఎవరూ సాటిరాలేకపోయారు,0.0,అయితే లేఖనాలపై ఆయనకున్వ అవగాహనతో ఎవరూ సాటిరాలేకపోయారు,0.0,అయితే లేఖనాలపై ఆయనకున్వ అవగాహనతో ఎవరూ సాటిరాలేకపోయారు
నేనసలు బతుకుతానా,0.0,నేనసలు బతుకుతానా,0.0,నేనసలు బతుకుతానా,0.0,నేనసలు బతుకుతానా,0.0,నేనసలు బతుకుతానా
వీటిలో కొన్ని చాలా క్రియేటివిటీగా ఉంటాయి,0.0,వీటిలో కొన్వి చాలా క్రియేటివిటీగా ఉంటాయి,0.0,వీటిలో కొన్పి చాలా క్రియేటివిటీగా ఉంటాయి,0.0,వీటిలో కొన్వి చాలా క్రియేటివిటీగా ఉంటాయి,0.0,వీటిలో కొన్వి చాలా క్రియేటివిటీగా ఉంటాయి
చరిత్ర ఇళ్ళు,0.0,చరిత్ర ఇళ్ళు,0.0,చరిత్ర ఇళ్ళు,0.0,చరిత్ర ఇళ్ళు,0.0,చరిత్ర ఇళ్ళు
ఆమె నిద్రమాత్రలు మింగింది,0.0,ఆమె నిద్రమాత్రలు మింగింది,0.0,ఆమె నిద్రమాత్రలు మింగింది,0.0,ఆమె నిద్రమాత్రలు మింగింది,0.0,ఆమె నిద్రమాత్రలు మింగింది
ఆ సీజన్ను ఎంతో సక్సెస్ చేశారు,0.0,ఆ సీజన్వు ఎంతో సక్పెస్ చేశారు,0.0,ఆ సీజన్వు ఎంతో సక్నెస్ చేశారు,0.0,ఆ సీజన్వు ఎంతో సక్పెస్ చేశారు,0.0,ఆ సీజన్వు ఎంతో సక్నెస్ చేశారు
కల్తీ మద్యం తాగిన వారిలో మంది తీవ్ర అస్వస్థతకు గురయ్యారు,0.0,కల్లీ మద్యం తాగిన వారిలో మంది తీవ్ర అస్సస్థతకు గురయ్యారు,0.0,కల్లీ మద్యం తాగిన వారిలో మంది తీవ్ర అస్యస్థతకు గురయ్యారు,0.0,కల్లీ మద్యం తాగిన వారిలో మంది తీవ్ర అస్సస్థతకు గురయ్యారు,0.0,కల్లీ మద్యం తాగిన వారిలో మంది తీవ్ర అస్సస్థతకు గురయ్యారు
యుపిషెడ్యూల్డ్ కమోడిటీస్ డిస్ట్రిబ్యూషన్ ఆర్డర్,0.0,యుపిషెడ్యూల్ద్ కమోడిటీస్ డిస్ట్రిబ్యూషన్ ఆర్దర్,0.0,యుపిషెడ్యూల్ద్ కమోడిటీస్ డిస్ట్రిబ్యూషన్ ఆర్ధర్,0.0,యుపిషెడ్యూల్ద్ కమోడిటీస్ డిస్ట్రిబ్యూషన్ ఆర్దర్,0.0,యుపిషెడ్యూల్ద్ కమోడిటీస్ డిస్ట్రిబ్యూషన్ ఆర్ధర్
రోహిత్ శర్మ నేతృత్వంలో మందితో టీమిండియా జట్టును ప్రకటించింది బీసీసీఐ,0.0,రోహిత్ శర్శ నేతృత్సంలో మందితో టీమిండియా జట్టును ప్రకటించింది బీసీసీఐ,0.0,రోహిత్ శర్శ నేతృత్చంలో మందితో టీమిండియా జట్టును ప్రకటించింది బీసీసీఐ,0.0,రోహిత్ శర్శ నేతృత్యంలో మందితో టీమిండియా జట్టును ప్రకటించింది బీసీసీఐ,0.0,రోహిత్ శర్శ నేతృత్చంలో మందితో టీమిండియా జట్టును ప్రకటించింది బీసీసీఐ
ఐఎస్ఓ ట్యాంకులు పెద్ద మొత్తంలో ద్రవాలను తీసుకువెళ్ళడానికి రూపొందించబడ్డాయి,0.0,ఐఎస్ఓ ట్యాంకులు పెద్డ మొత్లంలో ద్రవాలను తీసుకువెళ్ళడానికి రూపొందించబడ్దాయి,0.0,ఐఎస్ఓ ట్యాంకులు పెద్ధ మొత్లంలో ద్రవాలను తీసుకువెళ్ళడానికి రూపొందించబడ్దాయి,0.0,ఐఎస్ఓ ట్యాంకులు పెద్డ మొత్లంలో ద్రవాలను తీసుకువెళ్ళడానికి రూపొందించబడ్ధాయి,0.0,ఐఎస్ఓ ట్యాంకులు పెద్  మొత్లంలో ద్రవాలను తీసుకువెళ్ళడానికి రూపొందించబడ్దాయి
కు ముంబయిలో రూ,0.0,కు ముంబయిలో రూ,0.0,కు ముంబయిలో రూ,0.0,కు ముంబయిలో రూ,0.0,కు ముంబయిలో రూ
అనంతరం ఢిల్లీ యూనివర్సిటీ నుంచి లా పట్టా పొందారు,0.0,అనంతరం ఢిల్ధీ యూనివర్విటీ నుంచి లా పట్టా పొందారు,0.0,అనంతరం ఢిల్ధీ యూనివర్విటీ నుంచి లా పట్టా పొందారు,0.0,అనంతరం ఢిల్ధీ యూనివర్విటీ నుంచి లా పట్టా పొందారు,0.0,అనంతరం ఢిల్ధీ యూనివర్విటీ నుంచి లా పట్టా పొందారు
ప్రోటీన్ పొడి,0.0,ప్రోటీన్ పొడి,0.0,ప్రోటీన్ పొడి,0.0,ప్రోటీన్ పొడి,0.0,ప్రోటీన్ పొడి
వీటినీ తినండి,0.0,వీటినీ తినండి,0.0,వీటినీ తినండి,0.0,వీటినీ తినండి,0.0,వీటినీ తినండి
తెలుగు ఇండస్ట్రీలో పవన్ కళ్యాణ్ అంటే కామన్ తెలుగు సినిమా ప్రేక్షకుడు నుంచి సెలబ్రిటీల వరకు చాలా మంది అభిమానులు ఉంటారు,0.0,తెలుగు ఇండస్ట్రీలో పవన్ కళ్యాణ్ అంటే కామన్ తెలుగు సినిమా ప్రేక్షకుడు నుంచి సెలబ్రిటీల వరకు చాలా మంది అభిమానులు ఉంటారు,0.0,తెలుగు ఇండస్ట్రీలో పవన్ కళ్యాణ్ అంటే కామన్ తెలుగు సినిమా ప్రేక్షకుడు నుంచి సెలబ్రిటీల వరకు చాలా మంది అభిమానులు ఉంటారు,0.0,తెలుగు ఇండస్ట్రీలో పవన్ కళ్యాణ్ అంటే కామన్ తెలుగు సినిమా ప్రేక్షకుడు నుంచి సెలబ్రిటీల వరకు చాలా మంది అభిమానులు ఉంటారు,0.0,తెలుగు ఇండస్ట్రీలో పవన్ కళ్యాణ్ అంటే కామన్ తెలుగు సినిమా ప్రేక్షకుడు నుంచి సెలబ్రిటీల వరకు చాలా మంది అభిమానులు ఉంటారు
అబ్బే అదేం లేదు కథ కాకరకాయ,0.0,అబ్బే అదేం లేదు కథ కాకరకాయ,0.0,అబ్బే అదేం లేదు కథ కాకరకాయ,0.0,అబ్బే అదేం లేదు కథ కాకరకాయ,0.0,అబ్బే అదేం లేదు కథ కాకరకాయ
చాలా సమస్యలను ఎదుర్కొన్నాను,0.0,చాలా సమస్యలను ఎదుర్కొన్వాను,0.0,చాలా సమస్యలను ఎదుర్కొన్వాను,0.0,చాలా సమస్యలను ఎదుర్కొన్పాను,0.0,చాలా సమస్యలను ఎదుర్కొన్వాను
విటమిన్ డి సప్లిమెంట్స్ లో డి డి ఉన్నాయి,0.0,విటమిన్ డి సప్తిమెంట్ప్ లో డి డి ఉన్పాయి,0.0,విటమిన్ డి సప్గిమెంట్వ్ లో డి డి ఉన్వాయి,0.0,విటమిన్ డి సప్తిమెంట్ప్ లో డి డి ఉన్వాయి,0.0,విటమిన్ డి సప్తిమెంట్ప్ లో డి డి ఉన్వాయి
ఒకడు నరుని దొంగిలించి అమి్మనను తనయొద్ద నుంచు కొనినను వాడు నిశ్చయముగా మరణశిక్ష నొందును,0.0,ఒకడు నరుని దొంగిలించి అమి్మనను తనయొద్ధ నుంచు కొనినను వాడు నిశ్సయముగా మరణశిక్ష నొందును,0.0,ఒకడు నరుని దొంగిలించి అమి్మనను తనయొద్డ నుంచు కొనినను వాడు నిశ్వయముగా మరణశిక్ష నొందును,0.0,ఒకడు నరుని దొంగిలించి అమి్మనను తనయొద్  నుంచు కొనినను వాడు నిశ్సయముగా మరణశిక్ష నొందును,0.0,ఒకడు నరుని దొంగిలించి అమి్మనను తనయొద్  నుంచు కొనినను వాడు నిశ్వయముగా మరణశిక్ష నొందును
గ్లిట్టర్ మరియు లగ్జరీ,0.0,గ్లిట్టర్ మరియు లగ్జరీ,0.0,గ్లిట్టర్ మరియు లగ్జరీ,0.0,గ్లిట్టర్ మరియు లగ్జరీ,0.0,గ్లిట్టర్ మరియు లగ్జరీ
ఆమె కుటుంబానికి అండగా నిలబడాలని అధికారులను ఆయన ఆదేశించారు,0.0,ఆమె కుటుంబానికి అండగా నిలబడాలని అధికారులను ఆయన ఆదేశించారు,0.0,ఆమె కుటుంబానికి అండగా నిలబడాలని అధికారులను ఆయన ఆదేశించారు,0.0,ఆమె కుటుంబానికి అండగా నిలబడాలని అధికారులను ఆయన ఆదేశించారు,0.0,ఆమె కుటుంబానికి అండగా నిలబడాలని అధికారులను ఆయన ఆదేశించారు
ఇది ఆఫ్రికాలో అత్యధిక శాతం,0.0,ఇది ఆఫ్రికాలో అత్యధిక శాతం,0.0,ఇది ఆఫ్రికాలో అత్యధిక శాతం,0.0,ఇది ఆఫ్రికాలో అత్యధిక శాతం,0.0,ఇది ఆఫ్రికాలో అత్యధిక శాతం
అందుకే మనం ఓ పని చేద్దాం,0.0,అందుకే మనం ఓ పని చేద్ధాం,0.0,అందుకే మనం ఓ పని చేద్ ాం,0.0,అందుకే మనం ఓ పని చేద్ధాం,0.0,అందుకే మనం ఓ పని చేద్డాం
భారత విపణిలోకి బజాజ్ ఆటోమొబైల్ సంస్థగా పల్సర్ క్యాటగిరీ నుంచి పల్సర్ నియో బైక్ను ఆవిష్కరించింది,0.0,భారత విపణిలోకి బజాజ్ ఆటోమొబైల్ సంస్థగా పల్వర్ క్యాటగిరీ నుంచి పల్నర్ నియో బైక్వు ఆవిష్కరించింది,0.0,భారత విపణిలోకి బజాజ్ ఆటోమొబైల్ సంస్థగా పల్వర్ క్యాటగిరీ నుంచి పల్వర్ నియో బైక్పు ఆవిష్కరించింది,0.0,భారత విపణిలోకి బజాజ్ ఆటోమొబైల్ సంస్థగా పల్పర్ క్యాటగిరీ నుంచి పల్నర్ నియో బైక్పు ఆవిష్కరించింది,0.0,భారత విపణిలోకి బజాజ్ ఆటోమొబైల్ సంస్థగా పల్నర్ క్యాటగిరీ నుంచి పల్పర్ నియో బైక్పు ఆవిష్కరించింది
ఎంట్రన్స్ టెస్ట్ ఉండదు,0.0,ఎంట్రన్ప్ టెస్ట్ ఉండదు,0.0,ఎంట్రన్వ్ టెస్ట్ ఉండదు,0.0,ఎంట్రన్న్ టెస్ట్ ఉండదు,0.0,ఎంట్రన్ప్ టెస్ట్ ఉండదు
మేము మంచి తో ప్రారంభమౌతాము,0.0,మేము మంచి తో ప్రారంభమౌతాము,0.0,మేము మంచి తో ప్రారంభమౌతాము,0.0,మేము మంచి తో ప్రారంభమౌతాము,0.0,మేము మంచి తో ప్రారంభమౌతాము
జీబి ఇంటర్నల్ మెమెరీ మైక్రోఎస్డీ కార్డ్స్లాట్ ద్వారా ఫోన్ మెమరీని జీబికి విస్తరించుకనే సౌలభ్యత,0.0,జీబి ఇంటర్వల్ మెమెరీ మైక్రోఎస్దీ కార్ద్చ్ధాట్ ద్పారా ఫోన్ మెమరీని జీబికి విస్లరించుకనే సౌలభ్యత,0.0,జీబి ఇంటర్వల్ మెమెరీ మైక్రోఎస్దీ కార్ద్ప్తాట్ ద్నారా ఫోన్ మెమరీని జీబికి విస్లరించుకనే సౌలభ్యత,0.0,జీబి ఇంటర్పల్ మెమెరీ మైక్రోఎస్ధీ కార్ద్ప్ధాట్ ద్సారా ఫోన్ మెమరీని జీబికి విస్లరించుకనే సౌలభ్యత,0.0,జీబి ఇంటర్వల్ మెమెరీ మైక్రోఎస్ధీ కార్ధ్వ్ధాట్ ద్చారా ఫోన్ మెమరీని జీబికి విస్లరించుకనే సౌలభ్యత
వారి మధ్య చిన్నచిన్న విభేదాలు,0.0,వారి మధ్య చిన్వచిన్ప విభేదాలు,0.0,వారి మధ్య చిన్పచిన్ప విభేదాలు,0.0,వారి మధ్య చిన్వచిన్ప విభేదాలు,0.0,వారి మధ్య చిన్పచిన్ప విభేదాలు
కేసులు కూడా ఇక్కడే ఎక్కువ,0.0,కేసులు కూడా ఇక్కడే ఎక్కువ,0.0,కేసులు కూడా ఇక్కడే ఎక్కువ,0.0,కేసులు కూడా ఇక్కడే ఎక్కువ,0.0,కేసులు కూడా ఇక్కడే ఎక్కువ
నాలుగో వికెట్ కోల్పోయిన కోల్కతా,0.0,నాలుగో వికెట్ కోల్యోయిన కోల్కతా,0.0,నాలుగో వికెట్ కోల్నోయిన కోల్కతా,0.0,నాలుగో వికెట్ కోల్సోయిన కోల్కతా,0.0,నాలుగో వికెట్ కోల్సోయిన కోల్కతా
ఆర్బీఐ ప్రతిపాదించిన యస్ బ్యాంక్ పునరుద్ధరణ ప్రణాళికకు కేబినెట్ ఆమోదం తెలిపింది,0.0,ఆర్బీఐ ప్రతిపాదించిన యస్ బ్యాంక్ పునరుద్డరణ ప్రణాళికకు కేబినెట్ ఆమోదం తెలిపింది,0.0,ఆర్బీఐ ప్రతిపాదించిన యస్ బ్యాంక్ పునరుద్గరణ ప్రణాళికకు కేబినెట్ ఆమోదం తెలిపింది,0.0,ఆర్బీఐ ప్రతిపాదించిన యస్ బ్యాంక్ పునరుద్లరణ ప్రణాళికకు కేబినెట్ ఆమోదం తెలిపింది,0.0,ఆర్బీఐ ప్రతిపాదించిన యస్ బ్యాంక్ పునరుద్డరణ ప్రణాళికకు కేబినెట్ ఆమోదం తెలిపింది
ప్రపంచకప్ ముందు చివరి సన్నాహకం,0.0,ప్రపంచకప్ ముందు చివరి సన్పాహకం,0.0,ప్రపంచకప్ ముందు చివరి సన్పాహకం,0.0,ప్రపంచకప్ ముందు చివరి సన్వాహకం,0.0,ప్రపంచకప్ ముందు చివరి సన్వాహకం
యోనాతాను కూడా అలాగే చేశాడు,0.0,యోనాతాను కూడా అలాగే చేశాడు,0.0,యోనాతాను కూడా అలాగే చేశాడు,0.0,యోనాతాను కూడా అలాగే చేశాడు,0.0,యోనాతాను కూడా అలాగే చేశాడు
రోజుకు మోతాదులో,0.0,రోజుకు మోతాదులో,0.0,రోజుకు మోతాదులో,0.0,రోజుకు మోతాదులో,0.0,రోజుకు మోతాదులో
రకాల కఠినమైన ప్రమాణాల ఆధారంగా డెన్మార్క్లోని పర్యావరణ విద్యా ఫౌండేషన్ దీన్ని ప్రదానం చేసింది,0.0,రకాల కఠినమైన ప్రమాణాల ఆధారంగా డెన్శార్క్తోని పర్యావరణ విద్యా ఫౌండేషన్ దీన్వి ప్రదానం చేసింది,0.0,రకాల కఠినమైన ప్రమాణాల ఆధారంగా డెన్శార్క్గోని పర్యావరణ విద్యా ఫౌండేషన్ దీన్పి ప్రదానం చేసింది,0.0,రకాల కఠినమైన ప్రమాణాల ఆధారంగా డెన్శార్క్ధోని పర్యావరణ విద్యా ఫౌండేషన్ దీన్వి ప్రదానం చేసింది,0.0,రకాల కఠినమైన ప్రమాణాల ఆధారంగా డెన్శార్క్ధోని పర్యావరణ విద్యా ఫౌండేషన్ దీన్వి ప్రదానం చేసింది
టాటా మోటార్స్ హెచ్బీఎక్స్ ఎస్యూవీని ఆల్ట్రోజ్ హ్యాచ్బ్యాక్ కారును నిర్మించిన ఆల్ఫా ఫ్లాట్ఫామ్ మీద డెవలప్ చేశారు,0.0,టాటా మోటార్ప్ హెచ్బీఎక్ప్ ఎస్యూవీని ఆల్ట్రోజ్ హ్యాచ్బ్యాక్ కారును నిర్శించిన ఆల్ఫా ఫ్గాట్ఫామ్ మీద డెవలప్ చేశారు,0.0,టాటా మోటార్వ్ హెచ్బీఎక్న్ ఎస్యూవీని ఆల్ట్రోజ్ హ్యాచ్బ్యాక్ కారును నిర్శించిన ఆల్ఫా ఫ్తాట్ఫామ్ మీద డెవలప్ చేశారు,0.0,టాటా మోటార్చ్ హెచ్బీఎక్ప్ ఎస్యూవీని ఆల్ట్రోజ్ హ్యాచ్బ్యాక్ కారును నిర్శించిన ఆల్ఫా ఫ్తాట్ఫామ్ మీద డెవలప్ చేశారు,0.0,టాటా మోటార్న్ హెచ్బీఎక్న్ ఎస్యూవీని ఆల్ట్రోజ్ హ్యాచ్బ్యాక్ కారును నిర్శించిన ఆల్ఫా ఫ్తాట్ఫామ్ మీద డెవలప్ చేశారు
అయితే అటువంటి ప్రతిపాదనలు కనిపిస్తాయి,0.0,అయితే అటువంటి ప్రతిపాదనలు కనిపిస్లాయి,0.0,అయితే అటువంటి ప్రతిపాదనలు కనిపిస్లాయి,0.0,అయితే అటువంటి ప్రతిపాదనలు కనిపిస్లాయి,0.0,అయితే అటువంటి ప్రతిపాదనలు కనిపిస్లాయి
భూకంపాలుఅగ్నిపర్వతం బ్రద్దలవటంపర్వతాలు విరిగి పడటంసముద్రం పొంగటం లాంటివి ఈ ప్లేట్ల వల్ల జరుగుతుంది,0.0,భూకంపాలుఅగ్విపర్సతం బ్రద్డలవటంపర్చతాలు విరిగి పడటంసముద్రం పొంగటం లాంటివి ఈ ప్గేట్త వల్ధ జరుగుతుంది,0.0,భూకంపాలుఅగ్పిపర్చతం బ్రద్డలవటంపర్చతాలు విరిగి పడటంసముద్రం పొంగటం లాంటివి ఈ ప్తేట్గ వల్ధ జరుగుతుంది,0.0,భూకంపాలుఅగ్విపర్పతం బ్రద్ లవటంపర్పతాలు విరిగి పడటంసముద్రం పొంగటం లాంటివి ఈ ప్తేట్గ వల్ధ జరుగుతుంది,0.0,భూకంపాలుఅగ్విపర్యతం బ్రద్డలవటంపర్నతాలు విరిగి పడటంసముద్రం పొంగటం లాంటివి ఈ ప్గేట్ధ వల్గ జరుగుతుంది
ముత్యాల సునీల్ కుమార్రెడ్డి అన్నారు,0.0,ముత్యాల సునీల్ కుమార్రెడ్ధి అన్వారు,0.0,ముత్యాల సునీల్ కుమార్రెడ్ది అన్వారు,0.0,ముత్యాల సునీల్ కుమార్రెడ్ది అన్పారు,0.0,ముత్యాల సునీల్ కుమార్రెడ్ది అన్వారు
స్పైస్జెట్కు చెందిన విమానం ముంబై ఎయిర్ పోర్ట్లో ల్యాండ్ అవుతుండగా రన్వే పై అదుపుతప్పింది బోయింగ్,0.0,స్పైస్జెట్కు చెందిన విమానం ముంబై ఎయిర్ పోర్ట్గో ల్యాండ్ అవుతుండగా రన్పే పై అదుపుతప్నింది బోయింగ్,0.0,స్పైస్జెట్కు చెందిన విమానం ముంబై ఎయిర్ పోర్ట్గో ల్యాండ్ అవుతుండగా రన్యే పై అదుపుతప్యింది బోయింగ్,0.0,స్పైస్జెట్కు చెందిన విమానం ముంబై ఎయిర్ పోర్ట్తో ల్యాండ్ అవుతుండగా రన్యే పై అదుపుతప్నింది బోయింగ్,0.0,స్పైస్జెట్కు చెందిన విమానం ముంబై ఎయిర్ పోర్ట్తో ల్యాండ్ అవుతుండగా రన్నే పై అదుపుతప్యింది బోయింగ్
పై నిర్మాణ కార్యక్రమాలన్నీ శరవేగంగా జరుగుతున్నాయి,0.0,పై నిర్శాణ కార్యక్రమాలన్వీ శరవేగంగా జరుగుతున్పాయి,0.0,పై నిర్శాణ కార్యక్రమాలన్వీ శరవేగంగా జరుగుతున్వాయి,0.0,పై నిర్శాణ కార్యక్రమాలన్పీ శరవేగంగా జరుగుతున్వాయి,0.0,పై నిర్శాణ కార్యక్రమాలన్పీ శరవేగంగా జరుగుతున్పాయి
పెట్టుబడి సాయం కింద ఏడాదికి రూ,0.0,పెట్టుబడి సాయం కింద ఏడాదికి రూ,0.0,పెట్టుబడి సాయం కింద ఏడాదికి రూ,0.0,పెట్టుబడి సాయం కింద ఏడాదికి రూ,0.0,పెట్టుబడి సాయం కింద ఏడాదికి రూ
మళ్లీ యాక్టివ్ రాజకీయాల్లోకి రాబోతున్నాడు,0.0,మళ్తీ యాక్టివ్ రాజకీయాల్గోకి రాబోతున్పాడు,0.0,మళ్ధీ యాక్టివ్ రాజకీయాల్గోకి రాబోతున్వాడు,0.0,మళ్తీ యాక్టివ్ రాజకీయాల్గోకి రాబోతున్పాడు,0.0,మళ్గీ యాక్టివ్ రాజకీయాల్గోకి రాబోతున్వాడు
నేను ఈ గుర్తుంచుకోవాలి,0.0,నేను ఈ గుర్లుంచుకోవాలి,0.0,నేను ఈ గుర్లుంచుకోవాలి,0.0,నేను ఈ గుర్లుంచుకోవాలి,0.0,నేను ఈ గుర్లుంచుకోవాలి
డబ్బుతో ఇల్లు కట్టాడు,0.0,డబ్బుతో ఇల్ధు కట్టాడు,0.0,డబ్బుతో ఇల్తు కట్టాడు,0.0,డబ్బుతో ఇల్తు కట్టాడు,0.0,డబ్బుతో ఇల్తు కట్టాడు
అది ఒక నవీకరించబడిన సెల్ ఫోన్ కొనుగోలు మంచి ఆలోచన,0.0,అది ఒక నవీకరించబడిన సెల్ ఫోన్ కొనుగోలు మంచి ఆలోచన,0.0,అది ఒక నవీకరించబడిన సెల్ ఫోన్ కొనుగోలు మంచి ఆలోచన,0.0,అది ఒక నవీకరించబడిన సెల్ ఫోన్ కొనుగోలు మంచి ఆలోచన,0.0,అది ఒక నవీకరించబడిన సెల్ ఫోన్ కొనుగోలు మంచి ఆలోచన
ఎన్నికలు దగ్గరపడుతున్న వేళ పోటీ రసవత్తరంగా మారుతోంది,0.0,ఎన్పికలు దగ్లరపడుతున్ప వేళ పోటీ రసవత్లరంగా మారుతోంది,0.0,ఎన్వికలు దగ్ధరపడుతున్ప వేళ పోటీ రసవత్లరంగా మారుతోంది,0.0,ఎన్పికలు దగ్లరపడుతున్వ వేళ పోటీ రసవత్లరంగా మారుతోంది,0.0,ఎన్పికలు దగ్ఠరపడుతున్ప వేళ పోటీ రసవత్లరంగా మారుతోంది
ముగ్గురు ముష్కరులను హతమార్చినట్లు ఆర్మీ ప్రతినిధి కల్నల్ రాజేశ్ కాలియా వెల్లడించారు,0.0,ముగ్లురు ముష్కరులను హతమార్వినట్తు ఆర్శీ ప్రతినిధి కల్వల్ రాజేశ్ కాలియా వెల్తడించారు,0.0,ముగ్ధురు ముష్కరులను హతమార్సినట్గు ఆర్శీ ప్రతినిధి కల్వల్ రాజేశ్ కాలియా వెల్తడించారు,0.0,ముగ్లురు ముష్కరులను హతమార్సినట్గు ఆర్శీ ప్రతినిధి కల్పల్ రాజేశ్ కాలియా వెల్ధడించారు,0.0,ముగ్ధురు ముష్కరులను హతమార్వినట్ధు ఆర్శీ ప్రతినిధి కల్పల్ రాజేశ్ కాలియా వెల్గడించారు
రాధ తన ప్రేమను అంగీకరించమంటూ అతను వెంటబడి పట్టుబడతాడు,0.0,రాధ తన ప్రేమను అంగీకరించమంటూ అతను వెంటబడి పట్టుబడతాడు,0.0,రాధ తన ప్రేమను అంగీకరించమంటూ అతను వెంటబడి పట్టుబడతాడు,0.0,రాధ తన ప్రేమను అంగీకరించమంటూ అతను వెంటబడి పట్టుబడతాడు,0.0,రాధ తన ప్రేమను అంగీకరించమంటూ అతను వెంటబడి పట్టుబడతాడు
ఉలికిపడి ఆసక్తిగా చూశాను,0.0,ఉలికిపడి ఆసక్లిగా చూశాను,0.0,ఉలికిపడి ఆసక్లిగా చూశాను,0.0,ఉలికిపడి ఆసక్లిగా చూశాను,0.0,ఉలికిపడి ఆసక్లిగా చూశాను
భవిష్యత్తులో కూడా దీన్ని కొసాగిస్తా అని తెలిపారు,0.0,భవిష్యత్లులో కూడా దీన్పి కొసాగిస్లా అని తెలిపారు,0.0,భవిష్యత్లులో కూడా దీన్పి కొసాగిస్లా అని తెలిపారు,0.0,భవిష్యత్లులో కూడా దీన్పి కొసాగిస్లా అని తెలిపారు,0.0,భవిష్యత్లులో కూడా దీన్పి కొసాగిస్లా అని తెలిపారు
లోతట్టు ప్రాంత ప్రజలను సురక్షిత ప్రాంతాలకు తరలిస్తున్నారు,0.0,లోతట్టు ప్రాంత ప్రజలను సురక్షిత ప్రాంతాలకు తరలిస్లున్వారు,0.0,లోతట్టు ప్రాంత ప్రజలను సురక్షిత ప్రాంతాలకు తరలిస్లున్వారు,0.0,లోతట్టు ప్రాంత ప్రజలను సురక్షిత ప్రాంతాలకు తరలిస్లున్వారు,0.0,లోతట్టు ప్రాంత ప్రజలను సురక్షిత ప్రాంతాలకు తరలిస్లున్పారు
ట్రాక్టర్ బోల్తాపడి డ్రైవర్ మృతి,0.0,ట్రాక్టర్ బోల్లాపడి డ్రైవర్ మృతి,0.0,ట్రాక్టర్ బోల్లాపడి డ్రైవర్ మృతి,0.0,ట్రాక్టర్ బోల్లాపడి డ్రైవర్ మృతి,0.0,ట్రాక్టర్ బోల్లాపడి డ్రైవర్ మృతి
అసలు నాకు ఏం జరిగింది,0.0,అసలు నాకు ఏం జరిగింది,0.0,అసలు నాకు ఏం జరిగింది,0.0,అసలు నాకు ఏం జరిగింది,0.0,అసలు నాకు ఏం జరిగింది
పౌరసత్వ సవరణ చట్టాన్ని వ్యతిరేకిస్తూ ఆందోళనలు చేపట్టి అరెస్టయిన వ్యక్తుల కుటుంబాలను ప్రియాంక గాంధీ కలుసుకుంటున్నారు,0.0,పౌరసత్య సవరణ చట్టాన్వి వ్యతిరేకిస్లూ ఆందోళనలు చేపట్టి అరెస్టయిన వ్యక్లుల కుటుంబాలను ప్రియాంక గాంధీ కలుసుకుంటున్పారు,0.0,పౌరసత్ప సవరణ చట్టాన్పి వ్యతిరేకిస్లూ ఆందోళనలు చేపట్టి అరెస్టయిన వ్యక్లుల కుటుంబాలను ప్రియాంక గాంధీ కలుసుకుంటున్వారు,0.0,పౌరసత్న సవరణ చట్టాన్వి వ్యతిరేకిస్లూ ఆందోళనలు చేపట్టి అరెస్టయిన వ్యక్లుల కుటుంబాలను ప్రియాంక గాంధీ కలుసుకుంటున్పారు,0.0,పౌరసత్స సవరణ చట్టాన్పి వ్యతిరేకిస్లూ ఆందోళనలు చేపట్టి అరెస్టయిన వ్యక్లుల కుటుంబాలను ప్రియాంక గాంధీ కలుసుకుంటున్పారు
మరియు ఇక్కడే ఏమి ఉంది,0.0,మరియు ఇక్కడే ఏమి ఉంది,0.0,మరియు ఇక్కడే ఏమి ఉంది,0.0,మరియు ఇక్కడే ఏమి ఉంది,0.0,మరియు ఇక్కడే ఏమి ఉంది
ముఖ్య సంకేతపదం పునరుద్ధరణ,0.0,ముఖ్య సంకేతపదం పునరుద్దరణ,0.0,ముఖ్య సంకేతపదం పునరుద్దరణ,0.0,ముఖ్య సంకేతపదం పునరుద్దరణ,0.0,ముఖ్య సంకేతపదం పునరుద్దరణ
కేవలం అది తన వ్యక్తిగత అభిప్రాయమని చెప్పారు,0.0,కేవలం అది తన వ్యక్లిగత అభిప్రాయమని చెప్వారు,0.0,కేవలం అది తన వ్యక్లిగత అభిప్రాయమని చెప్నారు,0.0,కేవలం అది తన వ్యక్లిగత అభిప్రాయమని చెప్నారు,0.0,కేవలం అది తన వ్యక్లిగత అభిప్రాయమని చెప్సారు
కాగా ఈ ఫోన్ కి సంబందించిన పూర్తి సమాచారం ఇంకా బయటకు రాలేదు,0.0,కాగా ఈ ఫోన్ కి సంబందించిన పూర్లి సమాచారం ఇంకా బయటకు రాలేదు,0.0,కాగా ఈ ఫోన్ కి సంబందించిన పూర్లి సమాచారం ఇంకా బయటకు రాలేదు,0.0,కాగా ఈ ఫోన్ కి సంబందించిన పూర్లి సమాచారం ఇంకా బయటకు రాలేదు,0.0,కాగా ఈ ఫోన్ కి సంబందించిన పూర్లి సమాచారం ఇంకా బయటకు రాలేదు
వీరి సంఖ్య రోజు రోజుకు పెరుగుతోంది,0.0,వీరి సంఖ్య రోజు రోజుకు పెరుగుతోంది,0.0,వీరి సంఖ్య రోజు రోజుకు పెరుగుతోంది,0.0,వీరి సంఖ్య రోజు రోజుకు పెరుగుతోంది,0.0,వీరి సంఖ్య రోజు రోజుకు పెరుగుతోంది
శోధన సోషల్ నెట్వర్కింగ్ సైట్లు,0.0,శోధన సోషల్ నెట్నర్కింగ్ సైట్ధు,0.0,శోధన సోషల్ నెట్నర్కింగ్ సైట్ధు,0.0,శోధన సోషల్ నెట్పర్కింగ్ సైట్తు,0.0,శోధన సోషల్ నెట్సర్కింగ్ సైట్గు
అయితే నిపుణుల పర్యవేక్షణ లో నే నడిచి వెళ్ళడం సురక్షితమని పర్యాటకులు మరచిపోవద్దు,0.0,అయితే నిపుణుల పర్యవేక్షణ లో నే నడిచి వెళ్ళడం సురక్షితమని పర్యాటకులు మరచిపోవద్డు,0.0,అయితే నిపుణుల పర్యవేక్షణ లో నే నడిచి వెళ్ళడం సురక్షితమని పర్యాటకులు మరచిపోవద్ధు,0.0,అయితే నిపుణుల పర్యవేక్షణ లో నే నడిచి వెళ్ళడం సురక్షితమని పర్యాటకులు మరచిపోవద్ ు,0.0,అయితే నిపుణుల పర్యవేక్షణ లో నే నడిచి వెళ్ళడం సురక్షితమని పర్యాటకులు మరచిపోవద్ ు
అయితే ఈ విషయం ఇపుడు రాష్ట్రమంతటా చర్చంశనీయం అయింది,0.0,అయితే ఈ విషయం ఇపుడు రాష్ట్రమంతటా చర్వంశనీయం అయింది,0.0,అయితే ఈ విషయం ఇపుడు రాష్ట్రమంతటా చర్సంశనీయం అయింది,0.0,అయితే ఈ విషయం ఇపుడు రాష్ట్రమంతటా చర్వంశనీయం అయింది,0.0,అయితే ఈ విషయం ఇపుడు రాష్ట్రమంతటా చర్వంశనీయం అయింది
ఈ అవార్డు వారికి అంకితం,0.0,ఈ అవార్ధు వారికి అంకితం,0.0,ఈ అవార్ధు వారికి అంకితం,0.0,ఈ అవార్ధు వారికి అంకితం,0.0,ఈ అవార్ధు వారికి అంకితం
బీజపూర్ దర్శించే పర్యాటకులు మిఠారి మరియు అసర్ మహల్ తప్పక చూడాలి,0.0,బీజపూర్ దర్మించే పర్యాటకులు మిఠారి మరియు అసర్ మహల్ తప్సక చూడాలి,0.0,బీజపూర్ దర్మించే పర్యాటకులు మిఠారి మరియు అసర్ మహల్ తప్యక చూడాలి,0.0,బీజపూర్ దర్మించే పర్యాటకులు మిఠారి మరియు అసర్ మహల్ తప్నక చూడాలి,0.0,బీజపూర్ దర్మించే పర్యాటకులు మిఠారి మరియు అసర్ మహల్ తప్నక చూడాలి
లక్షల కోట్లకు బడ్జెట్,0.0,లక్షల కోట్ధకు బడ్జెట్,0.0,లక్షల కోట్గకు బడ్జెట్,0.0,లక్షల కోట్ధకు బడ్జెట్,0.0,లక్షల కోట్ధకు బడ్జెట్
ఆ రకంగా మనం పాపం నుండి విమోచించబడి నీతికి దాసులయ్యాం,0.0,ఆ రకంగా మనం పాపం నుండి విమోచించబడి నీతికి దాసులయ్యాం,0.0,ఆ రకంగా మనం పాపం నుండి విమోచించబడి నీతికి దాసులయ్యాం,0.0,ఆ రకంగా మనం పాపం నుండి విమోచించబడి నీతికి దాసులయ్యాం,0.0,ఆ రకంగా మనం పాపం నుండి విమోచించబడి నీతికి దాసులయ్యాం
ఈమె పేరు ఎం,0.0,ఈమె పేరు ఎం,0.0,ఈమె పేరు ఎం,0.0,ఈమె పేరు ఎం,0.0,ఈమె పేరు ఎం
వారిద్దరి మధ్య అప్పుడు భయంకరమైన ద్వంద్వయుద్ధం జరిగింది,0.0,వారిద్ధరి మధ్య అప్నుడు భయంకరమైన ద్సంద్సయుద్గం జరిగింది,0.0,వారిద్ధరి మధ్య అప్సుడు భయంకరమైన ద్సంద్చయుద్దం జరిగింది,0.0,వారిద్ రి మధ్య అప్యుడు భయంకరమైన ద్యంద్నయుద్దం జరిగింది,0.0,వారిద్ధరి మధ్య అప్వుడు భయంకరమైన ద్నంద్సయుద్గం జరిగింది
పేర్కొన్న వరుసకు వెళ్ళు,0.0,పేర్కొన్ప వరుసకు వెళ్ళు,0.0,పేర్కొన్వ వరుసకు వెళ్ళు,0.0,పేర్కొన్ప వరుసకు వెళ్ళు,0.0,పేర్కొన్ప వరుసకు వెళ్ళు
ఫ్రాస్ట్ నిక్సన్,0.0,ఫ్రాస్ట్ నిక్పన్,0.0,ఫ్రాస్ట్ నిక్నన్,0.0,ఫ్రాస్ట్ నిక్చన్,0.0,ఫ్రాస్ట్ నిక్నన్
క్రీడాకారులు ఉత్సాహంతో ఉరకలేస్తారు,0.0,క్రీడాకారులు ఉత్నాహంతో ఉరకలేస్లారు,0.0,క్రీడాకారులు ఉత్నాహంతో ఉరకలేస్లారు,0.0,క్రీడాకారులు ఉత్నాహంతో ఉరకలేస్లారు,0.0,క్రీడాకారులు ఉత్నాహంతో ఉరకలేస్లారు
అదే సమయంలో వరకట్న వేధింపులుఈవ్ టీజింగ్ వంటి కేసులు కొంతమేర తగ్గాయి,0.0,అదే సమయంలో వరకట్ప వేధింపులుఈవ్ టీజింగ్ వంటి కేసులు కొంతమేర తగ్ఠాయి,0.0,అదే సమయంలో వరకట్ప వేధింపులుఈవ్ టీజింగ్ వంటి కేసులు కొంతమేర తగ్ఠాయి,0.0,అదే సమయంలో వరకట్వ వేధింపులుఈవ్ టీజింగ్ వంటి కేసులు కొంతమేర తగ్లాయి,0.0,అదే సమయంలో వరకట్ప వేధింపులుఈవ్ టీజింగ్ వంటి కేసులు కొంతమేర తగ్ఠాయి
అవును కోర్సు యొక్క సాధ్యం,0.0,అవును కోర్వు యొక్క సాధ్యం,0.0,అవును కోర్ను యొక్క సాధ్యం,0.0,అవును కోర్పు యొక్క సాధ్యం,0.0,అవును కోర్పు యొక్క సాధ్యం
ఈ చిత్రానికి మణిశర్మ సంగీతాన్ని అందిస్తారు,0.0,ఈ చిత్రానికి మణిశర్శ సంగీతాన్వి అందిస్లారు,0.0,ఈ చిత్రానికి మణిశర్శ సంగీతాన్వి అందిస్లారు,0.0,ఈ చిత్రానికి మణిశర్శ సంగీతాన్వి అందిస్లారు,0.0,ఈ చిత్రానికి మణిశర్శ సంగీతాన్పి అందిస్లారు
ఆనాటి ప్రమాదంలో తొమ్మిది మంది చనిపోయారు,0.0,ఆనాటి ప్రమాదంలో తొమ్శిది మంది చనిపోయారు,0.0,ఆనాటి ప్రమాదంలో తొమ్శిది మంది చనిపోయారు,0.0,ఆనాటి ప్రమాదంలో తొమ్శిది మంది చనిపోయారు,0.0,ఆనాటి ప్రమాదంలో తొమ్శిది మంది చనిపోయారు
ఎన్ కౌంటర్ తర్వాత పోలీసులు తనిఖీలను విసృతం చేశారు,0.0,ఎన్ కౌంటర్ తర్సాత పోలీసులు తనిఖీలను విసృతం చేశారు,0.0,ఎన్ కౌంటర్ తర్నాత పోలీసులు తనిఖీలను విసృతం చేశారు,0.0,ఎన్ కౌంటర్ తర్సాత పోలీసులు తనిఖీలను విసృతం చేశారు,0.0,ఎన్ కౌంటర్ తర్యాత పోలీసులు తనిఖీలను విసృతం చేశారు
ఇది నియంతృత్వం కాదా,0.0,ఇది నియంతృత్యం కాదా,0.0,ఇది నియంతృత్నం కాదా,0.0,ఇది నియంతృత్నం కాదా,0.0,ఇది నియంతృత్సం కాదా
ఆయనను వెంటనే హైదరాబాదులోి మ్యాక్స్ క్యూర్ ఆస్పత్రిలో చేర్పించారు,0.0,ఆయనను వెంటనే హైదరాబాదులోి మ్యాక్వ్ క్యూర్ ఆస్సత్రిలో చేర్నించారు,0.0,ఆయనను వెంటనే హైదరాబాదులోి మ్యాక్ప్ క్యూర్ ఆస్వత్రిలో చేర్సించారు,0.0,ఆయనను వెంటనే హైదరాబాదులోి మ్యాక్ప్ క్యూర్ ఆస్యత్రిలో చేర్సించారు,0.0,ఆయనను వెంటనే హైదరాబాదులోి మ్యాక్న్ క్యూర్ ఆస్వత్రిలో చేర్సించారు
మీకు ప్రత్యేకమైన కుటుంబ సభ్యులతో కలిసి ఆనందంగా సమయాన్ని గడుపుతారు,0.0,మీకు ప్రత్యేకమైన కుటుంబ సభ్యులతో కలిసి ఆనందంగా సమయాన్వి గడుపుతారు,0.0,మీకు ప్రత్యేకమైన కుటుంబ సభ్యులతో కలిసి ఆనందంగా సమయాన్పి గడుపుతారు,0.0,మీకు ప్రత్యేకమైన కుటుంబ సభ్యులతో కలిసి ఆనందంగా సమయాన్పి గడుపుతారు,0.0,మీకు ప్రత్యేకమైన కుటుంబ సభ్యులతో కలిసి ఆనందంగా సమయాన్వి గడుపుతారు
వారితో ముచ్చటించిన వీడియోను ట్విటర్ వేదికగా మోదీ పంచుకున్నారు,0.0,వారితో ముచ్సటించిన వీడియోను ట్పిటర్ వేదికగా మోదీ పంచుకున్పారు,0.0,వారితో ముచ్వటించిన వీడియోను ట్నిటర్ వేదికగా మోదీ పంచుకున్వారు,0.0,వారితో ముచ్వటించిన వీడియోను ట్యిటర్ వేదికగా మోదీ పంచుకున్వారు,0.0,వారితో ముచ్వటించిన వీడియోను ట్నిటర్ వేదికగా మోదీ పంచుకున్వారు
తాము కలిగివుండగల అమూల్యమైన అత్యంత ప్రతిఫలదాయకమైన సంకల్పం దైవభక్తిగల వ్యక్తిగా ఉండడమే అని వారికి తెలుసు,0.0,తాము కలిగివుండగల అమూల్యమైన అత్యంత ప్రతిఫలదాయకమైన సంకల్సం దైవభక్లిగల వ్యక్లిగా ఉండడమే అని వారికి తెలుసు,0.0,తాము కలిగివుండగల అమూల్యమైన అత్యంత ప్రతిఫలదాయకమైన సంకల్నం దైవభక్లిగల వ్యక్లిగా ఉండడమే అని వారికి తెలుసు,0.0,తాము కలిగివుండగల అమూల్యమైన అత్యంత ప్రతిఫలదాయకమైన సంకల్యం దైవభక్లిగల వ్యక్లిగా ఉండడమే అని వారికి తెలుసు,0.0,తాము కలిగివుండగల అమూల్యమైన అత్యంత ప్రతిఫలదాయకమైన సంకల్సం దైవభక్లిగల వ్యక్లిగా ఉండడమే అని వారికి తెలుసు
అని డి ఎస్ టి కార్యదర్శి ప్రొఫెసర్ అశుతోష్ శర్మ చెప్పారు,0.0,అని డి ఎస్ టి కార్యదర్మి ప్రొఫెసర్ అశుతోష్ శర్శ చెప్నారు,0.0,అని డి ఎస్ టి కార్యదర్మి ప్రొఫెసర్ అశుతోష్ శర్శ చెప్యారు,0.0,అని డి ఎస్ టి కార్యదర్మి ప్రొఫెసర్ అశుతోష్ శర్శ చెప్నారు,0.0,అని డి ఎస్ టి కార్యదర్మి ప్రొఫెసర్ అశుతోష్ శర్శ చెప్వారు
మీరు చెబుతున్న పదాల్లాంటివి నాకు తెలీదు,0.0,మీరు చెబుతున్వ పదాల్ధాంటివి నాకు తెలీదు,0.0,మీరు చెబుతున్వ పదాల్తాంటివి నాకు తెలీదు,0.0,మీరు చెబుతున్ప పదాల్తాంటివి నాకు తెలీదు,0.0,మీరు చెబుతున్వ పదాల్గాంటివి నాకు తెలీదు
అందుకు ఇప్పటివరకూ ఆయనేం చేశారు,0.0,అందుకు ఇప్నటివరకూ ఆయనేం చేశారు,0.0,అందుకు ఇప్వటివరకూ ఆయనేం చేశారు,0.0,అందుకు ఇప్యటివరకూ ఆయనేం చేశారు,0.0,అందుకు ఇప్సటివరకూ ఆయనేం చేశారు
కాళ్లకు పాదుకలు వేసుకుంటాడు,0.0,కాళ్తకు పాదుకలు వేసుకుంటాడు,0.0,కాళ్తకు పాదుకలు వేసుకుంటాడు,0.0,కాళ్గకు పాదుకలు వేసుకుంటాడు,0.0,కాళ్తకు పాదుకలు వేసుకుంటాడు
దీంతో ఇద్దరు ముష్కరులు అక్కడికక్కడే మృతిచెందారు,0.0,దీంతో ఇద్డరు ముష్కరులు అక్కడికక్కడే మృతిచెందారు,0.0,దీంతో ఇద్డరు ముష్కరులు అక్కడికక్కడే మృతిచెందారు,0.0,దీంతో ఇద్ రు ముష్కరులు అక్కడికక్కడే మృతిచెందారు,0.0,దీంతో ఇద్డరు ముష్కరులు అక్కడికక్కడే మృతిచెందారు
నేను నీకప్పుడు ఏమీ చేయలేకపోయాను,0.0,నేను నీకప్సుడు ఏమీ చేయలేకపోయాను,0.0,నేను నీకప్నుడు ఏమీ చేయలేకపోయాను,0.0,నేను నీకప్సుడు ఏమీ చేయలేకపోయాను,0.0,నేను నీకప్సుడు ఏమీ చేయలేకపోయాను
యాంటీబాడీల తయారీకి భారత్ బయోటెక్ సిద్ధం,0.0,యాంటీబాడీల తయారీకి భారత్ బయోటెక్ సిద్గం,0.0,యాంటీబాడీల తయారీకి భారత్ బయోటెక్ సిద్డం,0.0,యాంటీబాడీల తయారీకి భారత్ బయోటెక్ సిద్డం,0.0,యాంటీబాడీల తయారీకి భారత్ బయోటెక్ సిద్దం
అనంతపురం జిల్లా చెన్నేకొత్తపల్లి మండలం కనుముక్కలలో ఈ సంఘటన జరిగింది,0.0,అనంతపురం జిల్గా చెన్పేకొత్లపల్గి మండలం కనుముక్కలలో ఈ సంఘటన జరిగింది,0.0,అనంతపురం జిల్గా చెన్పేకొత్లపల్గి మండలం కనుముక్కలలో ఈ సంఘటన జరిగింది,0.0,అనంతపురం జిల్ధా చెన్వేకొత్లపల్ధి మండలం కనుముక్కలలో ఈ సంఘటన జరిగింది,0.0,అనంతపురం జిల్గా చెన్వేకొత్లపల్గి మండలం కనుముక్కలలో ఈ సంఘటన జరిగింది
మరియు బండరా ఎవరు,0.0,మరియు బండరా ఎవరు,0.0,మరియు బండరా ఎవరు,0.0,మరియు బండరా ఎవరు,0.0,మరియు బండరా ఎవరు
కొన్ని గంటల తర్వాత ఏకె తో ఫొటో దిగి సోషల్ మీడియాలో పెట్టాడు,0.0,కొన్వి గంటల తర్నాత ఏకె తో ఫొటో దిగి సోషల్ మీడియాలో పెట్టాడు,0.0,కొన్పి గంటల తర్సాత ఏకె తో ఫొటో దిగి సోషల్ మీడియాలో పెట్టాడు,0.0,కొన్పి గంటల తర్నాత ఏకె తో ఫొటో దిగి సోషల్ మీడియాలో పెట్టాడు,0.0,కొన్పి గంటల తర్సాత ఏకె తో ఫొటో దిగి సోషల్ మీడియాలో పెట్టాడు
అయితే చందూ ఆ ప్రయత్నం కూడా చేసేశాడు,0.0,అయితే చందూ ఆ ప్రయత్వం కూడా చేసేశాడు,0.0,అయితే చందూ ఆ ప్రయత్పం కూడా చేసేశాడు,0.0,అయితే చందూ ఆ ప్రయత్పం కూడా చేసేశాడు,0.0,అయితే చందూ ఆ ప్రయత్వం కూడా చేసేశాడు
ఆయనే జ్ఞానం,0.0,ఆయనే జ్ఞానం,0.0,ఆయనే జ్ఞానం,0.0,ఆయనే జ్ఞానం,0.0,ఆయనే జ్ఞానం
డబ్బు వృధా,0.0,డబ్బు వృధా,0.0,డబ్బు వృధా,0.0,డబ్బు వృధా,0.0,డబ్బు వృధా
ఈ గుహారూపాలను బౌద్ద సన్యాసులు వానా కాలములో తమ విశ్రాంతి గదులుగా ఉపయోగించేవారు,0.0,ఈ గుహారూపాలను బౌద్ధ సన్యాసులు వానా కాలములో తమ విశ్రాంతి గదులుగా ఉపయోగించేవారు,0.0,ఈ గుహారూపాలను బౌద్ధ సన్యాసులు వానా కాలములో తమ విశ్రాంతి గదులుగా ఉపయోగించేవారు,0.0,ఈ గుహారూపాలను బౌద్డ సన్యాసులు వానా కాలములో తమ విశ్రాంతి గదులుగా ఉపయోగించేవారు,0.0,ఈ గుహారూపాలను బౌద్  సన్యాసులు వానా కాలములో తమ విశ్రాంతి గదులుగా ఉపయోగించేవారు
పదం కొరడా కోసం లాటిన్ నుండి వచ్చింది,0.0,పదం కొరడా కోసం లాటిన్ నుండి వచ్సింది,0.0,పదం కొరడా కోసం లాటిన్ నుండి వచ్వింది,0.0,పదం కొరడా కోసం లాటిన్ నుండి వచ్సింది,0.0,పదం కొరడా కోసం లాటిన్ నుండి వచ్సింది
ఇందులో బాలీవుడ్ స్టార్ హీరో అక్షయ్ కుమార్ ప్రతినాయకుడి పాత్ర చేయగా అమీ జాక్సన్ హీరోయిన్ గా నటించింది,0.0,ఇందులో బాలీవుడ్ స్టార్ హీరో అక్షయ్ కుమార్ ప్రతినాయకుడి పాత్ర చేయగా అమీ జాక్వన్ హీరోయిన్ గా నటించింది,0.0,ఇందులో బాలీవుడ్ స్టార్ హీరో అక్షయ్ కుమార్ ప్రతినాయకుడి పాత్ర చేయగా అమీ జాక్చన్ హీరోయిన్ గా నటించింది,0.0,ఇందులో బాలీవుడ్ స్టార్ హీరో అక్షయ్ కుమార్ ప్రతినాయకుడి పాత్ర చేయగా అమీ జాక్నన్ హీరోయిన్ గా నటించింది,0.0,ఇందులో బాలీవుడ్ స్టార్ హీరో అక్షయ్ కుమార్ ప్రతినాయకుడి పాత్ర చేయగా అమీ జాక్నన్ హీరోయిన్ గా నటించింది
లాస్ ఏంజెల్స్ ప్రాంతంలో ఈ సన్నివేశాలు చిత్రీకరించారు,0.0,లాస్ ఏంజెల్ప్ ప్రాంతంలో ఈ సన్వివేశాలు చిత్రీకరించారు,0.0,లాస్ ఏంజెల్న్ ప్రాంతంలో ఈ సన్పివేశాలు చిత్రీకరించారు,0.0,లాస్ ఏంజెల్చ్ ప్రాంతంలో ఈ సన్పివేశాలు చిత్రీకరించారు,0.0,లాస్ ఏంజెల్చ్ ప్రాంతంలో ఈ సన్పివేశాలు చిత్రీకరించారు
నిరంతర సిసి కెమెరాల పర్యవేక్షణలో ఉంటుంది,0.0,నిరంతర సిసి కెమెరాల పర్యవేక్షణలో ఉంటుంది,0.0,నిరంతర సిసి కెమెరాల పర్యవేక్షణలో ఉంటుంది,0.0,నిరంతర సిసి కెమెరాల పర్యవేక్షణలో ఉంటుంది,0.0,నిరంతర సిసి కెమెరాల పర్యవేక్షణలో ఉంటుంది
ఆరుగురు దుర్మరణం ఏడుగురికి తీవ్రగాయాలు,0.0,ఆరుగురు దుర్శరణం ఏడుగురికి తీవ్రగాయాలు,0.0,ఆరుగురు దుర్శరణం ఏడుగురికి తీవ్రగాయాలు,0.0,ఆరుగురు దుర్శరణం ఏడుగురికి తీవ్రగాయాలు,0.0,ఆరుగురు దుర్శరణం ఏడుగురికి తీవ్రగాయాలు
ఆయన ఇతర నటులకు కూడా అనేక సందర్భాలలో పాటలు పాడాడు,0.0,ఆయన ఇతర నటులకు కూడా అనేక సందర్భాలలో పాటలు పాడాడు,0.0,ఆయన ఇతర నటులకు కూడా అనేక సందర్భాలలో పాటలు పాడాడు,0.0,ఆయన ఇతర నటులకు కూడా అనేక సందర్భాలలో పాటలు పాడాడు,0.0,ఆయన ఇతర నటులకు కూడా అనేక సందర్భాలలో పాటలు పాడాడు
ఈ మేరకు రాష్ట్ర విద్యా శాఖా మంత్రి పి సబితా ఇంద్రారెడ్డి ప్రకటన విడుదల చేశారు,0.0,ఈ మేరకు రాష్ట్ర విద్యా శాఖా మంత్రి పి సబితా ఇంద్రారెడ్ధి ప్రకటన విడుదల చేశారు,0.0,ఈ మేరకు రాష్ట్ర విద్యా శాఖా మంత్రి పి సబితా ఇంద్రారెడ్ధి ప్రకటన విడుదల చేశారు,0.0,ఈ మేరకు రాష్ట్ర విద్యా శాఖా మంత్రి పి సబితా ఇంద్రారెడ్ది ప్రకటన విడుదల చేశారు,0.0,ఈ మేరకు రాష్ట్ర విద్యా శాఖా మంత్రి పి సబితా ఇంద్రారెడ్ది ప్రకటన విడుదల చేశారు
మీ నమ్మక విధానం ఏదైనప్పటికీ టెంపుల్ మాత్రం ప్రతి ఒక్కరికి నమ్మకం కలిగించేది అందిస్తుంది,0.0,మీ నమ్శక విధానం ఏదైనప్సటికీ టెంపుల్ మాత్రం ప్రతి ఒక్కరికి నమ్శకం కలిగించేది అందిస్లుంది,0.0,మీ నమ్శక విధానం ఏదైనప్సటికీ టెంపుల్ మాత్రం ప్రతి ఒక్కరికి నమ్శకం కలిగించేది అందిస్లుంది,0.0,మీ నమ్శక విధానం ఏదైనప్సటికీ టెంపుల్ మాత్రం ప్రతి ఒక్కరికి నమ్శకం కలిగించేది అందిస్లుంది,0.0,మీ నమ్శక విధానం ఏదైనప్యటికీ టెంపుల్ మాత్రం ప్రతి ఒక్కరికి నమ్శకం కలిగించేది అందిస్లుంది
మీ తరతరములకు మీ మొదటి పిండిముద్దలోనుండి ప్రతిష్ఠార్పణమును యెహోవాకు అర్పింపవలెను,0.0,మీ తరతరములకు మీ మొదటి పిండిముద్ లోనుండి ప్రతిష్లార్నణమును యెహోవాకు అర్నింపవలెను,0.0,మీ తరతరములకు మీ మొదటి పిండిముద్ధలోనుండి ప్రతిష్గార్నణమును యెహోవాకు అర్నింపవలెను,0.0,మీ తరతరములకు మీ మొదటి పిండిముద్ధలోనుండి ప్రతిష్గార్యణమును యెహోవాకు అర్నింపవలెను,0.0,మీ తరతరములకు మీ మొదటి పిండిముద్ధలోనుండి ప్రతిష్లార్నణమును యెహోవాకు అర్సింపవలెను
దీంతో ఆమె ఊపిరాడక ప్రాణాలు కోల్పోయింది,0.0,దీంతో ఆమె ఊపిరాడక ప్రాణాలు కోల్సోయింది,0.0,దీంతో ఆమె ఊపిరాడక ప్రాణాలు కోల్వోయింది,0.0,దీంతో ఆమె ఊపిరాడక ప్రాణాలు కోల్నోయింది,0.0,దీంతో ఆమె ఊపిరాడక ప్రాణాలు కోల్సోయింది
మీరు దాన్ని విశ్వసించటానికి వినవలసి ఉంటుంది,0.0,మీరు దాన్వి విశ్యసించటానికి వినవలసి ఉంటుంది,0.0,మీరు దాన్పి విశ్నసించటానికి వినవలసి ఉంటుంది,0.0,మీరు దాన్వి విశ్పసించటానికి వినవలసి ఉంటుంది,0.0,మీరు దాన్వి విశ్పసించటానికి వినవలసి ఉంటుంది
అవును బజాజ్ పల్సర్ క్లాసిక్ ధర రూ,0.0,అవును బజాజ్ పల్పర్ క్తాసిక్ ధర రూ,0.0,అవును బజాజ్ పల్చర్ క్తాసిక్ ధర రూ,0.0,అవును బజాజ్ పల్పర్ క్గాసిక్ ధర రూ,0.0,అవును బజాజ్ పల్నర్ క్గాసిక్ ధర రూ
ఆ దాడిలో ఇళ్లు తగలబెట్టారు,0.0,ఆ దాడిలో ఇళ్గు తగలబెట్టారు,0.0,ఆ దాడిలో ఇళ్గు తగలబెట్టారు,0.0,ఆ దాడిలో ఇళ్గు తగలబెట్టారు,0.0,ఆ దాడిలో ఇళ్గు తగలబెట్టారు
రెండు సంస్థలను విలీనం చేసుకుంది,0.0,రెండు సంస్థలను విలీనం చేసుకుంది,0.0,రెండు సంస్థలను విలీనం చేసుకుంది,0.0,రెండు సంస్థలను విలీనం చేసుకుంది,0.0,రెండు సంస్థలను విలీనం చేసుకుంది
సహాయం కోసం యెహోవా వాక్యాన్ని వెదకడం ద్వారా కూడా మనకు ఆయనమీద నమ్మకం ఉందని చూపించవచ్చు,0.0,సహాయం కోసం యెహోవా వాక్యాన్వి వెదకడం ద్యారా కూడా మనకు ఆయనమీద నమ్శకం ఉందని చూపించవచ్సు,0.0,సహాయం కోసం యెహోవా వాక్యాన్పి వెదకడం ద్సారా కూడా మనకు ఆయనమీద నమ్శకం ఉందని చూపించవచ్సు,0.0,సహాయం కోసం యెహోవా వాక్యాన్వి వెదకడం ద్యారా కూడా మనకు ఆయనమీద నమ్శకం ఉందని చూపించవచ్వు,0.0,సహాయం కోసం యెహోవా వాక్యాన్పి వెదకడం ద్సారా కూడా మనకు ఆయనమీద నమ్శకం ఉందని చూపించవచ్వు
అదనంగా కొత్త సీట్లు కావాలన్నా లేదా పోస్ట్గ్రాడ్యుయేట్ కోర్సులు ప్రారంభించాలన్నా అనుమతి పొందాల్సిన అవసరం లేదన్నారు,0.0,అదనంగా కొత్ల సీట్తు కావాలన్వా లేదా పోస్ట్ధ్రాడ్యుయేట్ కోర్వులు ప్రారంభించాలన్వా అనుమతి పొందాల్విన అవసరం లేదన్వారు,0.0,అదనంగా కొత్ల సీట్గు కావాలన్పా లేదా పోస్ట్ధ్రాడ్యుయేట్ కోర్పులు ప్రారంభించాలన్పా అనుమతి పొందాల్పిన అవసరం లేదన్వారు,0.0,అదనంగా కొత్ల సీట్ధు కావాలన్పా లేదా పోస్ట్ధ్రాడ్యుయేట్ కోర్పులు ప్రారంభించాలన్వా అనుమతి పొందాల్విన అవసరం లేదన్వారు,0.0,అదనంగా కొత్ల సీట్తు కావాలన్వా లేదా పోస్ట్ల్రాడ్యుయేట్ కోర్నులు ప్రారంభించాలన్పా అనుమతి పొందాల్నిన అవసరం లేదన్పారు
అతనిపై చోరీ కేసులు ఓ దోపిడీ కేసు ఉన్నాయి,0.0,అతనిపై చోరీ కేసులు ఓ దోపిడీ కేసు ఉన్వాయి,0.0,అతనిపై చోరీ కేసులు ఓ దోపిడీ కేసు ఉన్వాయి,0.0,అతనిపై చోరీ కేసులు ఓ దోపిడీ కేసు ఉన్పాయి,0.0,అతనిపై చోరీ కేసులు ఓ దోపిడీ కేసు ఉన్పాయి
కుప్వారా జిల్లాలోని హంద్వారా ప్రాంతంలో ఆంక్షలు సడలించినట్టు తెలిపారు,0.0,కుప్నారా జిల్గాలోని హంద్సారా ప్రాంతంలో ఆంక్షలు సడలించినట్టు తెలిపారు,0.0,కుప్సారా జిల్గాలోని హంద్యారా ప్రాంతంలో ఆంక్షలు సడలించినట్టు తెలిపారు,0.0,కుప్పారా జిల్ధాలోని హంద్పారా ప్రాంతంలో ఆంక్షలు సడలించినట్టు తెలిపారు,0.0,కుప్చారా జిల్ధాలోని హంద్యారా ప్రాంతంలో ఆంక్షలు సడలించినట్టు తెలిపారు
రెండవ చేత ఒక బాణాన్ని త్రిప్పుతున్నాడు,0.0,రెండవ చేత ఒక బాణాన్పి త్రిప్నుతున్పాడు,0.0,రెండవ చేత ఒక బాణాన్వి త్రిప్వుతున్వాడు,0.0,రెండవ చేత ఒక బాణాన్పి త్రిప్వుతున్వాడు,0.0,రెండవ చేత ఒక బాణాన్వి త్రిప్వుతున్పాడు
సహోద్యోగుల నుండి మీకు మద్దతు లభిస్తుంది,0.0,సహోద్యోగుల నుండి మీకు మద్ తు లభిస్లుంది,0.0,సహోద్యోగుల నుండి మీకు మద్ తు లభిస్లుంది,0.0,సహోద్యోగుల నుండి మీకు మద్ తు లభిస్లుంది,0.0,సహోద్యోగుల నుండి మీకు మద్ తు లభిస్లుంది
చేతులు మరియు వేళ్లు తిమ్మిరి,0.0,చేతులు మరియు వేళ్గు తిమ్శిరి,0.0,చేతులు మరియు వేళ్తు తిమ్శిరి,0.0,చేతులు మరియు వేళ్తు తిమ్శిరి,0.0,చేతులు మరియు వేళ్గు తిమ్శిరి
కాంగ్రెస్ నేతలు ఆ కాన్వాయ్ను అడ్డుకున్నారు,0.0,కాంగ్రెస్ నేతలు ఆ కాన్పాయ్పు అడ్ధుకున్వారు,0.0,కాంగ్రెస్ నేతలు ఆ కాన్పాయ్పు అడ్దుకున్పారు,0.0,కాంగ్రెస్ నేతలు ఆ కాన్సాయ్పు అడ్ధుకున్పారు,0.0,కాంగ్రెస్ నేతలు ఆ కాన్చాయ్పు అడ్ధుకున్పారు
ఇక్కడ అనేక రకాలైన వక్ష జంతువులను మనం చూడవచ్చు,0.0,ఇక్కడ అనేక రకాలైన వక్ష జంతువులను మనం చూడవచ్సు,0.0,ఇక్కడ అనేక రకాలైన వక్ష జంతువులను మనం చూడవచ్వు,0.0,ఇక్కడ అనేక రకాలైన వక్ష జంతువులను మనం చూడవచ్వు,0.0,ఇక్కడ అనేక రకాలైన వక్ష జంతువులను మనం చూడవచ్వు
ఇది స్పీడ్ గేర్బాక్స్తో జతచేయబడి ఉంటుంది,0.0,ఇది స్యీడ్ గేర్బాక్చ్లో జతచేయబడి ఉంటుంది,0.0,ఇది స్నీడ్ గేర్బాక్ప్లో జతచేయబడి ఉంటుంది,0.0,ఇది స్యీడ్ గేర్బాక్ప్లో జతచేయబడి ఉంటుంది,0.0,ఇది స్సీడ్ గేర్బాక్చ్లో జతచేయబడి ఉంటుంది
విలువలతో కూడిన అభివృద్ధి భారతదేశానికి అవసరం,0.0,విలువలతో కూడిన అభివృద్లి భారతదేశానికి అవసరం,0.0,విలువలతో కూడిన అభివృద్గి భారతదేశానికి అవసరం,0.0,విలువలతో కూడిన అభివృద్డి భారతదేశానికి అవసరం,0.0,విలువలతో కూడిన అభివృద్లి భారతదేశానికి అవసరం
అయితే ఢిల్లీలో సరిగ్గా ఇలాంటి ఓ ఘటనే తాజాగా చోటు చేసుకుంది,0.0,అయితే ఢిల్ధీలో సరిగ్లా ఇలాంటి ఓ ఘటనే తాజాగా చోటు చేసుకుంది,0.0,అయితే ఢిల్తీలో సరిగ్ఠా ఇలాంటి ఓ ఘటనే తాజాగా చోటు చేసుకుంది,0.0,అయితే ఢిల్గీలో సరిగ్ధా ఇలాంటి ఓ ఘటనే తాజాగా చోటు చేసుకుంది,0.0,అయితే ఢిల్తీలో సరిగ్ఠా ఇలాంటి ఓ ఘటనే తాజాగా చోటు చేసుకుంది
కానీ వారి ప్రేమకు మాత్రం పరిమితులు లేవు,0.0,కానీ వారి ప్రేమకు మాత్రం పరిమితులు లేవు,0.0,కానీ వారి ప్రేమకు మాత్రం పరిమితులు లేవు,0.0,కానీ వారి ప్రేమకు మాత్రం పరిమితులు లేవు,0.0,కానీ వారి ప్రేమకు మాత్రం పరిమితులు లేవు
లో ఓటు వేశారు,0.0,లో ఓటు వేశారు,0.0,లో ఓటు వేశారు,0.0,లో ఓటు వేశారు,0.0,లో ఓటు వేశారు
ఆదాయపు పన్ను ప్రయోజనాలు కూడా లభిస్తాయి,0.0,ఆదాయపు పన్వు ప్రయోజనాలు కూడా లభిస్లాయి,0.0,ఆదాయపు పన్పు ప్రయోజనాలు కూడా లభిస్లాయి,0.0,ఆదాయపు పన్వు ప్రయోజనాలు కూడా లభిస్లాయి,0.0,ఆదాయపు పన్పు ప్రయోజనాలు కూడా లభిస్లాయి
పాకిస్థాన్ ప్రధాని ఇమ్రాన్ ఖాన్తో భేటీ అయ్యారు,0.0,పాకిస్థాన్ ప్రధాని ఇమ్రాన్ ఖాన్లో భేటీ అయ్యారు,0.0,పాకిస్థాన్ ప్రధాని ఇమ్రాన్ ఖాన్లో భేటీ అయ్యారు,0.0,పాకిస్థాన్ ప్రధాని ఇమ్రాన్ ఖాన్లో భేటీ అయ్యారు,0.0,పాకిస్థాన్ ప్రధాని ఇమ్రాన్ ఖాన్లో భేటీ అయ్యారు
ప్రపంచ ప్రఖ్యాత బిర్యానీకి హైదరాబాద్ పుట్టినిల్లు,0.0,ప్రపంచ ప్రఖ్యాత బిర్యానీకి హైదరాబాద్ పుట్టినిల్తు,0.0,ప్రపంచ ప్రఖ్యాత బిర్యానీకి హైదరాబాద్ పుట్టినిల్తు,0.0,ప్రపంచ ప్రఖ్యాత బిర్యానీకి హైదరాబాద్ పుట్టినిల్గు,0.0,ప్రపంచ ప్రఖ్యాత బిర్యానీకి హైదరాబాద్ పుట్టినిల్ధు
భర్త చనిపోగా భార్య పరిస్థితి విషమంగా ఉంది,0.0,భర్ల చనిపోగా భార్య పరిస్థితి విషమంగా ఉంది,0.0,భర్ల చనిపోగా భార్య పరిస్థితి విషమంగా ఉంది,0.0,భర్ల చనిపోగా భార్య పరిస్థితి విషమంగా ఉంది,0.0,భర్ల చనిపోగా భార్య పరిస్థితి విషమంగా ఉంది
ఆసుపత్రిలో చికిత్స పొందాక ఇటీవల డిశ్చార్జి అయ్యారు,0.0,ఆసుపత్రిలో చికిత్న పొందాక ఇటీవల డిశ్వార్జి అయ్యారు,0.0,ఆసుపత్రిలో చికిత్న పొందాక ఇటీవల డిశ్వార్జి అయ్యారు,0.0,ఆసుపత్రిలో చికిత్న పొందాక ఇటీవల డిశ్సార్జి అయ్యారు,0.0,ఆసుపత్రిలో చికిత్చ పొందాక ఇటీవల డిశ్సార్జి అయ్యారు
ఐసీసీ మెన్స్ టీ క్రికెటర్ ఆఫ్ ది డికేట్ రషీద్ ఖాన్,0.0,ఐసీసీ మెన్వ్ టీ క్రికెటర్ ఆఫ్ ది డికేట్ రషీద్ ఖాన్,0.0,ఐసీసీ మెన్వ్ టీ క్రికెటర్ ఆఫ్ ది డికేట్ రషీద్ ఖాన్,0.0,ఐసీసీ మెన్ప్ టీ క్రికెటర్ ఆఫ్ ది డికేట్ రషీద్ ఖాన్,0.0,ఐసీసీ మెన్వ్ టీ క్రికెటర్ ఆఫ్ ది డికేట్ రషీద్ ఖాన్
గెరుసొప్ప డ్యామ్ ప్రాజెక్టు లో పూర్తి చేయబడింది ప్రధానంగా విద్యుత్ ఉత్పత్తి దీని లక్ష్యం,0.0,గెరుసొప్య డ్యామ్ ప్రాజెక్టు లో పూర్లి చేయబడింది ప్రధానంగా విద్యుత్ ఉత్యత్లి దీని లక్ష్యం,0.0,గెరుసొప్న డ్యామ్ ప్రాజెక్టు లో పూర్లి చేయబడింది ప్రధానంగా విద్యుత్ ఉత్సత్లి దీని లక్ష్యం,0.0,గెరుసొప్న డ్యామ్ ప్రాజెక్టు లో పూర్లి చేయబడింది ప్రధానంగా విద్యుత్ ఉత్సత్లి దీని లక్ష్యం,0.0,గెరుసొప్స డ్యామ్ ప్రాజెక్టు లో పూర్లి చేయబడింది ప్రధానంగా విద్యుత్ ఉత్వత్లి దీని లక్ష్యం
విప్రో షేర్ రోజులు రోజులు రోజులు రోజులు రోజుల సగటు కంటే ఎక్కువగా పెరిగింది,0.0,విప్రో షేర్ రోజులు రోజులు రోజులు రోజులు రోజుల సగటు కంటే ఎక్కువగా పెరిగింది,0.0,విప్రో షేర్ రోజులు రోజులు రోజులు రోజులు రోజుల సగటు కంటే ఎక్కువగా పెరిగింది,0.0,విప్రో షేర్ రోజులు రోజులు రోజులు రోజులు రోజుల సగటు కంటే ఎక్కువగా పెరిగింది,0.0,విప్రో షేర్ రోజులు రోజులు రోజులు రోజులు రోజుల సగటు కంటే ఎక్కువగా పెరిగింది
కేసు నమోదు చేసిన పోలీసులు విచారణ చేపడుతున్నారు,0.0,కేసు నమోదు చేసిన పోలీసులు విచారణ చేపడుతున్పారు,0.0,కేసు నమోదు చేసిన పోలీసులు విచారణ చేపడుతున్పారు,0.0,కేసు నమోదు చేసిన పోలీసులు విచారణ చేపడుతున్వారు,0.0,కేసు నమోదు చేసిన పోలీసులు విచారణ చేపడుతున్పారు
ఇప్పటి దాకా అది మ్యాచులు ఆడింది,0.0,ఇప్నటి దాకా అది మ్యాచులు ఆడింది,0.0,ఇప్నటి దాకా అది మ్యాచులు ఆడింది,0.0,ఇప్యటి దాకా అది మ్యాచులు ఆడింది,0.0,ఇప్యటి దాకా అది మ్యాచులు ఆడింది
మిషనరీలుగా తమ పరిచర్యలో శాయశక్తులా పనిచేయడం ద్వారానే,0.0,మిషనరీలుగా తమ పరిచర్యలో శాయశక్లులా పనిచేయడం ద్పారానే,0.0,మిషనరీలుగా తమ పరిచర్యలో శాయశక్లులా పనిచేయడం ద్యారానే,0.0,మిషనరీలుగా తమ పరిచర్యలో శాయశక్లులా పనిచేయడం ద్యారానే,0.0,మిషనరీలుగా తమ పరిచర్యలో శాయశక్లులా పనిచేయడం ద్చారానే
ఈ ప్రశ్నను కష్టం కాదు,0.0,ఈ ప్రశ్పను కష్టం కాదు,0.0,ఈ ప్రశ్వను కష్టం కాదు,0.0,ఈ ప్రశ్పను కష్టం కాదు,0.0,ఈ ప్రశ్వను కష్టం కాదు
ఇక అంతర్జాతీయ విమానాశ్రయాలు సైతం కొత్తవి నిర్మాణంలో ఉన్నాయి,0.0,ఇక అంతర్జాతీయ విమానాశ్రయాలు సైతం కొత్లవి నిర్శాణంలో ఉన్వాయి,0.0,ఇక అంతర్జాతీయ విమానాశ్రయాలు సైతం కొత్లవి నిర్శాణంలో ఉన్పాయి,0.0,ఇక అంతర్జాతీయ విమానాశ్రయాలు సైతం కొత్లవి నిర్శాణంలో ఉన్వాయి,0.0,ఇక అంతర్జాతీయ విమానాశ్రయాలు సైతం కొత్లవి నిర్శాణంలో ఉన్పాయి
దీన్ని ఆపడం నీక్కూడా అసాధ్యం,0.0,దీన్వి ఆపడం నీక్కూడా అసాధ్యం,0.0,దీన్వి ఆపడం నీక్కూడా అసాధ్యం,0.0,దీన్వి ఆపడం నీక్కూడా అసాధ్యం,0.0,దీన్పి ఆపడం నీక్కూడా అసాధ్యం
ముల్లంగి డైకాను రకాలు తూర్పు ఆగ్నేయం దక్షిణాసియా వంటకాలలో ముఖ్యమైన భాగంగా ఉంటాయి,0.0,ముల్ధంగి డైకాను రకాలు తూర్యు ఆగ్పేయం దక్షిణాసియా వంటకాలలో ముఖ్యమైన భాగంగా ఉంటాయి,0.0,ముల్ధంగి డైకాను రకాలు తూర్ను ఆగ్వేయం దక్షిణాసియా వంటకాలలో ముఖ్యమైన భాగంగా ఉంటాయి,0.0,ముల్గంగి డైకాను రకాలు తూర్సు ఆగ్పేయం దక్షిణాసియా వంటకాలలో ముఖ్యమైన భాగంగా ఉంటాయి,0.0,ముల్ధంగి డైకాను రకాలు తూర్యు ఆగ్వేయం దక్షిణాసియా వంటకాలలో ముఖ్యమైన భాగంగా ఉంటాయి
అంతేకాదు దీనికి సంబంధించిన టైమ్ ల్యాప్ వీడియోను ఆయన ఇన్స్టాగ్రామ్లో షేర్ చేశారు,0.0,అంతేకాదు దీనికి సంబంధించిన టైమ్ ల్యాప్ వీడియోను ఆయన ఇన్ప్టాగ్రామ్తో షేర్ చేశారు,0.0,అంతేకాదు దీనికి సంబంధించిన టైమ్ ల్యాప్ వీడియోను ఆయన ఇన్ప్టాగ్రామ్ధో షేర్ చేశారు,0.0,అంతేకాదు దీనికి సంబంధించిన టైమ్ ల్యాప్ వీడియోను ఆయన ఇన్చ్టాగ్రామ్ధో షేర్ చేశారు,0.0,అంతేకాదు దీనికి సంబంధించిన టైమ్ ల్యాప్ వీడియోను ఆయన ఇన్న్టాగ్రామ్తో షేర్ చేశారు
ఢిల్లీ అసెంబ్లీని రద్దు చేసేందుకు రాష్ట్రపతి ప్రణబ్ ముఖర్జీ ఆమోద ముద్ర వేశారు,0.0,ఢిల్గీ అసెంబ్ధీని రద్ ు చేసేందుకు రాష్ట్రపతి ప్రణబ్ ముఖర్జీ ఆమోద ముద్ర వేశారు,0.0,ఢిల్గీ అసెంబ్తీని రద్డు చేసేందుకు రాష్ట్రపతి ప్రణబ్ ముఖర్జీ ఆమోద ముద్ర వేశారు,0.0,ఢిల్తీ అసెంబ్గీని రద్డు చేసేందుకు రాష్ట్రపతి ప్రణబ్ ముఖర్జీ ఆమోద ముద్ర వేశారు,0.0,ఢిల్ధీ అసెంబ్ధీని రద్డు చేసేందుకు రాష్ట్రపతి ప్రణబ్ ముఖర్జీ ఆమోద ముద్ర వేశారు
ఆర్టికల్ రద్దు తర్వాత కాశ్మీర్ కు పర్యాటకుల తాకిడి బాగా పెరిగింది,0.0,ఆర్టికల్ రద్ధు తర్నాత కాశ్శీర్ కు పర్యాటకుల తాకిడి బాగా పెరిగింది,0.0,ఆర్టికల్ రద్ధు తర్యాత కాశ్శీర్ కు పర్యాటకుల తాకిడి బాగా పెరిగింది,0.0,ఆర్టికల్ రద్ధు తర్పాత కాశ్శీర్ కు పర్యాటకుల తాకిడి బాగా పెరిగింది,0.0,ఆర్టికల్ రద్ధు తర్పాత కాశ్శీర్ కు పర్యాటకుల తాకిడి బాగా పెరిగింది
నివాస ప్రాంతంలో కూడా చదరపు మీటర్లు ఉంటుంది,0.0,నివాస ప్రాంతంలో కూడా చదరపు మీటర్ధు ఉంటుంది,0.0,నివాస ప్రాంతంలో కూడా చదరపు మీటర్తు ఉంటుంది,0.0,నివాస ప్రాంతంలో కూడా చదరపు మీటర్ధు ఉంటుంది,0.0,నివాస ప్రాంతంలో కూడా చదరపు మీటర్తు ఉంటుంది
అయితే తాజాగా నిత్యం నమోదవుతున్న కేసుల సంఖ్య భారీగా తగ్గింది,0.0,అయితే తాజాగా నిత్యం నమోదవుతున్వ కేసుల సంఖ్య భారీగా తగ్లింది,0.0,అయితే తాజాగా నిత్యం నమోదవుతున్ప కేసుల సంఖ్య భారీగా తగ్ధింది,0.0,అయితే తాజాగా నిత్యం నమోదవుతున్ప కేసుల సంఖ్య భారీగా తగ్ధింది,0.0,అయితే తాజాగా నిత్యం నమోదవుతున్వ కేసుల సంఖ్య భారీగా తగ్ఠింది
కాగా టీమిండియా చివరి వికెట్గా జస్ప్రీత్ బుమ్రా వెనుదిరిగాడు,0.0,కాగా టీమిండియా చివరి వికెట్లా జస్వ్రీత్ బుమ్రా వెనుదిరిగాడు,0.0,కాగా టీమిండియా చివరి వికెట్ఠా జస్స్రీత్ బుమ్రా వెనుదిరిగాడు,0.0,కాగా టీమిండియా చివరి వికెట్ధా జస్య్రీత్ బుమ్రా వెనుదిరిగాడు,0.0,కాగా టీమిండియా చివరి వికెట్లా జస్న్రీత్ బుమ్రా వెనుదిరిగాడు
అవునుమీరు విన్నది నిజమే,0.0,అవునుమీరు విన్పది నిజమే,0.0,అవునుమీరు విన్వది నిజమే,0.0,అవునుమీరు విన్వది నిజమే,0.0,అవునుమీరు విన్పది నిజమే
కోట్లు,0.0,కోట్లు,0.0,కోట్గు,0.0,కోట్తు,0.0,కోట్ధు
అన్నై వెలంకన్ని చర్చి వల్పరై భుబాగంలో వల్పరై నుంచి కిలోమీటర్ల దూరంలో ఉన్నది,0.0,అన్పై వెలంకన్పి చర్వి వల్వరై భుబాగంలో వల్నరై నుంచి కిలోమీటర్త దూరంలో ఉన్పది,0.0,అన్పై వెలంకన్వి చర్సి వల్నరై భుబాగంలో వల్యరై నుంచి కిలోమీటర్గ దూరంలో ఉన్వది,0.0,అన్వై వెలంకన్పి చర్సి వల్యరై భుబాగంలో వల్సరై నుంచి కిలోమీటర్త దూరంలో ఉన్పది,0.0,అన్పై వెలంకన్వి చర్వి వల్సరై భుబాగంలో వల్నరై నుంచి కిలోమీటర్ధ దూరంలో ఉన్పది
ఇవాళ్ళ ప్రత్యేకంగా ఏమయింది,0.0,ఇవాళ్ళ ప్రత్యేకంగా ఏమయింది,0.0,ఇవాళ్ళ ప్రత్యేకంగా ఏమయింది,0.0,ఇవాళ్ళ ప్రత్యేకంగా ఏమయింది,0.0,ఇవాళ్ళ ప్రత్యేకంగా ఏమయింది
మరియు అది ఒక పెద్ద ప్లస్ వార్తలు,0.0,మరియు అది ఒక పెద్  ప్గస్ వార్లలు,0.0,మరియు అది ఒక పెద్ధ ప్ధస్ వార్లలు,0.0,మరియు అది ఒక పెద్  ప్తస్ వార్లలు,0.0,మరియు అది ఒక పెద్డ ప్ధస్ వార్లలు
మహారాష్ట్ర అంశంపై సుప్రీం విచారణ,0.0,మహారాష్ట్ర అంశంపై సుప్రీం విచారణ,0.0,మహారాష్ట్ర అంశంపై సుప్రీం విచారణ,0.0,మహారాష్ట్ర అంశంపై సుప్రీం విచారణ,0.0,మహారాష్ట్ర అంశంపై సుప్రీం విచారణ
దీంతో ఆయనకు కోవిడ్ చికిత్సను అందించడానికి ముంబైలోని నానావతి ఆస్సత్రికి తరలించారు,0.0,దీంతో ఆయనకు కోవిడ్ చికిత్చను అందించడానికి ముంబైలోని నానావతి ఆస్నత్రికి తరలించారు,0.0,దీంతో ఆయనకు కోవిడ్ చికిత్చను అందించడానికి ముంబైలోని నానావతి ఆస్నత్రికి తరలించారు,0.0,దీంతో ఆయనకు కోవిడ్ చికిత్పను అందించడానికి ముంబైలోని నానావతి ఆస్నత్రికి తరలించారు,0.0,దీంతో ఆయనకు కోవిడ్ చికిత్వను అందించడానికి ముంబైలోని నానావతి ఆస్పత్రికి తరలించారు
సాధారణం కంటే,0.0,సాధారణం కంటే,0.0,సాధారణం కంటే,0.0,సాధారణం కంటే,0.0,సాధారణం కంటే
ఇది ఎంత విచిత్రం,0.0,ఇది ఎంత విచిత్రం,0.0,ఇది ఎంత విచిత్రం,0.0,ఇది ఎంత విచిత్రం,0.0,ఇది ఎంత విచిత్రం
అయితే ఆ సినిమా డిజాస్టర్ గా నిలిచింది,0.0,అయితే ఆ సినిమా డిజాస్టర్ గా నిలిచింది,0.0,అయితే ఆ సినిమా డిజాస్టర్ గా నిలిచింది,0.0,అయితే ఆ సినిమా డిజాస్టర్ గా నిలిచింది,0.0,అయితే ఆ సినిమా డిజాస్టర్ గా నిలిచింది
ఇతర రాష్ట్రాలతో పాటు ప్రత్యేకవాదం గురించి మాట్లాడుతున్న అదే ప్రాంతంలోనూ భవిష్యత్తులో ఈ సమస్య తలెత్తవచ్చు,0.0,ఇతర రాష్ట్రాలతో పాటు ప్రత్యేకవాదం గురించి మాట్ధాడుతున్వ అదే ప్రాంతంలోనూ భవిష్యత్లులో ఈ సమస్య తలెత్లవచ్సు,0.0,ఇతర రాష్ట్రాలతో పాటు ప్రత్యేకవాదం గురించి మాట్ధాడుతున్ప అదే ప్రాంతంలోనూ భవిష్యత్లులో ఈ సమస్య తలెత్లవచ్వు,0.0,ఇతర రాష్ట్రాలతో పాటు ప్రత్యేకవాదం గురించి మాట్తాడుతున్ప అదే ప్రాంతంలోనూ భవిష్యత్లులో ఈ సమస్య తలెత్లవచ్సు,0.0,ఇతర రాష్ట్రాలతో పాటు ప్రత్యేకవాదం గురించి మాట్తాడుతున్వ అదే ప్రాంతంలోనూ భవిష్యత్లులో ఈ సమస్య తలెత్లవచ్సు
ఆయన మాటలను విన్న ఆయన కూతురు ఆ వ్యాపార క్షేత్రంలో సాక్ష్యమిస్తున్న సాక్షికి ఆ విషయాన్ని తెలియజేసింది,0.0,ఆయన మాటలను విన్ప ఆయన కూతురు ఆ వ్యాపార క్షేత్రంలో సాక్ష్యమిస్లున్వ సాక్షికి ఆ విషయాన్పి తెలియజేసింది,0.0,ఆయన మాటలను విన్ప ఆయన కూతురు ఆ వ్యాపార క్షేత్రంలో సాక్ష్యమిస్లున్వ సాక్షికి ఆ విషయాన్వి తెలియజేసింది,0.0,ఆయన మాటలను విన్ప ఆయన కూతురు ఆ వ్యాపార క్షేత్రంలో సాక్ష్యమిస్లున్వ సాక్షికి ఆ విషయాన్వి తెలియజేసింది,0.0,ఆయన మాటలను విన్వ ఆయన కూతురు ఆ వ్యాపార క్షేత్రంలో సాక్ష్యమిస్లున్ప సాక్షికి ఆ విషయాన్వి తెలియజేసింది
ఈ సినిమా అన్ని వర్గాలను విపరీతంగా ఆకట్టుకుంది,0.0,ఈ సినిమా అన్వి వర్ఠాలను విపరీతంగా ఆకట్టుకుంది,0.0,ఈ సినిమా అన్వి వర్లాలను విపరీతంగా ఆకట్టుకుంది,0.0,ఈ సినిమా అన్వి వర్ఠాలను విపరీతంగా ఆకట్టుకుంది,0.0,ఈ సినిమా అన్పి వర్ఠాలను విపరీతంగా ఆకట్టుకుంది
ఈ రెండు శిక్షలను ఏకకాలంలో అనుభవించాలని కోర్టు స్పష్టం చేసింది,0.0,ఈ రెండు శిక్షలను ఏకకాలంలో అనుభవించాలని కోర్టు స్యష్టం చేసింది,0.0,ఈ రెండు శిక్షలను ఏకకాలంలో అనుభవించాలని కోర్టు స్సష్టం చేసింది,0.0,ఈ రెండు శిక్షలను ఏకకాలంలో అనుభవించాలని కోర్టు స్వష్టం చేసింది,0.0,ఈ రెండు శిక్షలను ఏకకాలంలో అనుభవించాలని కోర్టు స్నష్టం చేసింది
అనంతరం ఆమె ఆత్మహత్యకు పాల్పడింది,0.0,అనంతరం ఆమె ఆత్శహత్యకు పాల్వడింది,0.0,అనంతరం ఆమె ఆత్శహత్యకు పాల్నడింది,0.0,అనంతరం ఆమె ఆత్శహత్యకు పాల్వడింది,0.0,అనంతరం ఆమె ఆత్శహత్యకు పాల్సడింది
మరోసారి వాయిదా పడిన రెనో ట్రైబర్ టర్బో వేరియంట్ విడుదల వివరాలు,0.0,మరోసారి వాయిదా పడిన రెనో ట్రైబర్ టర్బో వేరియంట్ విడుదల వివరాలు,0.0,మరోసారి వాయిదా పడిన రెనో ట్రైబర్ టర్బో వేరియంట్ విడుదల వివరాలు,0.0,మరోసారి వాయిదా పడిన రెనో ట్రైబర్ టర్బో వేరియంట్ విడుదల వివరాలు,0.0,మరోసారి వాయిదా పడిన రెనో ట్రైబర్ టర్బో వేరియంట్ విడుదల వివరాలు
తాజాగా ఈ చిత్రం షూటింగ్ రామోజీ ఫిల్మ్ సిటీలో సాగుతోంది,0.0,తాజాగా ఈ చిత్రం షూటింగ్ రామోజీ ఫిల్శ్ సిటీలో సాగుతోంది,0.0,తాజాగా ఈ చిత్రం షూటింగ్ రామోజీ ఫిల్శ్ సిటీలో సాగుతోంది,0.0,తాజాగా ఈ చిత్రం షూటింగ్ రామోజీ ఫిల్శ్ సిటీలో సాగుతోంది,0.0,తాజాగా ఈ చిత్రం షూటింగ్ రామోజీ ఫిల్శ్ సిటీలో సాగుతోంది
రావు రమేశ్ పోసాని కృష్ణమురళి సుబ్బరాజులు తనికెళ్ళ భరణి రవి ప్రకాష్ కరణ్ తదితరులు ఈ సినిమాలో ప్రధాన పాత్రలు పోషిస్తున్నారు,0.0,రావు రమేశ్ పోసాని కృష్ణమురళి సుబ్బరాజులు తనికెళ్ళ భరణి రవి ప్రకాష్ కరణ్ తదితరులు ఈ సినిమాలో ప్రధాన పాత్రలు పోషిస్లున్పారు,0.0,రావు రమేశ్ పోసాని కృష్ణమురళి సుబ్బరాజులు తనికెళ్ళ భరణి రవి ప్రకాష్ కరణ్ తదితరులు ఈ సినిమాలో ప్రధాన పాత్రలు పోషిస్లున్వారు,0.0,రావు రమేశ్ పోసాని కృష్ణమురళి సుబ్బరాజులు తనికెళ్ళ భరణి రవి ప్రకాష్ కరణ్ తదితరులు ఈ సినిమాలో ప్రధాన పాత్రలు పోషిస్లున్వారు,0.0,రావు రమేశ్ పోసాని కృష్ణమురళి సుబ్బరాజులు తనికెళ్ళ భరణి రవి ప్రకాష్ కరణ్ తదితరులు ఈ సినిమాలో ప్రధాన పాత్రలు పోషిస్లున్పారు
ఈ నెలాఖరున చిత్రాన్ని విడుదల చేయడానికి సన్నాహాలు చేస్తున్నాం,0.0,ఈ నెలాఖరున చిత్రాన్వి విడుదల చేయడానికి సన్వాహాలు చేస్లున్వాం,0.0,ఈ నెలాఖరున చిత్రాన్వి విడుదల చేయడానికి సన్వాహాలు చేస్లున్పాం,0.0,ఈ నెలాఖరున చిత్రాన్వి విడుదల చేయడానికి సన్పాహాలు చేస్లున్పాం,0.0,ఈ నెలాఖరున చిత్రాన్పి విడుదల చేయడానికి సన్వాహాలు చేస్లున్పాం
అని షా ట్విట్టర్ లో పోస్ట్ పెట్టారు,0.0,అని షా ట్చిట్టర్ లో పోస్ట్ పెట్టారు,0.0,అని షా ట్పిట్టర్ లో పోస్ట్ పెట్టారు,0.0,అని షా ట్సిట్టర్ లో పోస్ట్ పెట్టారు,0.0,అని షా ట్పిట్టర్ లో పోస్ట్ పెట్టారు
లక్షల నుంచి రూ,0.0,లక్షల నుంచి రూ,0.0,లక్షల నుంచి రూ,0.0,లక్షల నుంచి రూ,0.0,లక్షల నుంచి రూ
అది నిరంతరం ప్రవహిస్తుంటుంది,0.0,అది నిరంతరం ప్రవహిస్లుంటుంది,0.0,అది నిరంతరం ప్రవహిస్లుంటుంది,0.0,అది నిరంతరం ప్రవహిస్లుంటుంది,0.0,అది నిరంతరం ప్రవహిస్లుంటుంది
సమాచారం అందుకున్న అగ్నిమాపకశాఖ అధికారులు సంఘటనా స్థలానికి చేరుకుని సహాయక చర్యలు చేపట్టారు,0.0,సమాచారం అందుకున్వ అగ్విమాపకశాఖ అధికారులు సంఘటనా స్థలానికి చేరుకుని సహాయక చర్యలు చేపట్టారు,0.0,సమాచారం అందుకున్ప అగ్విమాపకశాఖ అధికారులు సంఘటనా స్థలానికి చేరుకుని సహాయక చర్యలు చేపట్టారు,0.0,సమాచారం అందుకున్ప అగ్విమాపకశాఖ అధికారులు సంఘటనా స్థలానికి చేరుకుని సహాయక చర్యలు చేపట్టారు,0.0,సమాచారం అందుకున్ప అగ్విమాపకశాఖ అధికారులు సంఘటనా స్థలానికి చేరుకుని సహాయక చర్యలు చేపట్టారు
రంగు మరియు కూర్పు,0.0,రంగు మరియు కూర్యు,0.0,రంగు మరియు కూర్ను,0.0,రంగు మరియు కూర్వు,0.0,రంగు మరియు కూర్యు
లు వరకు గాముట్ పెంచుతాయి,0.0,లు వరకు గాముట్ పెంచుతాయి,0.0,లు వరకు గాముట్ పెంచుతాయి,0.0,లు వరకు గాముట్ పెంచుతాయి,0.0,లు వరకు గాముట్ పెంచుతాయి
ఆర్థికవిషయాల్లో జాగ్రత్త అవసరం,0.0,ఆర్థికవిషయాల్గో జాగ్రత్ల అవసరం,0.0,ఆర్థికవిషయాల్తో జాగ్రత్ల అవసరం,0.0,ఆర్థికవిషయాల్గో జాగ్రత్ల అవసరం,0.0,ఆర్థికవిషయాల్తో జాగ్రత్ల అవసరం
వెడ్డింగ్ కలెక్షన్స్,0.0,వెడ్దింగ్ కలెక్షన్ప్,0.0,వెడ్దింగ్ కలెక్షన్వ్,0.0,వెడ్దింగ్ కలెక్షన్వ్,0.0,వెడ్దింగ్ కలెక్షన్చ్
ఫలితంగా దుర్ఘటనల మీద దుర్ఘటనలు సంభవిస్తున్నాయి,0.0,ఫలితంగా దుర్ఘటనల మీద దుర్ఘటనలు సంభవిస్లున్పాయి,0.0,ఫలితంగా దుర్ఘటనల మీద దుర్ఘటనలు సంభవిస్లున్పాయి,0.0,ఫలితంగా దుర్ఘటనల మీద దుర్ఘటనలు సంభవిస్లున్పాయి,0.0,ఫలితంగా దుర్ఘటనల మీద దుర్ఘటనలు సంభవిస్లున్వాయి
నేనంతా కనుక్కుంటాను,0.0,నేనంతా కనుక్కుంటాను,0.0,నేనంతా కనుక్కుంటాను,0.0,నేనంతా కనుక్కుంటాను,0.0,నేనంతా కనుక్కుంటాను
పోస్టుమార్టం నిమిత్తం రాంసింగ్ మృతదేహాన్ని ఆసుపత్రికి తరలించారు,0.0,పోస్టుమార్టం నిమిత్లం రాంసింగ్ మృతదేహాన్వి ఆసుపత్రికి తరలించారు,0.0,పోస్టుమార్టం నిమిత్లం రాంసింగ్ మృతదేహాన్పి ఆసుపత్రికి తరలించారు,0.0,పోస్టుమార్టం నిమిత్లం రాంసింగ్ మృతదేహాన్వి ఆసుపత్రికి తరలించారు,0.0,పోస్టుమార్టం నిమిత్లం రాంసింగ్ మృతదేహాన్వి ఆసుపత్రికి తరలించారు
ఇది చాలా ఎమోషనల్ చాలా పెయిన్ ఫుల్,0.0,ఇది చాలా ఎమోషనల్ చాలా పెయిన్ ఫుల్,0.0,ఇది చాలా ఎమోషనల్ చాలా పెయిన్ ఫుల్,0.0,ఇది చాలా ఎమోషనల్ చాలా పెయిన్ ఫుల్,0.0,ఇది చాలా ఎమోషనల్ చాలా పెయిన్ ఫుల్
అప్పటికే బస్సు పూర్తిగా దగ్ధమైంది,0.0,అప్సటికే బస్ను పూర్లిగా దగ్డమైంది,0.0,అప్సటికే బస్పు పూర్లిగా దగ్డమైంది,0.0,అప్యటికే బస్వు పూర్లిగా దగ్లమైంది,0.0,అప్నటికే బస్ను పూర్లిగా దగ్గమైంది
అన్ని కలిసి,0.0,అన్పి కలిసి,0.0,అన్పి కలిసి,0.0,అన్వి కలిసి,0.0,అన్వి కలిసి
క్రైమ్ నేపథ్యంలో,0.0,క్రైమ్ నేపథ్యంలో,0.0,క్రైమ్ నేపథ్యంలో,0.0,క్రైమ్ నేపథ్యంలో,0.0,క్రైమ్ నేపథ్యంలో
బ్యాంక్ ఆఫ్ బరోడా ఎన్సిడిల ద్వారా రూ,0.0,బ్యాంక్ ఆఫ్ బరోడా ఎన్విడిల ద్యారా రూ,0.0,బ్యాంక్ ఆఫ్ బరోడా ఎన్విడిల ద్చారా రూ,0.0,బ్యాంక్ ఆఫ్ బరోడా ఎన్పిడిల ద్నారా రూ,0.0,బ్యాంక్ ఆఫ్ బరోడా ఎన్విడిల ద్చారా రూ
పబ్బర్ నదీ జన్మస్థామైన చంద్ర నహన్ సరస్సు సముద్ర మట్టానికి మీటర్ల ఎత్తులో ఉన్న ఒక ప్రసిద్ధ దర్శనీయ స్థలము,0.0,పబ్బర్ నదీ జన్శస్థామైన చంద్ర నహన్ సరస్పు సముద్ర మట్టానికి మీటర్త ఎత్లులో ఉన్ప ఒక ప్రసిద్ల దర్మనీయ స్థలము,0.0,పబ్బర్ నదీ జన్శస్థామైన చంద్ర నహన్ సరస్పు సముద్ర మట్టానికి మీటర్ధ ఎత్లులో ఉన్ప ఒక ప్రసిద్డ దర్మనీయ స్థలము,0.0,పబ్బర్ నదీ జన్శస్థామైన చంద్ర నహన్ సరస్ను సముద్ర మట్టానికి మీటర్త ఎత్లులో ఉన్ప ఒక ప్రసిద్డ దర్మనీయ స్థలము,0.0,పబ్బర్ నదీ జన్శస్థామైన చంద్ర నహన్ సరస్పు సముద్ర మట్టానికి మీటర్గ ఎత్లులో ఉన్ప ఒక ప్రసిద్ల దర్మనీయ స్థలము
ఈ బిల్లును ఆమోదిస్తూ అధ్యక్షుడు డొనాల్డ్ ట్రంప్ సంతకం చేస్తే చట్టం అవుతుంది,0.0,ఈ బిల్ధును ఆమోదిస్లూ అధ్యక్షుడు డొనాల్ధ్ ట్రంప్ సంతకం చేస్లే చట్టం అవుతుంది,0.0,ఈ బిల్తును ఆమోదిస్లూ అధ్యక్షుడు డొనాల్ధ్ ట్రంప్ సంతకం చేస్లే చట్టం అవుతుంది,0.0,ఈ బిల్ధును ఆమోదిస్లూ అధ్యక్షుడు డొనాల్ద్ ట్రంప్ సంతకం చేస్లే చట్టం అవుతుంది,0.0,ఈ బిల్గును ఆమోదిస్లూ అధ్యక్షుడు డొనాల్ద్ ట్రంప్ సంతకం చేస్లే చట్టం అవుతుంది
అనంతరం కొంతకాలం సహజీవనం చేసిన పెళ్లి చేసుకున్నారు,0.0,అనంతరం కొంతకాలం సహజీవనం చేసిన పెళ్తి చేసుకున్వారు,0.0,అనంతరం కొంతకాలం సహజీవనం చేసిన పెళ్గి చేసుకున్పారు,0.0,అనంతరం కొంతకాలం సహజీవనం చేసిన పెళ్తి చేసుకున్వారు,0.0,అనంతరం కొంతకాలం సహజీవనం చేసిన పెళ్ధి చేసుకున్వారు
బాలసంతు వారు శైవులుతెల్లవారు ఝామున గంట వాయిస్తూ ఇంటింటికి వచ్చి ఇంటి యజమాని విన్నా వినకపోయినా జోస్యం చెప్పి వెళతారు,0.0,బాలసంతు వారు శైవులుతెల్తవారు ఝామున గంట వాయిస్లూ ఇంటింటికి వచ్సి ఇంటి యజమాని విన్పా వినకపోయినా జోస్యం చెప్ని వెళతారు,0.0,బాలసంతు వారు శైవులుతెల్తవారు ఝామున గంట వాయిస్లూ ఇంటింటికి వచ్వి ఇంటి యజమాని విన్వా వినకపోయినా జోస్యం చెప్యి వెళతారు,0.0,బాలసంతు వారు శైవులుతెల్తవారు ఝామున గంట వాయిస్లూ ఇంటింటికి వచ్వి ఇంటి యజమాని విన్వా వినకపోయినా జోస్యం చెప్సి వెళతారు,0.0,బాలసంతు వారు శైవులుతెల్ధవారు ఝామున గంట వాయిస్లూ ఇంటింటికి వచ్సి ఇంటి యజమాని విన్వా వినకపోయినా జోస్యం చెప్యి వెళతారు
అయితే కాసేపటి తర్వాతే ఆ ట్వీట్ ను డిలీట్ చేశాడు,0.0,అయితే కాసేపటి తర్యాతే ఆ ట్పీట్ ను డిలీట్ చేశాడు,0.0,అయితే కాసేపటి తర్యాతే ఆ ట్నీట్ ను డిలీట్ చేశాడు,0.0,అయితే కాసేపటి తర్నాతే ఆ ట్సీట్ ను డిలీట్ చేశాడు,0.0,అయితే కాసేపటి తర్పాతే ఆ ట్యీట్ ను డిలీట్ చేశాడు
ఇందేంటి ఛండాలం,0.0,ఇందేంటి ఛండాలం,0.0,ఇందేంటి ఛండాలం,0.0,ఇందేంటి ఛండాలం,0.0,ఇందేంటి ఛండాలం
భార్యను బండరాయితో మోది హతమార్చిన భర్త,0.0,భార్యను బండరాయితో మోది హతమార్సిన భర్ల,0.0,భార్యను బండరాయితో మోది హతమార్సిన భర్ల,0.0,భార్యను బండరాయితో మోది హతమార్విన భర్ల,0.0,భార్యను బండరాయితో మోది హతమార్సిన భర్ల
అతడు వెర్రివాడికింద జమ,0.0,అతడు వెర్రివాడికింద జమ,0.0,అతడు వెర్రివాడికింద జమ,0.0,అతడు వెర్రివాడికింద జమ,0.0,అతడు వెర్రివాడికింద జమ
వరకట్న వేధింపులు హింస మరింతగా పెరుగుతాయి,0.0,వరకట్ప వేధింపులు హింస మరింతగా పెరుగుతాయి,0.0,వరకట్ప వేధింపులు హింస మరింతగా పెరుగుతాయి,0.0,వరకట్ప వేధింపులు హింస మరింతగా పెరుగుతాయి,0.0,వరకట్ప వేధింపులు హింస మరింతగా పెరుగుతాయి
కానీ ఇంతకీ ఆ సామాన్యుడు ఎలా మరణించాడు,0.0,కానీ ఇంతకీ ఆ సామాన్యుడు ఎలా మరణించాడు,0.0,కానీ ఇంతకీ ఆ సామాన్యుడు ఎలా మరణించాడు,0.0,కానీ ఇంతకీ ఆ సామాన్యుడు ఎలా మరణించాడు,0.0,కానీ ఇంతకీ ఆ సామాన్యుడు ఎలా మరణించాడు
కళ వర్సెస్ సైన్స్,0.0,కళ వర్వెస్ సైన్న్,0.0,కళ వర్చెస్ సైన్న్,0.0,కళ వర్నెస్ సైన్వ్,0.0,కళ వర్వెస్ సైన్న్
అమెరికా సంయుక్త రాష్ట్రాలు,0.0,అమెరికా సంయుక్ల రాష్ట్రాలు,0.0,అమెరికా సంయుక్ల రాష్ట్రాలు,0.0,అమెరికా సంయుక్ల రాష్ట్రాలు,0.0,అమెరికా సంయుక్ల రాష్ట్రాలు
బ్రియోచీ ఉడికించాలి ఎలా,0.0,బ్రియోచీ ఉడికించాలి ఎలా,0.0,బ్రియోచీ ఉడికించాలి ఎలా,0.0,బ్రియోచీ ఉడికించాలి ఎలా,0.0,బ్రియోచీ ఉడికించాలి ఎలా
మరి మీరు గుర్తు పట్టారా,0.0,మరి మీరు గుర్లు పట్టారా,0.0,మరి మీరు గుర్లు పట్టారా,0.0,మరి మీరు గుర్లు పట్టారా,0.0,మరి మీరు గుర్లు పట్టారా
బ్యాంకు దోపిడీ దొంగ అరెస్టు,0.0,బ్యాంకు దోపిడీ దొంగ అరెస్టు,0.0,బ్యాంకు దోపిడీ దొంగ అరెస్టు,0.0,బ్యాంకు దోపిడీ దొంగ అరెస్టు,0.0,బ్యాంకు దోపిడీ దొంగ అరెస్టు
వారు ఆ గాడిదపిల్లను యేసునొద్దకు తోలుకొని వచ్చి తమ బట్టలు దానిపై వేయగా ఆయన దానిమీద కూర్చుం డెను,0.0,వారు ఆ గాడిదపిల్గను యేసునొద్డకు తోలుకొని వచ్సి తమ బట్టలు దానిపై వేయగా ఆయన దానిమీద కూర్వుం డెను,0.0,వారు ఆ గాడిదపిల్ధను యేసునొద్ కు తోలుకొని వచ్వి తమ బట్టలు దానిపై వేయగా ఆయన దానిమీద కూర్సుం డెను,0.0,వారు ఆ గాడిదపిల్తను యేసునొద్డకు తోలుకొని వచ్వి తమ బట్టలు దానిపై వేయగా ఆయన దానిమీద కూర్సుం డెను,0.0,వారు ఆ గాడిదపిల్ధను యేసునొద్ధకు తోలుకొని వచ్సి తమ బట్టలు దానిపై వేయగా ఆయన దానిమీద కూర్వుం డెను
మరణించిన వారిలో ఇద్దరు చిన్నారులున్నారు,0.0,మరణించిన వారిలో ఇద్ధరు చిన్పారులున్వారు,0.0,మరణించిన వారిలో ఇద్డరు చిన్పారులున్పారు,0.0,మరణించిన వారిలో ఇద్ధరు చిన్పారులున్వారు,0.0,మరణించిన వారిలో ఇద్డరు చిన్పారులున్వారు
వేప చర్మాన్ని ఎక్స్ఫోలియేట్ చేసి చర్మాన్ని తేమగా ఉంచడంలో సహాయం చేస్తుంది,0.0,వేప చర్శాన్వి ఎక్చ్ఫోలియేట్ చేసి చర్శాన్పి తేమగా ఉంచడంలో సహాయం చేస్లుంది,0.0,వేప చర్శాన్పి ఎక్వ్ఫోలియేట్ చేసి చర్శాన్పి తేమగా ఉంచడంలో సహాయం చేస్లుంది,0.0,వేప చర్శాన్వి ఎక్వ్ఫోలియేట్ చేసి చర్శాన్పి తేమగా ఉంచడంలో సహాయం చేస్లుంది,0.0,వేప చర్శాన్వి ఎక్న్ఫోలియేట్ చేసి చర్శాన్వి తేమగా ఉంచడంలో సహాయం చేస్లుంది
కాగా శవపరీక్ష నిమిత్తం మృతదేహాలను స్థానిక ఆసుపత్రికి తరలించారు,0.0,కాగా శవపరీక్ష నిమిత్లం మృతదేహాలను స్థానిక ఆసుపత్రికి తరలించారు,0.0,కాగా శవపరీక్ష నిమిత్లం మృతదేహాలను స్థానిక ఆసుపత్రికి తరలించారు,0.0,కాగా శవపరీక్ష నిమిత్లం మృతదేహాలను స్థానిక ఆసుపత్రికి తరలించారు,0.0,కాగా శవపరీక్ష నిమిత్లం మృతదేహాలను స్థానిక ఆసుపత్రికి తరలించారు
ఆదిత్యా మ్యూజిక్ ఇండియా ప్రైవేట్ లిమిటెడ్ పతాకంపై ఉమేష్ గుప్తా సుభాష్ గుప్తా ఈ సినిమాను నిర్మించారు,0.0,ఆదిత్యా మ్యూజిక్ ఇండియా ప్రైవేట్ లిమిటెడ్ పతాకంపై ఉమేష్ గుప్లా సుభాష్ గుప్లా ఈ సినిమాను నిర్శించారు,0.0,ఆదిత్యా మ్యూజిక్ ఇండియా ప్రైవేట్ లిమిటెడ్ పతాకంపై ఉమేష్ గుప్లా సుభాష్ గుప్లా ఈ సినిమాను నిర్శించారు,0.0,ఆదిత్యా మ్యూజిక్ ఇండియా ప్రైవేట్ లిమిటెడ్ పతాకంపై ఉమేష్ గుప్లా సుభాష్ గుప్లా ఈ సినిమాను నిర్శించారు,0.0,ఆదిత్యా మ్యూజిక్ ఇండియా ప్రైవేట్ లిమిటెడ్ పతాకంపై ఉమేష్ గుప్లా సుభాష్ గుప్లా ఈ సినిమాను నిర్శించారు
హిమాచల్ ప్రదేశ్ గుజరాత్ ఎన్నికలు త్వరలో జరగనున్నాయి,0.0,హిమాచల్ ప్రదేశ్ గుజరాత్ ఎన్వికలు త్చరలో జరగనున్వాయి,0.0,హిమాచల్ ప్రదేశ్ గుజరాత్ ఎన్పికలు త్సరలో జరగనున్వాయి,0.0,హిమాచల్ ప్రదేశ్ గుజరాత్ ఎన్వికలు త్నరలో జరగనున్పాయి,0.0,హిమాచల్ ప్రదేశ్ గుజరాత్ ఎన్వికలు త్పరలో జరగనున్వాయి
అయితే ఇక్కడో చిన్న మెలిక ఉంది,0.0,అయితే ఇక్కడో చిన్ప మెలిక ఉంది,0.0,అయితే ఇక్కడో చిన్ప మెలిక ఉంది,0.0,అయితే ఇక్కడో చిన్వ మెలిక ఉంది,0.0,అయితే ఇక్కడో చిన్వ మెలిక ఉంది
ఉత్తమ షార్ట్ ఫిల్మ్ పీపుల్స్ ఛాయిస్ అవార్డ్ అనాహత్,0.0,ఉత్లమ షార్ట్ ఫిల్శ్ పీపుల్ప్ ఛాయిస్ అవార్ద్ అనాహత్,0.0,ఉత్లమ షార్ట్ ఫిల్శ్ పీపుల్చ్ ఛాయిస్ అవార్ధ్ అనాహత్,0.0,ఉత్లమ షార్ట్ ఫిల్శ్ పీపుల్ప్ ఛాయిస్ అవార్ధ్ అనాహత్,0.0,ఉత్లమ షార్ట్ ఫిల్శ్ పీపుల్వ్ ఛాయిస్ అవార్ద్ అనాహత్
ఉమ్మడి ఆంధ్రప్రదేశ్లోనూ అది జరిగింది,0.0,ఉమ్శడి ఆంధ్రప్రదేశ్గోనూ అది జరిగింది,0.0,ఉమ్శడి ఆంధ్రప్రదేశ్గోనూ అది జరిగింది,0.0,ఉమ్శడి ఆంధ్రప్రదేశ్తోనూ అది జరిగింది,0.0,ఉమ్శడి ఆంధ్రప్రదేశ్ధోనూ అది జరిగింది
ఇంగ్లాండ్ ఆస్ట్రేలియా యాషెస్ సిరీస్,0.0,ఇంగ్తాండ్ ఆస్ట్రేలియా యాషెస్ సిరీస్,0.0,ఇంగ్తాండ్ ఆస్ట్రేలియా యాషెస్ సిరీస్,0.0,ఇంగ్తాండ్ ఆస్ట్రేలియా యాషెస్ సిరీస్,0.0,ఇంగ్ధాండ్ ఆస్ట్రేలియా యాషెస్ సిరీస్
ఎస్బీఐ ఉద్యోగులు సమ్మెలో పాల్గొనడం లేదని సేవలు యధావిధిగా కొనసాగుతాయని ఎస్బీఐ యూనియన్ లీడర్ తెలిపారు,0.0,ఎస్బీఐ ఉద్యోగులు సమ్శెలో పాల్ధొనడం లేదని సేవలు యధావిధిగా కొనసాగుతాయని ఎస్బీఐ యూనియన్ లీడర్ తెలిపారు,0.0,ఎస్బీఐ ఉద్యోగులు సమ్శెలో పాల్ఠొనడం లేదని సేవలు యధావిధిగా కొనసాగుతాయని ఎస్బీఐ యూనియన్ లీడర్ తెలిపారు,0.0,ఎస్బీఐ ఉద్యోగులు సమ్శెలో పాల్ధొనడం లేదని సేవలు యధావిధిగా కొనసాగుతాయని ఎస్బీఐ యూనియన్ లీడర్ తెలిపారు,0.0,ఎస్బీఐ ఉద్యోగులు సమ్శెలో పాల్లొనడం లేదని సేవలు యధావిధిగా కొనసాగుతాయని ఎస్బీఐ యూనియన్ లీడర్ తెలిపారు
లక్షలు వరకు ఉంటుంది,0.0,లక్షలు వరకు ఉంటుంది,0.0,లక్షలు వరకు ఉంటుంది,0.0,లక్షలు వరకు ఉంటుంది,0.0,లక్షలు వరకు ఉంటుంది
అందులో నీకు వచ్చింది ఏం ఉంది,0.0,అందులో నీకు వచ్వింది ఏం ఉంది,0.0,అందులో నీకు వచ్వింది ఏం ఉంది,0.0,అందులో నీకు వచ్సింది ఏం ఉంది,0.0,అందులో నీకు వచ్వింది ఏం ఉంది
అసెంబ్లీలో కాంగ్రెస్ పార్టీకి మంది సభ్యులున్నారు,0.0,అసెంబ్గీలో కాంగ్రెస్ పార్టీకి మంది సభ్యులున్వారు,0.0,అసెంబ్గీలో కాంగ్రెస్ పార్టీకి మంది సభ్యులున్పారు,0.0,అసెంబ్ధీలో కాంగ్రెస్ పార్టీకి మంది సభ్యులున్పారు,0.0,అసెంబ్తీలో కాంగ్రెస్ పార్టీకి మంది సభ్యులున్పారు
నమ్మకం పోయింది,0.0,నమ్శకం పోయింది,0.0,నమ్శకం పోయింది,0.0,నమ్శకం పోయింది,0.0,నమ్శకం పోయింది
దీనికి సంబందించిన వీడియోను తన యూట్యూబ్ లో షేర్ చేసారు,0.0,దీనికి సంబందించిన వీడియోను తన యూట్యూబ్ లో షేర్ చేసారు,0.0,దీనికి సంబందించిన వీడియోను తన యూట్యూబ్ లో షేర్ చేసారు,0.0,దీనికి సంబందించిన వీడియోను తన యూట్యూబ్ లో షేర్ చేసారు,0.0,దీనికి సంబందించిన వీడియోను తన యూట్యూబ్ లో షేర్ చేసారు
సమయం వృథా చేసుకోదలచుకోలేదు,0.0,సమయం వృథా చేసుకోదలచుకోలేదు,0.0,సమయం వృథా చేసుకోదలచుకోలేదు,0.0,సమయం వృథా చేసుకోదలచుకోలేదు,0.0,సమయం వృథా చేసుకోదలచుకోలేదు
నేను అలా వెళ్ళిపోను,0.0,నేను అలా వెళ్ళిపోను,0.0,నేను అలా వెళ్ళిపోను,0.0,నేను అలా వెళ్ళిపోను,0.0,నేను అలా వెళ్ళిపోను
ఇబ్సాను చనిపోయి బేత్లెహేములో పాతిపెట్టబడెను,0.0,ఇబ్చాను చనిపోయి బేత్ధెహేములో పాతిపెట్టబడెను,0.0,ఇబ్వాను చనిపోయి బేత్తెహేములో పాతిపెట్టబడెను,0.0,ఇబ్చాను చనిపోయి బేత్ధెహేములో పాతిపెట్టబడెను,0.0,ఇబ్పాను చనిపోయి బేత్గెహేములో పాతిపెట్టబడెను
అటువంటి పరిస్ధితులేమిటో పరిశీలించండి,0.0,అటువంటి పరిస్లితులేమిటో పరిశీలించండి,0.0,అటువంటి పరిస్గితులేమిటో పరిశీలించండి,0.0,అటువంటి పరిస్డితులేమిటో పరిశీలించండి,0.0,అటువంటి పరిస్లితులేమిటో పరిశీలించండి
అనంతరం ఓవర్లలో కేవలం రెండు వికెట్లు మాత్రమే కోల్పోయి న్యూజిలాండ్ లక్ష్యాన్ని ఛేదించింది,0.0,అనంతరం ఓవర్గలో కేవలం రెండు వికెట్తు మాత్రమే కోల్నోయి న్యూజిలాండ్ లక్ష్యాన్వి ఛేదించింది,0.0,అనంతరం ఓవర్తలో కేవలం రెండు వికెట్ధు మాత్రమే కోల్యోయి న్యూజిలాండ్ లక్ష్యాన్పి ఛేదించింది,0.0,అనంతరం ఓవర్గలో కేవలం రెండు వికెట్గు మాత్రమే కోల్సోయి న్యూజిలాండ్ లక్ష్యాన్వి ఛేదించింది,0.0,అనంతరం ఓవర్తలో కేవలం రెండు వికెట్ధు మాత్రమే కోల్వోయి న్యూజిలాండ్ లక్ష్యాన్పి ఛేదించింది
బస్సు ఇంజిన్లో మంటలు చెలరేగడాన్ని గమనించిన డ్రైవర్ అప్రమత్తమై విద్యార్థులను బస్సు నుంచి కిందికి దించేశాడు,0.0,బస్ను ఇంజిన్గో మంటలు చెలరేగడాన్పి గమనించిన డ్రైవర్ అప్రమత్లమై విద్యార్థులను బస్వు నుంచి కిందికి దించేశాడు,0.0,బస్వు ఇంజిన్గో మంటలు చెలరేగడాన్వి గమనించిన డ్రైవర్ అప్రమత్లమై విద్యార్థులను బస్వు నుంచి కిందికి దించేశాడు,0.0,బస్ను ఇంజిన్గో మంటలు చెలరేగడాన్వి గమనించిన డ్రైవర్ అప్రమత్లమై విద్యార్థులను బస్చు నుంచి కిందికి దించేశాడు,0.0,బస్వు ఇంజిన్తో మంటలు చెలరేగడాన్పి గమనించిన డ్రైవర్ అప్రమత్లమై విద్యార్థులను బస్వు నుంచి కిందికి దించేశాడు
మీ తండ్రిని మహిమపరుస్తారు మత్త,0.0,మీ తండ్రిని మహిమపరుస్లారు మత్ల,0.0,మీ తండ్రిని మహిమపరుస్లారు మత్ల,0.0,మీ తండ్రిని మహిమపరుస్లారు మత్ల,0.0,మీ తండ్రిని మహిమపరుస్లారు మత్ల
కానీ ఈ వార్తలో ఎలాంటి వాస్తవం లేదట,0.0,కానీ ఈ వార్లలో ఎలాంటి వాస్లవం లేదట,0.0,కానీ ఈ వార్లలో ఎలాంటి వాస్లవం లేదట,0.0,కానీ ఈ వార్లలో ఎలాంటి వాస్లవం లేదట,0.0,కానీ ఈ వార్లలో ఎలాంటి వాస్లవం లేదట
మరియు బాధాకరమైన,0.0,మరియు బాధాకరమైన,0.0,మరియు బాధాకరమైన,0.0,మరియు బాధాకరమైన,0.0,మరియు బాధాకరమైన
మొదటి ప్రాధాన్యాంశం వ్యవసాయం సాగునీరు గ్రామీణాభివృద్ధి,0.0,మొదటి ప్రాధాన్యాంశం వ్యవసాయం సాగునీరు గ్రామీణాభివృద్గి,0.0,మొదటి ప్రాధాన్యాంశం వ్యవసాయం సాగునీరు గ్రామీణాభివృద్గి,0.0,మొదటి ప్రాధాన్యాంశం వ్యవసాయం సాగునీరు గ్రామీణాభివృద్లి,0.0,మొదటి ప్రాధాన్యాంశం వ్యవసాయం సాగునీరు గ్రామీణాభివృద్గి
అవును గుర్తుంది,0.0,అవును గుర్లుంది,0.0,అవును గుర్లుంది,0.0,అవును గుర్లుంది,0.0,అవును గుర్లుంది
భారతీయ ప్రజలకు స్వాతంత్ర్య దినోత్సవ శుభాకాంక్షలు,0.0,భారతీయ ప్రజలకు స్పాతంత్ర్య దినోత్పవ శుభాకాంక్షలు,0.0,భారతీయ ప్రజలకు స్యాతంత్ర్య దినోత్చవ శుభాకాంక్షలు,0.0,భారతీయ ప్రజలకు స్నాతంత్ర్య దినోత్నవ శుభాకాంక్షలు,0.0,భారతీయ ప్రజలకు స్నాతంత్ర్య దినోత్వవ శుభాకాంక్షలు
నేను అంతకు ముందు ఎన్నడూ భావించలేదు,0.0,నేను అంతకు ముందు ఎన్పడూ భావించలేదు,0.0,నేను అంతకు ముందు ఎన్పడూ భావించలేదు,0.0,నేను అంతకు ముందు ఎన్పడూ భావించలేదు,0.0,నేను అంతకు ముందు ఎన్వడూ భావించలేదు
బాగా ఎంజాయ్ చేశాను,0.0,బాగా ఎంజాయ్ చేశాను,0.0,బాగా ఎంజాయ్ చేశాను,0.0,బాగా ఎంజాయ్ చేశాను,0.0,బాగా ఎంజాయ్ చేశాను
కానీ అప్పటికే ఆయనకు జరగాల్సిన నష్టం జరిగిపోయింది,0.0,కానీ అప్వటికే ఆయనకు జరగాల్నిన నష్టం జరిగిపోయింది,0.0,కానీ అప్నటికే ఆయనకు జరగాల్విన నష్టం జరిగిపోయింది,0.0,కానీ అప్యటికే ఆయనకు జరగాల్చిన నష్టం జరిగిపోయింది,0.0,కానీ అప్సటికే ఆయనకు జరగాల్నిన నష్టం జరిగిపోయింది
చుక్కలు చూపిస్తున్న శ్రీ రెడ్డి,0.0,చుక్కలు చూపిస్లున్వ శ్రీ రెడ్ది,0.0,చుక్కలు చూపిస్లున్వ శ్రీ రెడ్ధి,0.0,చుక్కలు చూపిస్లున్వ శ్రీ రెడ్ధి,0.0,చుక్కలు చూపిస్లున్వ శ్రీ రెడ్ది
ఈ ప్రతిపాదనకు తెలంగాణ ప్రభుత్వం ఆమోదం తెలిపింది,0.0,ఈ ప్రతిపాదనకు తెలంగాణ ప్రభుత్యం ఆమోదం తెలిపింది,0.0,ఈ ప్రతిపాదనకు తెలంగాణ ప్రభుత్పం ఆమోదం తెలిపింది,0.0,ఈ ప్రతిపాదనకు తెలంగాణ ప్రభుత్నం ఆమోదం తెలిపింది,0.0,ఈ ప్రతిపాదనకు తెలంగాణ ప్రభుత్పం ఆమోదం తెలిపింది
దీంతో అతడిని అరెస్ట్ రిమాండ్కు తరలించారు,0.0,దీంతో అతడిని అరెస్ట్ రిమాండ్కు తరలించారు,0.0,దీంతో అతడిని అరెస్ట్ రిమాండ్కు తరలించారు,0.0,దీంతో అతడిని అరెస్ట్ రిమాండ్కు తరలించారు,0.0,దీంతో అతడిని అరెస్ట్ రిమాండ్కు తరలించారు
భగవంతుని అచంచల భక్తి విశ్వాసాలతో ఆరాధించేవాడు గుణాతీతుడై బ్రహ్మ పదాన్ని పొందడానికి అర్హుడౌతాడు,0.0,భగవంతుని అచంచల భక్లి విశ్సాసాలతో ఆరాధించేవాడు గుణాతీతుడై బ్రహ్శ పదాన్వి పొందడానికి అర్హుడౌతాడు,0.0,భగవంతుని అచంచల భక్లి విశ్చాసాలతో ఆరాధించేవాడు గుణాతీతుడై బ్రహ్శ పదాన్వి పొందడానికి అర్హుడౌతాడు,0.0,భగవంతుని అచంచల భక్లి విశ్పాసాలతో ఆరాధించేవాడు గుణాతీతుడై బ్రహ్శ పదాన్వి పొందడానికి అర్హుడౌతాడు,0.0,భగవంతుని అచంచల భక్లి విశ్నాసాలతో ఆరాధించేవాడు గుణాతీతుడై బ్రహ్శ పదాన్వి పొందడానికి అర్హుడౌతాడు
అయితే ఈ ప్లాన్కు సంబంధించిన వివరాలు ఇంకా వెల్లడించలేదు,0.0,అయితే ఈ ప్గాన్కు సంబంధించిన వివరాలు ఇంకా వెల్ధడించలేదు,0.0,అయితే ఈ ప్గాన్కు సంబంధించిన వివరాలు ఇంకా వెల్గడించలేదు,0.0,అయితే ఈ ప్తాన్కు సంబంధించిన వివరాలు ఇంకా వెల్గడించలేదు,0.0,అయితే ఈ ప్గాన్కు సంబంధించిన వివరాలు ఇంకా వెల్తడించలేదు
లా అర్హత లేదని,0.0,లా అర్హత లేదని,0.0,లా అర్హత లేదని,0.0,లా అర్హత లేదని,0.0,లా అర్హత లేదని
సర్వాధిపతిగా పరిపాలించేందుకు ఒక పరిపాలకునికి పరిపాలించబడే ప్రజలుండాలి,0.0,సర్సాధిపతిగా పరిపాలించేందుకు ఒక పరిపాలకునికి పరిపాలించబడే ప్రజలుండాలి,0.0,సర్నాధిపతిగా పరిపాలించేందుకు ఒక పరిపాలకునికి పరిపాలించబడే ప్రజలుండాలి,0.0,సర్నాధిపతిగా పరిపాలించేందుకు ఒక పరిపాలకునికి పరిపాలించబడే ప్రజలుండాలి,0.0,సర్సాధిపతిగా పరిపాలించేందుకు ఒక పరిపాలకునికి పరిపాలించబడే ప్రజలుండాలి
గర్భవతిని అంది,0.0,గర్భవతిని అంది,0.0,గర్భవతిని అంది,0.0,గర్భవతిని అంది,0.0,గర్భవతిని అంది
అది ఒక లుక్ విలువ,0.0,అది ఒక లుక్ విలువ,0.0,అది ఒక లుక్ విలువ,0.0,అది ఒక లుక్ విలువ,0.0,అది ఒక లుక్ విలువ
ఈ చిత్రానికి కార్తీక్ కొడకండ్ల సంగీతం సమకూరుస్తున్నారు,0.0,ఈ చిత్రానికి కార్లీక్ కొడకండ్గ సంగీతం సమకూరుస్లున్పారు,0.0,ఈ చిత్రానికి కార్లీక్ కొడకండ్ధ సంగీతం సమకూరుస్లున్వారు,0.0,ఈ చిత్రానికి కార్లీక్ కొడకండ్ధ సంగీతం సమకూరుస్లున్వారు,0.0,ఈ చిత్రానికి కార్లీక్ కొడకండ్ధ సంగీతం సమకూరుస్లున్వారు
కోట్ల పెట్టుబడులు వచ్చాయి,0.0,కోట్త పెట్టుబడులు వచ్వాయి,0.0,కోట్గ పెట్టుబడులు వచ్సాయి,0.0,కోట్గ పెట్టుబడులు వచ్సాయి,0.0,కోట్గ పెట్టుబడులు వచ్వాయి
స్వతంత్రించి నిర్ణయాలు తీసుకున్నదీ లేదు,0.0,స్వతంత్రించి నిర్ణయాలు తీసుకున్పదీ లేదు,0.0,స్వతంత్రించి నిర్ణయాలు తీసుకున్పదీ లేదు,0.0,స్వతంత్రించి నిర్ణయాలు తీసుకున్వదీ లేదు,0.0,స్వతంత్రించి నిర్ణయాలు తీసుకున్పదీ లేదు
అల్మోరా ఎస్సి నియోజకవర్గంలో బిజెపి అజయ్తంటా పోటీచేస్తుందే ప్రధాన కాంగ్రెస్ ప్రత్యర్ధి రాజ్యసభ ఎంపి ప్రదీప్ తంటాకు పోటీగా నిలిచారు,0.0,అల్శోరా ఎస్పి నియోజకవర్ఠంలో బిజెపి అజయ్లంటా పోటీచేస్లుందే ప్రధాన కాంగ్రెస్ ప్రత్యర్డి రాజ్యసభ ఎంపి ప్రదీప్ తంటాకు పోటీగా నిలిచారు,0.0,అల్శోరా ఎస్చి నియోజకవర్ఠంలో బిజెపి అజయ్లంటా పోటీచేస్లుందే ప్రధాన కాంగ్రెస్ ప్రత్యర్గి రాజ్యసభ ఎంపి ప్రదీప్ తంటాకు పోటీగా నిలిచారు,0.0,అల్శోరా ఎస్వి నియోజకవర్ఠంలో బిజెపి అజయ్లంటా పోటీచేస్లుందే ప్రధాన కాంగ్రెస్ ప్రత్యర్గి రాజ్యసభ ఎంపి ప్రదీప్ తంటాకు పోటీగా నిలిచారు,0.0,అల్శోరా ఎస్చి నియోజకవర్ధంలో బిజెపి అజయ్లంటా పోటీచేస్లుందే ప్రధాన కాంగ్రెస్ ప్రత్యర్ది రాజ్యసభ ఎంపి ప్రదీప్ తంటాకు పోటీగా నిలిచారు
ఇండస్ట్రీలో పెద్ద దూమారామే సృష్టించిన ఈ విషయం పై ఆరోపణలు ఎదురుకుంటున్న నానా పాటేకర్ తనుశ్రీ దత్త ఆరోపణలను ఖండించారు,0.0,ఇండస్ట్రీలో పెద్  దూమారామే సృష్టించిన ఈ విషయం పై ఆరోపణలు ఎదురుకుంటున్వ నానా పాటేకర్ తనుశ్రీ దత్ల ఆరోపణలను ఖండించారు,0.0,ఇండస్ట్రీలో పెద్డ దూమారామే సృష్టించిన ఈ విషయం పై ఆరోపణలు ఎదురుకుంటున్వ నానా పాటేకర్ తనుశ్రీ దత్ల ఆరోపణలను ఖండించారు,0.0,ఇండస్ట్రీలో పెద్  దూమారామే సృష్టించిన ఈ విషయం పై ఆరోపణలు ఎదురుకుంటున్వ నానా పాటేకర్ తనుశ్రీ దత్ల ఆరోపణలను ఖండించారు,0.0,ఇండస్ట్రీలో పెద్డ దూమారామే సృష్టించిన ఈ విషయం పై ఆరోపణలు ఎదురుకుంటున్వ నానా పాటేకర్ తనుశ్రీ దత్ల ఆరోపణలను ఖండించారు
టూ అధిక మద్యం ఉండకూడదు,0.0,టూ అధిక మద్యం ఉండకూడదు,0.0,టూ అధిక మద్యం ఉండకూడదు,0.0,టూ అధిక మద్యం ఉండకూడదు,0.0,టూ అధిక మద్యం ఉండకూడదు
భారత బాట్స్ మెన్స్,0.0,భారత బాట్చ్ మెన్న్,0.0,భారత బాట్వ్ మెన్న్,0.0,భారత బాట్వ్ మెన్న్,0.0,భారత బాట్న్ మెన్న్
న్యాయం జరగలేదు,0.0,న్యాయం జరగలేదు,0.0,న్యాయం జరగలేదు,0.0,న్యాయం జరగలేదు,0.0,న్యాయం జరగలేదు
యాక్టివ్ కేసులు వైద్య పర్యవేక్షణలో ఉండగా మరణాలు గా నమోదయ్యాయి,0.0,యాక్టివ్ కేసులు వైద్య పర్యవేక్షణలో ఉండగా మరణాలు గా నమోదయ్యాయి,0.0,యాక్టివ్ కేసులు వైద్య పర్యవేక్షణలో ఉండగా మరణాలు గా నమోదయ్యాయి,0.0,యాక్టివ్ కేసులు వైద్య పర్యవేక్షణలో ఉండగా మరణాలు గా నమోదయ్యాయి,0.0,యాక్టివ్ కేసులు వైద్య పర్యవేక్షణలో ఉండగా మరణాలు గా నమోదయ్యాయి
క్షతగాత్రులను సైనిక ఆస్పత్రికి తరలించి చికిత్స అందిస్తున్నామని తెలిపింది,0.0,క్షతగాత్రులను సైనిక ఆస్వత్రికి తరలించి చికిత్చ అందిస్లున్పామని తెలిపింది,0.0,క్షతగాత్రులను సైనిక ఆస్వత్రికి తరలించి చికిత్న అందిస్లున్పామని తెలిపింది,0.0,క్షతగాత్రులను సైనిక ఆస్వత్రికి తరలించి చికిత్న అందిస్లున్పామని తెలిపింది,0.0,క్షతగాత్రులను సైనిక ఆస్సత్రికి తరలించి చికిత్వ అందిస్లున్పామని తెలిపింది
మూలం దేశం,0.0,మూలం దేశం,0.0,మూలం దేశం,0.0,మూలం దేశం,0.0,మూలం దేశం
ప్రధాని నరేంద్ర మోడీ సైతం దాని గురించి ప్రస్తావించారు అని స్వప్న బర్మన్ చెప్పింది,0.0,ప్రధాని నరేంద్ర మోడీ సైతం దాని గురించి ప్రస్లావించారు అని స్యప్ప బర్శన్ చెప్సింది,0.0,ప్రధాని నరేంద్ర మోడీ సైతం దాని గురించి ప్రస్లావించారు అని స్పప్ప బర్శన్ చెప్యింది,0.0,ప్రధాని నరేంద్ర మోడీ సైతం దాని గురించి ప్రస్లావించారు అని స్చప్వ బర్శన్ చెప్వింది,0.0,ప్రధాని నరేంద్ర మోడీ సైతం దాని గురించి ప్రస్లావించారు అని స్యప్ప బర్శన్ చెప్యింది
మనకి కూడా ప్రయత్నించ బుద్ధి అవుతుంది,0.0,మనకి కూడా ప్రయత్పించ బుద్గి అవుతుంది,0.0,మనకి కూడా ప్రయత్పించ బుద్లి అవుతుంది,0.0,మనకి కూడా ప్రయత్వించ బుద్గి అవుతుంది,0.0,మనకి కూడా ప్రయత్వించ బుద్డి అవుతుంది
ప్రకాష్ రాజ్ క్యారెక్టర్ ఈ సినిమాకి హైలెట్ గా ఉంటుంది,0.0,ప్రకాష్ రాజ్ క్యారెక్టర్ ఈ సినిమాకి హైలెట్ గా ఉంటుంది,0.0,ప్రకాష్ రాజ్ క్యారెక్టర్ ఈ సినిమాకి హైలెట్ గా ఉంటుంది,0.0,ప్రకాష్ రాజ్ క్యారెక్టర్ ఈ సినిమాకి హైలెట్ గా ఉంటుంది,0.0,ప్రకాష్ రాజ్ క్యారెక్టర్ ఈ సినిమాకి హైలెట్ గా ఉంటుంది
ఓట్లు వేయకండి,0.0,ఓట్తు వేయకండి,0.0,ఓట్తు వేయకండి,0.0,ఓట్గు వేయకండి,0.0,ఓట్గు వేయకండి
ముఖ్యమంత్రిగా తానే కొనసాగుతానని స్పష్టం చేశారు,0.0,ముఖ్యమంత్రిగా తానే కొనసాగుతానని స్నష్టం చేశారు,0.0,ముఖ్యమంత్రిగా తానే కొనసాగుతానని స్సష్టం చేశారు,0.0,ముఖ్యమంత్రిగా తానే కొనసాగుతానని స్వష్టం చేశారు,0.0,ముఖ్యమంత్రిగా తానే కొనసాగుతానని స్నష్టం చేశారు
వివాహేతర సంబంధమే హత్యకు కారణమని తెలుస్తోంది,0.0,వివాహేతర సంబంధమే హత్యకు కారణమని తెలుస్లోంది,0.0,వివాహేతర సంబంధమే హత్యకు కారణమని తెలుస్లోంది,0.0,వివాహేతర సంబంధమే హత్యకు కారణమని తెలుస్లోంది,0.0,వివాహేతర సంబంధమే హత్యకు కారణమని తెలుస్లోంది
దీనికి సంబంధించిన ఫోటోలు సోషల్ మీడియాలో వైరల్ అయ్యాయి,0.0,దీనికి సంబంధించిన ఫోటోలు సోషల్ మీడియాలో వైరల్ అయ్యాయి,0.0,దీనికి సంబంధించిన ఫోటోలు సోషల్ మీడియాలో వైరల్ అయ్యాయి,0.0,దీనికి సంబంధించిన ఫోటోలు సోషల్ మీడియాలో వైరల్ అయ్యాయి,0.0,దీనికి సంబంధించిన ఫోటోలు సోషల్ మీడియాలో వైరల్ అయ్యాయి
శుభకరమైన రంగు పసుపు,0.0,శుభకరమైన రంగు పసుపు,0.0,శుభకరమైన రంగు పసుపు,0.0,శుభకరమైన రంగు పసుపు,0.0,శుభకరమైన రంగు పసుపు
వెంటనే ఘటనా స్థలానికి పోలీసులు చేరుకున్నారు,0.0,వెంటనే ఘటనా స్థలానికి పోలీసులు చేరుకున్వారు,0.0,వెంటనే ఘటనా స్థలానికి పోలీసులు చేరుకున్వారు,0.0,వెంటనే ఘటనా స్థలానికి పోలీసులు చేరుకున్వారు,0.0,వెంటనే ఘటనా స్థలానికి పోలీసులు చేరుకున్పారు
నడిచేటప్పుడు నకడపై ఫోకస్ పెట్టాలి,0.0,నడిచేటప్నుడు నకడపై ఫోకస్ పెట్టాలి,0.0,నడిచేటప్వుడు నకడపై ఫోకస్ పెట్టాలి,0.0,నడిచేటప్సుడు నకడపై ఫోకస్ పెట్టాలి,0.0,నడిచేటప్నుడు నకడపై ఫోకస్ పెట్టాలి
భూతాపం వలన ప్రపంచవ్యాప్తంగా అదనంగా మిలియన్ల మంది ముఖ్యంగా తక్కువ ఆదాయాలు ఉన్నవారు ఆకలితో అలమటించే ప్రమాదం ఉంది,0.0,భూతాపం వలన ప్రపంచవ్యాప్లంగా అదనంగా మిలియన్త మంది ముఖ్యంగా తక్కువ ఆదాయాలు ఉన్వవారు ఆకలితో అలమటించే ప్రమాదం ఉంది,0.0,భూతాపం వలన ప్రపంచవ్యాప్లంగా అదనంగా మిలియన్ధ మంది ముఖ్యంగా తక్కువ ఆదాయాలు ఉన్వవారు ఆకలితో అలమటించే ప్రమాదం ఉంది,0.0,భూతాపం వలన ప్రపంచవ్యాప్లంగా అదనంగా మిలియన్ధ మంది ముఖ్యంగా తక్కువ ఆదాయాలు ఉన్వవారు ఆకలితో అలమటించే ప్రమాదం ఉంది,0.0,భూతాపం వలన ప్రపంచవ్యాప్లంగా అదనంగా మిలియన్గ మంది ముఖ్యంగా తక్కువ ఆదాయాలు ఉన్పవారు ఆకలితో అలమటించే ప్రమాదం ఉంది
కంటైనర్ను ఢీకొన్న కారు ముగ్గురు మృతి,0.0,కంటైనర్వు ఢీకొన్వ కారు ముగ్ఠురు మృతి,0.0,కంటైనర్వు ఢీకొన్వ కారు ముగ్ఠురు మృతి,0.0,కంటైనర్పు ఢీకొన్వ కారు ముగ్లురు మృతి,0.0,కంటైనర్వు ఢీకొన్ప కారు ముగ్లురు మృతి
కోట్లు ఆఫర్ చేసింది,0.0,కోట్ధు ఆఫర్ చేసింది,0.0,కోట్గు ఆఫర్ చేసింది,0.0,కోట్ధు ఆఫర్ చేసింది,0.0,కోట్తు ఆఫర్ చేసింది
ఈమూవీకి సంబంధించిన ట్రైలర్ను కూడా విడుదల చేశారు,0.0,ఈమూవీకి సంబంధించిన ట్రైలర్వు కూడా విడుదల చేశారు,0.0,ఈమూవీకి సంబంధించిన ట్రైలర్వు కూడా విడుదల చేశారు,0.0,ఈమూవీకి సంబంధించిన ట్రైలర్వు కూడా విడుదల చేశారు,0.0,ఈమూవీకి సంబంధించిన ట్రైలర్పు కూడా విడుదల చేశారు
ముఖ్యంగా టీనేజ్ అమ్మాయిలు,0.0,ముఖ్యంగా టీనేజ్ అమ్శాయిలు,0.0,ముఖ్యంగా టీనేజ్ అమ్శాయిలు,0.0,ముఖ్యంగా టీనేజ్ అమ్శాయిలు,0.0,ముఖ్యంగా టీనేజ్ అమ్శాయిలు
నాకూ అంతే,0.0,నాకూ అంతే,0.0,నాకూ అంతే,0.0,నాకూ అంతే,0.0,నాకూ అంతే
వారు బయట ఉన్నారు,0.0,వారు బయట ఉన్పారు,0.0,వారు బయట ఉన్వారు,0.0,వారు బయట ఉన్పారు,0.0,వారు బయట ఉన్పారు
ఇతరులు వాస్తవానికి విభేదిస్తున్నారు,0.0,ఇతరులు వాస్లవానికి విభేదిస్లున్వారు,0.0,ఇతరులు వాస్లవానికి విభేదిస్లున్వారు,0.0,ఇతరులు వాస్లవానికి విభేదిస్లున్పారు,0.0,ఇతరులు వాస్లవానికి విభేదిస్లున్వారు
మోతెరా స్టేడియంలో నిర్వహించిన నమస్తే ట్రంప్కార్యక్రమంలో ప్రధాని నరేంద్ర మోదీ మాట్లాడుతూ భారత్ అమెరికా సంబంధాలు ఇలాగే సుదీర్ఘకాలం కొనసాగాలని ఆకాక్షించారు,0.0,మోతెరా స్టేడియంలో నిర్నహించిన నమస్లే ట్రంప్కార్యక్రమంలో ప్రధాని నరేంద్ర మోదీ మాట్ధాడుతూ భారత్ అమెరికా సంబంధాలు ఇలాగే సుదీర్ఘకాలం కొనసాగాలని ఆకాక్షించారు,0.0,మోతెరా స్టేడియంలో నిర్పహించిన నమస్లే ట్రంప్కార్యక్రమంలో ప్రధాని నరేంద్ర మోదీ మాట్ధాడుతూ భారత్ అమెరికా సంబంధాలు ఇలాగే సుదీర్ఘకాలం కొనసాగాలని ఆకాక్షించారు,0.0,మోతెరా స్టేడియంలో నిర్పహించిన నమస్లే ట్రంప్కార్యక్రమంలో ప్రధాని నరేంద్ర మోదీ మాట్గాడుతూ భారత్ అమెరికా సంబంధాలు ఇలాగే సుదీర్ఘకాలం కొనసాగాలని ఆకాక్షించారు,0.0,మోతెరా స్టేడియంలో నిర్పహించిన నమస్లే ట్రంప్కార్యక్రమంలో ప్రధాని నరేంద్ర మోదీ మాట్గాడుతూ భారత్ అమెరికా సంబంధాలు ఇలాగే సుదీర్ఘకాలం కొనసాగాలని ఆకాక్షించారు
గవర్నర్ భగత్సింగ్ కోశ్యారీ రాష్ట్ర ప్రభుత్వవిమానంలో ప్రయాణించేందుకు ఠాక్రే సర్కారు అనుమతి నిరాకరించింది,0.0,గవర్పర్ భగత్నింగ్ కోశ్యారీ రాష్ట్ర ప్రభుత్చవిమానంలో ప్రయాణించేందుకు ఠాక్రే సర్కారు అనుమతి నిరాకరించింది,0.0,గవర్పర్ భగత్వింగ్ కోశ్యారీ రాష్ట్ర ప్రభుత్యవిమానంలో ప్రయాణించేందుకు ఠాక్రే సర్కారు అనుమతి నిరాకరించింది,0.0,గవర్పర్ భగత్చింగ్ కోశ్యారీ రాష్ట్ర ప్రభుత్చవిమానంలో ప్రయాణించేందుకు ఠాక్రే సర్కారు అనుమతి నిరాకరించింది,0.0,గవర్పర్ భగత్నింగ్ కోశ్యారీ రాష్ట్ర ప్రభుత్యవిమానంలో ప్రయాణించేందుకు ఠాక్రే సర్కారు అనుమతి నిరాకరించింది
కొత్తగా పీపీఎఫ్ ఖాతాలో చేసే డిపాజిట్లపై సెక్షన్ సీ కింద పన్ను మినహాయింపు వర్తించదు,0.0,కొత్లగా పీపీఎఫ్ ఖాతాలో చేసే డిపాజిట్ధపై సెక్షన్ సీ కింద పన్వు మినహాయింపు వర్లించదు,0.0,కొత్లగా పీపీఎఫ్ ఖాతాలో చేసే డిపాజిట్గపై సెక్షన్ సీ కింద పన్పు మినహాయింపు వర్లించదు,0.0,కొత్లగా పీపీఎఫ్ ఖాతాలో చేసే డిపాజిట్గపై సెక్షన్ సీ కింద పన్పు మినహాయింపు వర్లించదు,0.0,కొత్లగా పీపీఎఫ్ ఖాతాలో చేసే డిపాజిట్తపై సెక్షన్ సీ కింద పన్వు మినహాయింపు వర్లించదు
వాళ్లు కూడా సంతోషంగా ఒప్పుకున్నారు,0.0,వాళ్గు కూడా సంతోషంగా ఒప్సుకున్వారు,0.0,వాళ్గు కూడా సంతోషంగా ఒప్యుకున్వారు,0.0,వాళ్ధు కూడా సంతోషంగా ఒప్సుకున్వారు,0.0,వాళ్తు కూడా సంతోషంగా ఒప్సుకున్వారు
యన బలవంతం చెయ్యకుండా ఎలా ఉంటాడు,0.0,యన బలవంతం చెయ్యకుండా ఎలా ఉంటాడు,0.0,యన బలవంతం చెయ్యకుండా ఎలా ఉంటాడు,0.0,యన బలవంతం చెయ్యకుండా ఎలా ఉంటాడు,0.0,యన బలవంతం చెయ్యకుండా ఎలా ఉంటాడు
ఆ మేరకు ఇప్పటికే పనులు మొదలయ్యాయని తెలిసింది,0.0,ఆ మేరకు ఇప్నటికే పనులు మొదలయ్యాయని తెలిసింది,0.0,ఆ మేరకు ఇప్వటికే పనులు మొదలయ్యాయని తెలిసింది,0.0,ఆ మేరకు ఇప్వటికే పనులు మొదలయ్యాయని తెలిసింది,0.0,ఆ మేరకు ఇప్సటికే పనులు మొదలయ్యాయని తెలిసింది
అతను ప్రతిదీ మెదడులో ఉంటుంది,0.0,అతను ప్రతిదీ మెదడులో ఉంటుంది,0.0,అతను ప్రతిదీ మెదడులో ఉంటుంది,0.0,అతను ప్రతిదీ మెదడులో ఉంటుంది,0.0,అతను ప్రతిదీ మెదడులో ఉంటుంది
భారత రాజ్యాంగంబును,0.0,భారత రాజ్యాంగంబును,0.0,భారత రాజ్యాంగంబును,0.0,భారత రాజ్యాంగంబును,0.0,భారత రాజ్యాంగంబును
ఎందుకు అంటే నేనంటే ఏంటో వాళ్లకి తెలుసు,0.0,ఎందుకు అంటే నేనంటే ఏంటో వాళ్గకి తెలుసు,0.0,ఎందుకు అంటే నేనంటే ఏంటో వాళ్గకి తెలుసు,0.0,ఎందుకు అంటే నేనంటే ఏంటో వాళ్ధకి తెలుసు,0.0,ఎందుకు అంటే నేనంటే ఏంటో వాళ్గకి తెలుసు
వాటిలో మంది భాజపా సభ్యులున్నారు,0.0,వాటిలో మంది భాజపా సభ్యులున్పారు,0.0,వాటిలో మంది భాజపా సభ్యులున్పారు,0.0,వాటిలో మంది భాజపా సభ్యులున్పారు,0.0,వాటిలో మంది భాజపా సభ్యులున్పారు
సుకుమార్ దర్శకత్వంలో ఈ సినిమా రూపొందుతుంది,0.0,సుకుమార్ దర్మకత్చంలో ఈ సినిమా రూపొందుతుంది,0.0,సుకుమార్ దర్మకత్యంలో ఈ సినిమా రూపొందుతుంది,0.0,సుకుమార్ దర్మకత్నంలో ఈ సినిమా రూపొందుతుంది,0.0,సుకుమార్ దర్మకత్చంలో ఈ సినిమా రూపొందుతుంది
ఇందుకు ఒక చారిత్రక కారణం ఉంది,0.0,ఇందుకు ఒక చారిత్రక కారణం ఉంది,0.0,ఇందుకు ఒక చారిత్రక కారణం ఉంది,0.0,ఇందుకు ఒక చారిత్రక కారణం ఉంది,0.0,ఇందుకు ఒక చారిత్రక కారణం ఉంది
శ్రీకాంత్ అడ్డాల దర్శకత్వంలో ఈ సినిమాను రూపొందించనున్నారు,0.0,శ్రీకాంత్ అడ్దాల దర్మకత్యంలో ఈ సినిమాను రూపొందించనున్పారు,0.0,శ్రీకాంత్ అడ్దాల దర్మకత్యంలో ఈ సినిమాను రూపొందించనున్వారు,0.0,శ్రీకాంత్ అడ్ధాల దర్మకత్చంలో ఈ సినిమాను రూపొందించనున్పారు,0.0,శ్రీకాంత్ అడ్ధాల దర్మకత్చంలో ఈ సినిమాను రూపొందించనున్పారు
దానికో కారణమూ ఉందట,0.0,దానికో కారణమూ ఉందట,0.0,దానికో కారణమూ ఉందట,0.0,దానికో కారణమూ ఉందట,0.0,దానికో కారణమూ ఉందట
ప్రారంభించడానికి మీరు ఆర్డర్లో ఏమి అవసరం,0.0,ప్రారంభించడానికి మీరు ఆర్దర్గో ఏమి అవసరం,0.0,ప్రారంభించడానికి మీరు ఆర్దర్ధో ఏమి అవసరం,0.0,ప్రారంభించడానికి మీరు ఆర్దర్ధో ఏమి అవసరం,0.0,ప్రారంభించడానికి మీరు ఆర్దర్ధో ఏమి అవసరం
భారత్ రక్షక్ లో జనరల్ చౌదరి ఫోటో,0.0,భారత్ రక్షక్ లో జనరల్ చౌదరి ఫోటో,0.0,భారత్ రక్షక్ లో జనరల్ చౌదరి ఫోటో,0.0,భారత్ రక్షక్ లో జనరల్ చౌదరి ఫోటో,0.0,భారత్ రక్షక్ లో జనరల్ చౌదరి ఫోటో
అందువలన దానిపై వేసి నీరు చాలా వేగంగా ఉంటుంది,0.0,అందువలన దానిపై వేసి నీరు చాలా వేగంగా ఉంటుంది,0.0,అందువలన దానిపై వేసి నీరు చాలా వేగంగా ఉంటుంది,0.0,అందువలన దానిపై వేసి నీరు చాలా వేగంగా ఉంటుంది,0.0,అందువలన దానిపై వేసి నీరు చాలా వేగంగా ఉంటుంది
అదీ నిబ్బరంగా,0.0,అదీ నిబ్బరంగా,0.0,అదీ నిబ్బరంగా,0.0,అదీ నిబ్బరంగా,0.0,అదీ నిబ్బరంగా
అయితే సమచారం అందుకున్న పోలీసులు సంఘటనా స్థలాన్ని పరిశీలించి దర్యాప్తు ప్రారంభించారు,0.0,అయితే సమచారం అందుకున్వ పోలీసులు సంఘటనా స్థలాన్పి పరిశీలించి దర్యాప్లు ప్రారంభించారు,0.0,అయితే సమచారం అందుకున్వ పోలీసులు సంఘటనా స్థలాన్వి పరిశీలించి దర్యాప్లు ప్రారంభించారు,0.0,అయితే సమచారం అందుకున్ప పోలీసులు సంఘటనా స్థలాన్పి పరిశీలించి దర్యాప్లు ప్రారంభించారు,0.0,అయితే సమచారం అందుకున్ప పోలీసులు సంఘటనా స్థలాన్వి పరిశీలించి దర్యాప్లు ప్రారంభించారు
ముఖ్యంగా ఆటోరంగంపై ఈ ప్రభావం మరింత ఎక్కువగా ఉంది,0.0,ముఖ్యంగా ఆటోరంగంపై ఈ ప్రభావం మరింత ఎక్కువగా ఉంది,0.0,ముఖ్యంగా ఆటోరంగంపై ఈ ప్రభావం మరింత ఎక్కువగా ఉంది,0.0,ముఖ్యంగా ఆటోరంగంపై ఈ ప్రభావం మరింత ఎక్కువగా ఉంది,0.0,ముఖ్యంగా ఆటోరంగంపై ఈ ప్రభావం మరింత ఎక్కువగా ఉంది
గొఱ్ఱెలకాపరి ఒకటి పోతే పోయింది నా దగ్గర ఇంకా గొఱ్ఱెలున్నాయిగా ఆ ఒక్కటీ లేకపోయినా ఫరవాలేదు అనలేదు,0.0,గొఱ్ఱెలకాపరి ఒకటి పోతే పోయింది నా దగ్ధర ఇంకా గొఱ్ఱెలున్పాయిగా ఆ ఒక్కటీ లేకపోయినా ఫరవాలేదు అనలేదు,0.0,గొఱ్ఱెలకాపరి ఒకటి పోతే పోయింది నా దగ్ఠర ఇంకా గొఱ్ఱెలున్వాయిగా ఆ ఒక్కటీ లేకపోయినా ఫరవాలేదు అనలేదు,0.0,గొఱ్ఱెలకాపరి ఒకటి పోతే పోయింది నా దగ్ఠర ఇంకా గొఱ్ఱెలున్పాయిగా ఆ ఒక్కటీ లేకపోయినా ఫరవాలేదు అనలేదు,0.0,గొఱ్ఱెలకాపరి ఒకటి పోతే పోయింది నా దగ్ధర ఇంకా గొఱ్ఱెలున్పాయిగా ఆ ఒక్కటీ లేకపోయినా ఫరవాలేదు అనలేదు
ఈ విషయాలు ఏవి కోయిల పట్టించుకోదు,0.0,ఈ విషయాలు ఏవి కోయిల పట్టించుకోదు,0.0,ఈ విషయాలు ఏవి కోయిల పట్టించుకోదు,0.0,ఈ విషయాలు ఏవి కోయిల పట్టించుకోదు,0.0,ఈ విషయాలు ఏవి కోయిల పట్టించుకోదు
ఆగిపోయిన ప్రాజెక్టుల సంఖ్య తగ్గుముఖం పట్టింది,0.0,ఆగిపోయిన ప్రాజెక్టుల సంఖ్య తగ్ఠుముఖం పట్టింది,0.0,ఆగిపోయిన ప్రాజెక్టుల సంఖ్య తగ్లుముఖం పట్టింది,0.0,ఆగిపోయిన ప్రాజెక్టుల సంఖ్య తగ్ధుముఖం పట్టింది,0.0,ఆగిపోయిన ప్రాజెక్టుల సంఖ్య తగ్ధుముఖం పట్టింది
ప్రపంచంలోనే అతిపెద్ద ప్రజాస్వామ్య దేశంగా భారత్ తమ కీలక ఆర్థిక భద్రతా భాగస్వామి అని ట్రంప్ పేర్కొన్నారు,0.0,ప్రపంచంలోనే అతిపెద్ధ ప్రజాస్సామ్య దేశంగా భారత్ తమ కీలక ఆర్థిక భద్రతా భాగస్చామి అని ట్రంప్ పేర్కొన్పారు,0.0,ప్రపంచంలోనే అతిపెద్  ప్రజాస్యామ్య దేశంగా భారత్ తమ కీలక ఆర్థిక భద్రతా భాగస్సామి అని ట్రంప్ పేర్కొన్వారు,0.0,ప్రపంచంలోనే అతిపెద్  ప్రజాస్చామ్య దేశంగా భారత్ తమ కీలక ఆర్థిక భద్రతా భాగస్యామి అని ట్రంప్ పేర్కొన్పారు,0.0,ప్రపంచంలోనే అతిపెద్డ ప్రజాస్నామ్య దేశంగా భారత్ తమ కీలక ఆర్థిక భద్రతా భాగస్సామి అని ట్రంప్ పేర్కొన్పారు
ఝార్ఖండ్ ఎన్నికల్లో ఘోర పరాజయంతో బీజేపీ అధికారాన్ని కోల్పోయింది,0.0,ఝార్ఖండ్ ఎన్వికల్ధో ఘోర పరాజయంతో బీజేపీ అధికారాన్పి కోల్సోయింది,0.0,ఝార్ఖండ్ ఎన్పికల్ధో ఘోర పరాజయంతో బీజేపీ అధికారాన్వి కోల్నోయింది,0.0,ఝార్ఖండ్ ఎన్వికల్గో ఘోర పరాజయంతో బీజేపీ అధికారాన్పి కోల్వోయింది,0.0,ఝార్ఖండ్ ఎన్వికల్తో ఘోర పరాజయంతో బీజేపీ అధికారాన్వి కోల్వోయింది
ఎల్లప్పుడూ సిద్ధంగా ఉండాలి,0.0,ఎల్గప్సుడూ సిద్లంగా ఉండాలి,0.0,ఎల్గప్నుడూ సిద్గంగా ఉండాలి,0.0,ఎల్తప్నుడూ సిద్దంగా ఉండాలి,0.0,ఎల్ధప్సుడూ సిద్గంగా ఉండాలి
వంకాయల్ని అన్ని కాలాల్లోనూ పండించుకోవచ్చు,0.0,వంకాయల్వి అన్వి కాలాల్ధోనూ పండించుకోవచ్సు,0.0,వంకాయల్పి అన్పి కాలాల్ధోనూ పండించుకోవచ్సు,0.0,వంకాయల్వి అన్పి కాలాల్తోనూ పండించుకోవచ్వు,0.0,వంకాయల్వి అన్వి కాలాల్తోనూ పండించుకోవచ్వు
అప్పటి వరకు నేను వేచిచూస్తా,0.0,అప్సటి వరకు నేను వేచిచూస్లా,0.0,అప్యటి వరకు నేను వేచిచూస్లా,0.0,అప్యటి వరకు నేను వేచిచూస్లా,0.0,అప్యటి వరకు నేను వేచిచూస్లా
అందుకోసం లో జరగబోయే ఢిల్లీ ఆటో ఎక్స్పో ను వేదికగా చేసుకుంటున్నారు,0.0,అందుకోసం లో జరగబోయే ఢిల్ధీ ఆటో ఎక్న్నో ను వేదికగా చేసుకుంటున్వారు,0.0,అందుకోసం లో జరగబోయే ఢిల్ధీ ఆటో ఎక్న్సో ను వేదికగా చేసుకుంటున్వారు,0.0,అందుకోసం లో జరగబోయే ఢిల్తీ ఆటో ఎక్వ్యో ను వేదికగా చేసుకుంటున్వారు,0.0,అందుకోసం లో జరగబోయే ఢిల్తీ ఆటో ఎక్చ్సో ను వేదికగా చేసుకుంటున్పారు
సున్నితమైన ప్రాంతాల్లో భద్రతను రెట్టింపు చేశారు,0.0,సున్పితమైన ప్రాంతాల్గో భద్రతను రెట్టింపు చేశారు,0.0,సున్పితమైన ప్రాంతాల్గో భద్రతను రెట్టింపు చేశారు,0.0,సున్పితమైన ప్రాంతాల్గో భద్రతను రెట్టింపు చేశారు,0.0,సున్వితమైన ప్రాంతాల్ధో భద్రతను రెట్టింపు చేశారు
శ్రీ వెంకటేశ్వర క్రియేషన్స్ బ్యానర్పై దిల్రాజు నిర్మించారు,0.0,శ్రీ వెంకటేశ్యర క్రియేషన్న్ బ్యానర్నై దిల్రాజు నిర్శించారు,0.0,శ్రీ వెంకటేశ్సర క్రియేషన్వ్ బ్యానర్నై దిల్రాజు నిర్శించారు,0.0,శ్రీ వెంకటేశ్చర క్రియేషన్చ్ బ్యానర్యై దిల్రాజు నిర్శించారు,0.0,శ్రీ వెంకటేశ్యర క్రియేషన్వ్ బ్యానర్యై దిల్రాజు నిర్శించారు
టీవీ నటులకు అత్యుత్తమ అవార్డుగా భావించే ఇండియన్ టెలివిజన్ అకాడమీ అవార్డును వరుసగా ఐదుసార్లు అందుకుని చరిత్ర సృష్టించింది స్మృతి,0.0,టీవీ నటులకు అత్యుత్లమ అవార్ధుగా భావించే ఇండియన్ టెలివిజన్ అకాడమీ అవార్దును వరుసగా ఐదుసార్ధు అందుకుని చరిత్ర సృష్టించింది స్శృతి,0.0,టీవీ నటులకు అత్యుత్లమ అవార్దుగా భావించే ఇండియన్ టెలివిజన్ అకాడమీ అవార్దును వరుసగా ఐదుసార్ధు అందుకుని చరిత్ర సృష్టించింది స్శృతి,0.0,టీవీ నటులకు అత్యుత్లమ అవార్దుగా భావించే ఇండియన్ టెలివిజన్ అకాడమీ అవార్ధును వరుసగా ఐదుసార్ధు అందుకుని చరిత్ర సృష్టించింది స్శృతి,0.0,టీవీ నటులకు అత్యుత్లమ అవార్ధుగా భావించే ఇండియన్ టెలివిజన్ అకాడమీ అవార్ధును వరుసగా ఐదుసార్ధు అందుకుని చరిత్ర సృష్టించింది స్శృతి
రామేశ్వరం కుంతుకల్ ఫిషింగ్ పోర్టులోని మత్స్యకారులు సముద్ర కోత కారణంగా భారీ నష్టాలను చవిచూస్తున్నారు,0.0,రామేశ్చరం కుంతుకల్ ఫిషింగ్ పోర్టులోని మత్చ్యకారులు సముద్ర కోత కారణంగా భారీ నష్టాలను చవిచూస్లున్పారు,0.0,రామేశ్పరం కుంతుకల్ ఫిషింగ్ పోర్టులోని మత్వ్యకారులు సముద్ర కోత కారణంగా భారీ నష్టాలను చవిచూస్లున్వారు,0.0,రామేశ్పరం కుంతుకల్ ఫిషింగ్ పోర్టులోని మత్ప్యకారులు సముద్ర కోత కారణంగా భారీ నష్టాలను చవిచూస్లున్వారు,0.0,రామేశ్పరం కుంతుకల్ ఫిషింగ్ పోర్టులోని మత్ప్యకారులు సముద్ర కోత కారణంగా భారీ నష్టాలను చవిచూస్లున్వారు
దీనికి ఓ ముఖ్య కారణం ఉన్నది,0.0,దీనికి ఓ ముఖ్య కారణం ఉన్వది,0.0,దీనికి ఓ ముఖ్య కారణం ఉన్పది,0.0,దీనికి ఓ ముఖ్య కారణం ఉన్పది,0.0,దీనికి ఓ ముఖ్య కారణం ఉన్పది
ఈ బైకులు మొదట్లోనే షోరూంలకు చేరవచ్చని భావిస్తున్నారు,0.0,ఈ బైకులు మొదట్గోనే షోరూంలకు చేరవచ్సని భావిస్లున్పారు,0.0,ఈ బైకులు మొదట్ధోనే షోరూంలకు చేరవచ్సని భావిస్లున్వారు,0.0,ఈ బైకులు మొదట్తోనే షోరూంలకు చేరవచ్సని భావిస్లున్పారు,0.0,ఈ బైకులు మొదట్గోనే షోరూంలకు చేరవచ్సని భావిస్లున్పారు
గడ్కరీని కలిసిన టీఆర్ఎస్ నేతలు,0.0,గడ్కరీని కలిసిన టీఆర్ఎస్ నేతలు,0.0,గడ్కరీని కలిసిన టీఆర్ఎస్ నేతలు,0.0,గడ్కరీని కలిసిన టీఆర్ఎస్ నేతలు,0.0,గడ్కరీని కలిసిన టీఆర్ఎస్ నేతలు
దీనికి వ్యవసాయ సంక్షోభం తోడైంది,0.0,దీనికి వ్యవసాయ సంక్షోభం తోడైంది,0.0,దీనికి వ్యవసాయ సంక్షోభం తోడైంది,0.0,దీనికి వ్యవసాయ సంక్షోభం తోడైంది,0.0,దీనికి వ్యవసాయ సంక్షోభం తోడైంది
మోషేయు యాజకుడైన ఎలి యాజరును సమాజ ప్రధానులందరును వారిని ఎదుర్కొను టకు పాళెములోనుండి వెలుపలికి వెళ్లిరి,0.0,మోషేయు యాజకుడైన ఎలి యాజరును సమాజ ప్రధానులందరును వారిని ఎదుర్కొను టకు పాళెములోనుండి వెలుపలికి వెళ్తిరి,0.0,మోషేయు యాజకుడైన ఎలి యాజరును సమాజ ప్రధానులందరును వారిని ఎదుర్కొను టకు పాళెములోనుండి వెలుపలికి వెళ్తిరి,0.0,మోషేయు యాజకుడైన ఎలి యాజరును సమాజ ప్రధానులందరును వారిని ఎదుర్కొను టకు పాళెములోనుండి వెలుపలికి వెళ్గిరి,0.0,మోషేయు యాజకుడైన ఎలి యాజరును సమాజ ప్రధానులందరును వారిని ఎదుర్కొను టకు పాళెములోనుండి వెలుపలికి వెళ్ధిరి
బంగారం ధర పెరుగుతూ రావడం ఇది వరుసగా నాలుగో రోజు కావడం గమనార్హం,0.0,బంగారం ధర పెరుగుతూ రావడం ఇది వరుసగా నాలుగో రోజు కావడం గమనార్హం,0.0,బంగారం ధర పెరుగుతూ రావడం ఇది వరుసగా నాలుగో రోజు కావడం గమనార్హం,0.0,బంగారం ధర పెరుగుతూ రావడం ఇది వరుసగా నాలుగో రోజు కావడం గమనార్హం,0.0,బంగారం ధర పెరుగుతూ రావడం ఇది వరుసగా నాలుగో రోజు కావడం గమనార్హం
క్రెడిట్ కార్డు ఎలా పనిచేస్తుంది,0.0,క్రెడిట్ కార్దు ఎలా పనిచేస్లుంది,0.0,క్రెడిట్ కార్ధు ఎలా పనిచేస్లుంది,0.0,క్రెడిట్ కార్దు ఎలా పనిచేస్లుంది,0.0,క్రెడిట్ కార్దు ఎలా పనిచేస్లుంది
అయినను నేను తండ్రిని ప్రేమించుచున్నానని లోకము తెలిసికొనునట్లు తండ్రి నాకు ఆజ్ఞాపించినది నెరవేర్చుటకు నేనీలాగు చేయు చున్నాను లెండి యిక్కడనుండి వెళ్లుదము,0.0,అయినను నేను తండ్రిని ప్రేమించుచున్పానని లోకము తెలిసికొనునట్ధు తండ్రి నాకు ఆజ్ఞాపించినది నెరవేర్వుటకు నేనీలాగు చేయు చున్వాను లెండి యిక్కడనుండి వెళ్తుదము,0.0,అయినను నేను తండ్రిని ప్రేమించుచున్పానని లోకము తెలిసికొనునట్ధు తండ్రి నాకు ఆజ్ఞాపించినది నెరవేర్సుటకు నేనీలాగు చేయు చున్పాను లెండి యిక్కడనుండి వెళ్గుదము,0.0,అయినను నేను తండ్రిని ప్రేమించుచున్వానని లోకము తెలిసికొనునట్ధు తండ్రి నాకు ఆజ్ఞాపించినది నెరవేర్వుటకు నేనీలాగు చేయు చున్వాను లెండి యిక్కడనుండి వెళ్తుదము,0.0,అయినను నేను తండ్రిని ప్రేమించుచున్వానని లోకము తెలిసికొనునట్గు తండ్రి నాకు ఆజ్ఞాపించినది నెరవేర్సుటకు నేనీలాగు చేయు చున్వాను లెండి యిక్కడనుండి వెళ్తుదము
నమ్మబుద్ధి కాలేదు,0.0,నమ్శబుద్ది కాలేదు,0.0,నమ్శబుద్ది కాలేదు,0.0,నమ్శబుద్గి కాలేదు,0.0,నమ్శబుద్ది కాలేదు
అని పరాశరణ్ను ప్రశ్నించింది,0.0,అని పరాశరణ్వు ప్రశ్పించింది,0.0,అని పరాశరణ్పు ప్రశ్పించింది,0.0,అని పరాశరణ్వు ప్రశ్పించింది,0.0,అని పరాశరణ్పు ప్రశ్పించింది
ప్రజలకు మంచి చేసే రాజకీయాలే చేస్తుంది,0.0,ప్రజలకు మంచి చేసే రాజకీయాలే చేస్లుంది,0.0,ప్రజలకు మంచి చేసే రాజకీయాలే చేస్లుంది,0.0,ప్రజలకు మంచి చేసే రాజకీయాలే చేస్లుంది,0.0,ప్రజలకు మంచి చేసే రాజకీయాలే చేస్లుంది
ఉసిరికాయలో విటమిన్ సి తో పాటు యాంటీ ఆక్సిడెంట్స్ పుష్కలంగా లభిస్తాయి,0.0,ఉసిరికాయలో విటమిన్ సి తో పాటు యాంటీ ఆక్విడెంట్వ్ పుష్కలంగా లభిస్లాయి,0.0,ఉసిరికాయలో విటమిన్ సి తో పాటు యాంటీ ఆక్పిడెంట్చ్ పుష్కలంగా లభిస్లాయి,0.0,ఉసిరికాయలో విటమిన్ సి తో పాటు యాంటీ ఆక్నిడెంట్న్ పుష్కలంగా లభిస్లాయి,0.0,ఉసిరికాయలో విటమిన్ సి తో పాటు యాంటీ ఆక్చిడెంట్చ్ పుష్కలంగా లభిస్లాయి
ఆయన నిరాడంబరుడు,0.0,ఆయన నిరాడంబరుడు,0.0,ఆయన నిరాడంబరుడు,0.0,ఆయన నిరాడంబరుడు,0.0,ఆయన నిరాడంబరుడు
ముంబైలోని తాజ్ మహల్ ప్యాలెస్లో వీరి వివాహం ఘనంగా జరిగింది,0.0,ముంబైలోని తాజ్ మహల్ ప్యాలెస్గో వీరి వివాహం ఘనంగా జరిగింది,0.0,ముంబైలోని తాజ్ మహల్ ప్యాలెస్ధో వీరి వివాహం ఘనంగా జరిగింది,0.0,ముంబైలోని తాజ్ మహల్ ప్యాలెస్ధో వీరి వివాహం ఘనంగా జరిగింది,0.0,ముంబైలోని తాజ్ మహల్ ప్యాలెస్తో వీరి వివాహం ఘనంగా జరిగింది
ఆయనను ముఖ్యమంత్రిని చేసింది,0.0,ఆయనను ముఖ్యమంత్రిని చేసింది,0.0,ఆయనను ముఖ్యమంత్రిని చేసింది,0.0,ఆయనను ముఖ్యమంత్రిని చేసింది,0.0,ఆయనను ముఖ్యమంత్రిని చేసింది
అలా బిజీ అవుతున్న హీరోయిన్లలో అనుష్క శర్మ ప్రియాంక చోప్రాలు ఉన్నారు,0.0,అలా బిజీ అవుతున్ప హీరోయిన్ధలో అనుష్క శర్శ ప్రియాంక చోప్రాలు ఉన్వారు,0.0,అలా బిజీ అవుతున్ప హీరోయిన్తలో అనుష్క శర్శ ప్రియాంక చోప్రాలు ఉన్పారు,0.0,అలా బిజీ అవుతున్ప హీరోయిన్తలో అనుష్క శర్శ ప్రియాంక చోప్రాలు ఉన్పారు,0.0,అలా బిజీ అవుతున్ప హీరోయిన్ధలో అనుష్క శర్శ ప్రియాంక చోప్రాలు ఉన్పారు
రోడ్లన్నీ అభిమా నులతో కిక్కిరిసి పోయాయి,0.0,రోడ్ధన్వీ అభిమా నులతో కిక్కిరిసి పోయాయి,0.0,రోడ్తన్పీ అభిమా నులతో కిక్కిరిసి పోయాయి,0.0,రోడ్తన్వీ అభిమా నులతో కిక్కిరిసి పోయాయి,0.0,రోడ్తన్పీ అభిమా నులతో కిక్కిరిసి పోయాయి
వచ్చేనెలలో భారత్పాక్ విదేశీ మంత్రుల భేటీ,0.0,వచ్వేనెలలో భారత్వాక్ విదేశీ మంత్రుల భేటీ,0.0,వచ్సేనెలలో భారత్వాక్ విదేశీ మంత్రుల భేటీ,0.0,వచ్సేనెలలో భారత్వాక్ విదేశీ మంత్రుల భేటీ,0.0,వచ్వేనెలలో భారత్యాక్ విదేశీ మంత్రుల భేటీ
మరో మాటలో చెప్పాలంటే పరీక్ష కేసు పరీక్షా కేసు మూడుతో పాటుగా మొదటి ప్రాథమిక స్థితిని స్వతంత్ర మూల్యాంకనం చేస్తాయి,0.0,మరో మాటలో చెప్నాలంటే పరీక్ష కేసు పరీక్షా కేసు మూడుతో పాటుగా మొదటి ప్రాథమిక స్థితిని స్యతంత్ర మూల్యాంకనం చేస్లాయి,0.0,మరో మాటలో చెప్యాలంటే పరీక్ష కేసు పరీక్షా కేసు మూడుతో పాటుగా మొదటి ప్రాథమిక స్థితిని స్నతంత్ర మూల్యాంకనం చేస్లాయి,0.0,మరో మాటలో చెప్యాలంటే పరీక్ష కేసు పరీక్షా కేసు మూడుతో పాటుగా మొదటి ప్రాథమిక స్థితిని స్సతంత్ర మూల్యాంకనం చేస్లాయి,0.0,మరో మాటలో చెప్వాలంటే పరీక్ష కేసు పరీక్షా కేసు మూడుతో పాటుగా మొదటి ప్రాథమిక స్థితిని స్పతంత్ర మూల్యాంకనం చేస్లాయి
అలాగే మంది ఎమ్మెల్యేలకు మంత్రి పదవులు మరో ఆరుగురికి వివిధ బోర్డులలో చైర్మన్ పదవులు ఇస్తానని ఆశ పెడుతున్నారని ఆరోపించారు,0.0,అలాగే మంది ఎమ్శెల్యేలకు మంత్రి పదవులు మరో ఆరుగురికి వివిధ బోర్దులలో చైర్శన్ పదవులు ఇస్లానని ఆశ పెడుతున్పారని ఆరోపించారు,0.0,అలాగే మంది ఎమ్శెల్యేలకు మంత్రి పదవులు మరో ఆరుగురికి వివిధ బోర్దులలో చైర్శన్ పదవులు ఇస్లానని ఆశ పెడుతున్వారని ఆరోపించారు,0.0,అలాగే మంది ఎమ్శెల్యేలకు మంత్రి పదవులు మరో ఆరుగురికి వివిధ బోర్ధులలో చైర్శన్ పదవులు ఇస్లానని ఆశ పెడుతున్పారని ఆరోపించారు,0.0,అలాగే మంది ఎమ్శెల్యేలకు మంత్రి పదవులు మరో ఆరుగురికి వివిధ బోర్ధులలో చైర్శన్ పదవులు ఇస్లానని ఆశ పెడుతున్వారని ఆరోపించారు
ఏం తినాలి,0.0,ఏం తినాలి,0.0,ఏం తినాలి,0.0,ఏం తినాలి,0.0,ఏం తినాలి
ఈ ఆందోళనలో ఓ పోలీసు అధికారికి గాయాలు కాగా ఒక పోలీసు వాహనం ద్వంసమైంది,0.0,ఈ ఆందోళనలో ఓ పోలీసు అధికారికి గాయాలు కాగా ఒక పోలీసు వాహనం ద్యంసమైంది,0.0,ఈ ఆందోళనలో ఓ పోలీసు అధికారికి గాయాలు కాగా ఒక పోలీసు వాహనం ద్నంసమైంది,0.0,ఈ ఆందోళనలో ఓ పోలీసు అధికారికి గాయాలు కాగా ఒక పోలీసు వాహనం ద్యంసమైంది,0.0,ఈ ఆందోళనలో ఓ పోలీసు అధికారికి గాయాలు కాగా ఒక పోలీసు వాహనం ద్నంసమైంది
మహారాష్ట్రలో ప్రభుత్వ ఏర్పాటు విషయంలో సందిగ్ధత నెలకొన్న విషయం తెలిసిందే,0.0,మహారాష్ట్రలో ప్రభుత్ప ఏర్నాటు విషయంలో సందిగ్గత నెలకొన్ప విషయం తెలిసిందే,0.0,మహారాష్ట్రలో ప్రభుత్ప ఏర్నాటు విషయంలో సందిగ్దత నెలకొన్ప విషయం తెలిసిందే,0.0,మహారాష్ట్రలో ప్రభుత్య ఏర్యాటు విషయంలో సందిగ్డత నెలకొన్వ విషయం తెలిసిందే,0.0,మహారాష్ట్రలో ప్రభుత్స ఏర్నాటు విషయంలో సందిగ్లత నెలకొన్ప విషయం తెలిసిందే
అలాగే సచిన్ టెండూల్కర్ రాహుల్ ద్రావిడ్లతో పోల్చినా భేదాలున్నాయి,0.0,అలాగే సచిన్ టెండూల్కర్ రాహుల్ ద్రావిడ్ధతో పోల్సినా భేదాలున్పాయి,0.0,అలాగే సచిన్ టెండూల్కర్ రాహుల్ ద్రావిడ్తతో పోల్సినా భేదాలున్వాయి,0.0,అలాగే సచిన్ టెండూల్కర్ రాహుల్ ద్రావిడ్తతో పోల్సినా భేదాలున్వాయి,0.0,అలాగే సచిన్ టెండూల్కర్ రాహుల్ ద్రావిడ్ధతో పోల్వినా భేదాలున్పాయి
మరి కొన్ని రోజుల్లో అక్కడ ఎన్నికలు జరగనున్నాయి,0.0,మరి కొన్పి రోజుల్గో అక్కడ ఎన్పికలు జరగనున్పాయి,0.0,మరి కొన్వి రోజుల్గో అక్కడ ఎన్పికలు జరగనున్వాయి,0.0,మరి కొన్పి రోజుల్తో అక్కడ ఎన్పికలు జరగనున్పాయి,0.0,మరి కొన్వి రోజుల్గో అక్కడ ఎన్వికలు జరగనున్పాయి
నేను ఎవరికి తెలుసు,0.0,నేను ఎవరికి తెలుసు,0.0,నేను ఎవరికి తెలుసు,0.0,నేను ఎవరికి తెలుసు,0.0,నేను ఎవరికి తెలుసు
హార్దిక్ ఎంత ప్రమాదకరమో మాకు తెలుసు,0.0,హార్డిక్ ఎంత ప్రమాదకరమో మాకు తెలుసు,0.0,హార్ధిక్ ఎంత ప్రమాదకరమో మాకు తెలుసు,0.0,హార్ధిక్ ఎంత ప్రమాదకరమో మాకు తెలుసు,0.0,హార్ ిక్ ఎంత ప్రమాదకరమో మాకు తెలుసు
పలు ప్రాంతాల నుంచి భారీ సంఖ్యలో భక్తులు అమ్మవారిని దర్శించుకునేందుకు బారులు తీరారు,0.0,పలు ప్రాంతాల నుంచి భారీ సంఖ్యలో భక్లులు అమ్శవారిని దర్మించుకునేందుకు బారులు తీరారు,0.0,పలు ప్రాంతాల నుంచి భారీ సంఖ్యలో భక్లులు అమ్శవారిని దర్మించుకునేందుకు బారులు తీరారు,0.0,పలు ప్రాంతాల నుంచి భారీ సంఖ్యలో భక్లులు అమ్శవారిని దర్మించుకునేందుకు బారులు తీరారు,0.0,పలు ప్రాంతాల నుంచి భారీ సంఖ్యలో భక్లులు అమ్శవారిని దర్మించుకునేందుకు బారులు తీరారు
దీంతో పోలీసులు ఈ కేసుపై దర్యాప్తు జరుపుతున్నారు,0.0,దీంతో పోలీసులు ఈ కేసుపై దర్యాప్లు జరుపుతున్వారు,0.0,దీంతో పోలీసులు ఈ కేసుపై దర్యాప్లు జరుపుతున్వారు,0.0,దీంతో పోలీసులు ఈ కేసుపై దర్యాప్లు జరుపుతున్వారు,0.0,దీంతో పోలీసులు ఈ కేసుపై దర్యాప్లు జరుపుతున్వారు
కానీ అందులో ఏం తప్పు ఉందో అర్థం కావడం లేదు,0.0,కానీ అందులో ఏం తప్సు ఉందో అర్థం కావడం లేదు,0.0,కానీ అందులో ఏం తప్యు ఉందో అర్థం కావడం లేదు,0.0,కానీ అందులో ఏం తప్సు ఉందో అర్థం కావడం లేదు,0.0,కానీ అందులో ఏం తప్వు ఉందో అర్థం కావడం లేదు
కానీ ఎందుకు అప్పుడు ఇతరులు ఉన్నాయి,0.0,కానీ ఎందుకు అప్యుడు ఇతరులు ఉన్వాయి,0.0,కానీ ఎందుకు అప్సుడు ఇతరులు ఉన్వాయి,0.0,కానీ ఎందుకు అప్సుడు ఇతరులు ఉన్వాయి,0.0,కానీ ఎందుకు అప్సుడు ఇతరులు ఉన్వాయి
ఈ ప్రమాదంలో ముగ్గురు మహిళలుఇద్దరు పురుషులు ఒక చంటి పాపతో పాటు మొత్తం ఆరుగురు ఘటన స్థలంలో ప్రాణాలు విడిచారు,0.0,ఈ ప్రమాదంలో ముగ్ధురు మహిళలుఇద్ రు పురుషులు ఒక చంటి పాపతో పాటు మొత్లం ఆరుగురు ఘటన స్థలంలో ప్రాణాలు విడిచారు,0.0,ఈ ప్రమాదంలో ముగ్లురు మహిళలుఇద్ధరు పురుషులు ఒక చంటి పాపతో పాటు మొత్లం ఆరుగురు ఘటన స్థలంలో ప్రాణాలు విడిచారు,0.0,ఈ ప్రమాదంలో ముగ్ధురు మహిళలుఇద్ధరు పురుషులు ఒక చంటి పాపతో పాటు మొత్లం ఆరుగురు ఘటన స్థలంలో ప్రాణాలు విడిచారు,0.0,ఈ ప్రమాదంలో ముగ్ఠురు మహిళలుఇద్ధరు పురుషులు ఒక చంటి పాపతో పాటు మొత్లం ఆరుగురు ఘటన స్థలంలో ప్రాణాలు విడిచారు
పబ్లిక్కీపిన్నులు విజయవంతంగా పార్స్ చేయలేని హెడర్ను సైటు పేర్కొంది,0.0,పబ్గిక్కీపిన్పులు విజయవంతంగా పార్చ్ చేయలేని హెడర్పు సైటు పేర్కొంది,0.0,పబ్గిక్కీపిన్వులు విజయవంతంగా పార్న్ చేయలేని హెడర్వు సైటు పేర్కొంది,0.0,పబ్గిక్కీపిన్వులు విజయవంతంగా పార్వ్ చేయలేని హెడర్పు సైటు పేర్కొంది,0.0,పబ్తిక్కీపిన్వులు విజయవంతంగా పార్చ్ చేయలేని హెడర్వు సైటు పేర్కొంది
అందుకు ప్రణాళికను రూపొందించి అమలు చేయనున్నారు,0.0,అందుకు ప్రణాళికను రూపొందించి అమలు చేయనున్పారు,0.0,అందుకు ప్రణాళికను రూపొందించి అమలు చేయనున్పారు,0.0,అందుకు ప్రణాళికను రూపొందించి అమలు చేయనున్వారు,0.0,అందుకు ప్రణాళికను రూపొందించి అమలు చేయనున్వారు
చికిత్స పొందుతూ చిన్నారి చనిపోయాడు,0.0,చికిత్చ పొందుతూ చిన్వారి చనిపోయాడు,0.0,చికిత్న పొందుతూ చిన్పారి చనిపోయాడు,0.0,చికిత్న పొందుతూ చిన్వారి చనిపోయాడు,0.0,చికిత్చ పొందుతూ చిన్వారి చనిపోయాడు
రోడ్లపై వాహనాల రాకపోకలు కొనసాగుతున్నాయి,0.0,రోడ్ధపై వాహనాల రాకపోకలు కొనసాగుతున్పాయి,0.0,రోడ్గపై వాహనాల రాకపోకలు కొనసాగుతున్పాయి,0.0,రోడ్గపై వాహనాల రాకపోకలు కొనసాగుతున్వాయి,0.0,రోడ్గపై వాహనాల రాకపోకలు కొనసాగుతున్వాయి
వారంతా దీర్ఘజీవనులే,0.0,వారంతా దీర్ఘజీవనులే,0.0,వారంతా దీర్ఘజీవనులే,0.0,వారంతా దీర్ఘజీవనులే,0.0,వారంతా దీర్ఘజీవనులే
దీంతో బాలుడి తల్లిదండ్రులు పోలీసులతో పాటు అటవీ అధికారులకు సమాచారం అందించారు,0.0,దీంతో బాలుడి తల్తిదండ్రులు పోలీసులతో పాటు అటవీ అధికారులకు సమాచారం అందించారు,0.0,దీంతో బాలుడి తల్ధిదండ్రులు పోలీసులతో పాటు అటవీ అధికారులకు సమాచారం అందించారు,0.0,దీంతో బాలుడి తల్తిదండ్రులు పోలీసులతో పాటు అటవీ అధికారులకు సమాచారం అందించారు,0.0,దీంతో బాలుడి తల్ధిదండ్రులు పోలీసులతో పాటు అటవీ అధికారులకు సమాచారం అందించారు
ఆ విషయం మీతో మాట్లాడాలని వచ్చాను,0.0,ఆ విషయం మీతో మాట్ధాడాలని వచ్వాను,0.0,ఆ విషయం మీతో మాట్గాడాలని వచ్వాను,0.0,ఆ విషయం మీతో మాట్గాడాలని వచ్సాను,0.0,ఆ విషయం మీతో మాట్ధాడాలని వచ్సాను
అడవి పచ్చదనం మరియు జలపాతాల మిణుక్కు మిణుక్కుమనే నీటి సౌందర్యం ఒక అందమైన చిత్ర కోణాన్ని తయారు చేస్తుంది,0.0,అడవి పచ్వదనం మరియు జలపాతాల మిణుక్కు మిణుక్కుమనే నీటి సౌందర్యం ఒక అందమైన చిత్ర కోణాన్పి తయారు చేస్లుంది,0.0,అడవి పచ్సదనం మరియు జలపాతాల మిణుక్కు మిణుక్కుమనే నీటి సౌందర్యం ఒక అందమైన చిత్ర కోణాన్వి తయారు చేస్లుంది,0.0,అడవి పచ్వదనం మరియు జలపాతాల మిణుక్కు మిణుక్కుమనే నీటి సౌందర్యం ఒక అందమైన చిత్ర కోణాన్పి తయారు చేస్లుంది,0.0,అడవి పచ్వదనం మరియు జలపాతాల మిణుక్కు మిణుక్కుమనే నీటి సౌందర్యం ఒక అందమైన చిత్ర కోణాన్వి తయారు చేస్లుంది
వ్యక్తి స్వభావం,0.0,వ్యక్లి స్సభావం,0.0,వ్యక్లి స్యభావం,0.0,వ్యక్లి స్సభావం,0.0,వ్యక్లి స్సభావం
అనంతరం ఎఫ్ఐఆర్ నమోదు చేశారు,0.0,అనంతరం ఎఫ్ఐఆర్ నమోదు చేశారు,0.0,అనంతరం ఎఫ్ఐఆర్ నమోదు చేశారు,0.0,అనంతరం ఎఫ్ఐఆర్ నమోదు చేశారు,0.0,అనంతరం ఎఫ్ఐఆర్ నమోదు చేశారు
ఇందుకోసం బీజేపీ భారీగానే గ్రౌండ్ వర్క్ చేసింది,0.0,ఇందుకోసం బీజేపీ భారీగానే గ్రౌండ్ వర్క్ చేసింది,0.0,ఇందుకోసం బీజేపీ భారీగానే గ్రౌండ్ వర్క్ చేసింది,0.0,ఇందుకోసం బీజేపీ భారీగానే గ్రౌండ్ వర్క్ చేసింది,0.0,ఇందుకోసం బీజేపీ భారీగానే గ్రౌండ్ వర్క్ చేసింది
ఎలాంటి పరిస్థితుల్లోనైనా ఆడే ఆటగాళ్లు మాకున్నారు,0.0,ఎలాంటి పరిస్థితుల్తోనైనా ఆడే ఆటగాళ్తు మాకున్పారు,0.0,ఎలాంటి పరిస్థితుల్గోనైనా ఆడే ఆటగాళ్గు మాకున్పారు,0.0,ఎలాంటి పరిస్థితుల్గోనైనా ఆడే ఆటగాళ్గు మాకున్వారు,0.0,ఎలాంటి పరిస్థితుల్తోనైనా ఆడే ఆటగాళ్గు మాకున్పారు
మహిళలపై ఇంకా వివక్ష కొనసాగుతూనే ఉంది,0.0,మహిళలపై ఇంకా వివక్ష కొనసాగుతూనే ఉంది,0.0,మహిళలపై ఇంకా వివక్ష కొనసాగుతూనే ఉంది,0.0,మహిళలపై ఇంకా వివక్ష కొనసాగుతూనే ఉంది,0.0,మహిళలపై ఇంకా వివక్ష కొనసాగుతూనే ఉంది
ఎక్కువ సమయం లేదు,0.0,ఎక్కువ సమయం లేదు,0.0,ఎక్కువ సమయం లేదు,0.0,ఎక్కువ సమయం లేదు,0.0,ఎక్కువ సమయం లేదు
నేటికీ శాతానికి పైగా గ్రామీణ భారతం వ్యవసాయం అనుబంధ రంగాలపైనే ఆధారపడి ఉంది,0.0,నేటికీ శాతానికి పైగా గ్రామీణ భారతం వ్యవసాయం అనుబంధ రంగాలపైనే ఆధారపడి ఉంది,0.0,నేటికీ శాతానికి పైగా గ్రామీణ భారతం వ్యవసాయం అనుబంధ రంగాలపైనే ఆధారపడి ఉంది,0.0,నేటికీ శాతానికి పైగా గ్రామీణ భారతం వ్యవసాయం అనుబంధ రంగాలపైనే ఆధారపడి ఉంది,0.0,నేటికీ శాతానికి పైగా గ్రామీణ భారతం వ్యవసాయం అనుబంధ రంగాలపైనే ఆధారపడి ఉంది
వాటిలో కొన్ని క్రింద వివరించబడ్డాయి,0.0,వాటిలో కొన్వి క్రింద వివరించబడ్ధాయి,0.0,వాటిలో కొన్పి క్రింద వివరించబడ్దాయి,0.0,వాటిలో కొన్పి క్రింద వివరించబడ్దాయి,0.0,వాటిలో కొన్పి క్రింద వివరించబడ్ధాయి
ఆర్బిఐ దగ్గర ఉన్న లక్షల నగదు నిల్వల నుంచి లక్షల కోట్లను ప్రభుత్వం కోరుతోందని ఆయన చెప్పారు,0.0,ఆర్బిఐ దగ్లర ఉన్ప లక్షల నగదు నిల్చల నుంచి లక్షల కోట్గను ప్రభుత్నం కోరుతోందని ఆయన చెప్వారు,0.0,ఆర్బిఐ దగ్లర ఉన్వ లక్షల నగదు నిల్చల నుంచి లక్షల కోట్గను ప్రభుత్పం కోరుతోందని ఆయన చెప్నారు,0.0,ఆర్బిఐ దగ్ధర ఉన్ప లక్షల నగదు నిల్యల నుంచి లక్షల కోట్తను ప్రభుత్చం కోరుతోందని ఆయన చెప్వారు,0.0,ఆర్బిఐ దగ్ఠర ఉన్ప లక్షల నగదు నిల్సల నుంచి లక్షల కోట్గను ప్రభుత్యం కోరుతోందని ఆయన చెప్యారు
ఆ తర్వాత అతడి కుటుంబసభ్యులు అతడ్ని ఆస్పత్రికి తరలించి చికిత్స ఇప్పించారు,0.0,ఆ తర్చాత అతడి కుటుంబసభ్యులు అతడ్వి ఆస్వత్రికి తరలించి చికిత్చ ఇప్వించారు,0.0,ఆ తర్చాత అతడి కుటుంబసభ్యులు అతడ్వి ఆస్వత్రికి తరలించి చికిత్న ఇప్యించారు,0.0,ఆ తర్సాత అతడి కుటుంబసభ్యులు అతడ్పి ఆస్వత్రికి తరలించి చికిత్న ఇప్యించారు,0.0,ఆ తర్సాత అతడి కుటుంబసభ్యులు అతడ్వి ఆస్వత్రికి తరలించి చికిత్న ఇప్సించారు
దీనికి జాతి మత కుల వర్గ వర్ణ బేధాలేం వుండవు,0.0,దీనికి జాతి మత కుల వర్ధ వర్ణ బేధాలేం వుండవు,0.0,దీనికి జాతి మత కుల వర్ధ వర్ణ బేధాలేం వుండవు,0.0,దీనికి జాతి మత కుల వర్ధ వర్ణ బేధాలేం వుండవు,0.0,దీనికి జాతి మత కుల వర్ధ వర్ణ బేధాలేం వుండవు
మున్సిపల్ ఎన్నికల్లో బీజేపీ ఘనవిజయం సాధించడం పట్ల ఆ పార్టీ జాతీయ అధ్యక్షుడు అమిత్ షా సంతోషం వ్యక్తం చేశారు,0.0,మున్నిపల్ ఎన్వికల్ధో బీజేపీ ఘనవిజయం సాధించడం పట్ధ ఆ పార్టీ జాతీయ అధ్యక్షుడు అమిత్ షా సంతోషం వ్యక్లం చేశారు,0.0,మున్పిపల్ ఎన్వికల్గో బీజేపీ ఘనవిజయం సాధించడం పట్ధ ఆ పార్టీ జాతీయ అధ్యక్షుడు అమిత్ షా సంతోషం వ్యక్లం చేశారు,0.0,మున్చిపల్ ఎన్వికల్గో బీజేపీ ఘనవిజయం సాధించడం పట్త ఆ పార్టీ జాతీయ అధ్యక్షుడు అమిత్ షా సంతోషం వ్యక్లం చేశారు,0.0,మున్నిపల్ ఎన్వికల్గో బీజేపీ ఘనవిజయం సాధించడం పట్ధ ఆ పార్టీ జాతీయ అధ్యక్షుడు అమిత్ షా సంతోషం వ్యక్లం చేశారు
పాలు ఉప్పు మరియు సుగంధ ద్రవ్యాలు జోడించండి,0.0,పాలు ఉప్సు మరియు సుగంధ ద్రవ్యాలు జోడించండి,0.0,పాలు ఉప్ను మరియు సుగంధ ద్రవ్యాలు జోడించండి,0.0,పాలు ఉప్వు మరియు సుగంధ ద్రవ్యాలు జోడించండి,0.0,పాలు ఉప్సు మరియు సుగంధ ద్రవ్యాలు జోడించండి
ఇంగ్లీష్ బెంగాలీ హిందీ భాషల్లో బాగా చదివేవాడు,0.0,ఇంగ్తీష్ బెంగాలీ హిందీ భాషల్తో బాగా చదివేవాడు,0.0,ఇంగ్తీష్ బెంగాలీ హిందీ భాషల్ధో బాగా చదివేవాడు,0.0,ఇంగ్ధీష్ బెంగాలీ హిందీ భాషల్తో బాగా చదివేవాడు,0.0,ఇంగ్తీష్ బెంగాలీ హిందీ భాషల్తో బాగా చదివేవాడు
రాష్ట్రాలు కూడా చొరవ చూపుతున్నాయి,0.0,రాష్ట్రాలు కూడా చొరవ చూపుతున్వాయి,0.0,రాష్ట్రాలు కూడా చొరవ చూపుతున్పాయి,0.0,రాష్ట్రాలు కూడా చొరవ చూపుతున్వాయి,0.0,రాష్ట్రాలు కూడా చొరవ చూపుతున్పాయి
పిల్లలు ఏం చదువుతున్నారంటే,0.0,పిల్గలు ఏం చదువుతున్పారంటే,0.0,పిల్గలు ఏం చదువుతున్పారంటే,0.0,పిల్గలు ఏం చదువుతున్వారంటే,0.0,పిల్గలు ఏం చదువుతున్పారంటే
సముద్ర భద్రత చర్చ ప్రారంభోత్సవ సమావేశాన్నీ స్వాగతించారు,0.0,సముద్ర భద్రత చర్స ప్రారంభోత్వవ సమావేశాన్వీ స్పాగతించారు,0.0,సముద్ర భద్రత చర్వ ప్రారంభోత్వవ సమావేశాన్వీ స్చాగతించారు,0.0,సముద్ర భద్రత చర్స ప్రారంభోత్చవ సమావేశాన్వీ స్పాగతించారు,0.0,సముద్ర భద్రత చర్వ ప్రారంభోత్వవ సమావేశాన్వీ స్యాగతించారు
పోక్స్వ్యాగన్ టైగన్ భారత మార్కెట్లో బ్రాండ్ యొక్క ఎంట్రీ లెవల్ ఎస్యూవీ అయ్యే అవకాశం ఉంటుంది,0.0,పోక్న్ప్యాగన్ టైగన్ భారత మార్కెట్గో బ్రాండ్ యొక్క ఎంట్రీ లెవల్ ఎస్యూవీ అయ్యే అవకాశం ఉంటుంది,0.0,పోక్వ్ప్యాగన్ టైగన్ భారత మార్కెట్గో బ్రాండ్ యొక్క ఎంట్రీ లెవల్ ఎస్యూవీ అయ్యే అవకాశం ఉంటుంది,0.0,పోక్ప్చ్యాగన్ టైగన్ భారత మార్కెట్తో బ్రాండ్ యొక్క ఎంట్రీ లెవల్ ఎస్యూవీ అయ్యే అవకాశం ఉంటుంది,0.0,పోక్న్స్యాగన్ టైగన్ భారత మార్కెట్ధో బ్రాండ్ యొక్క ఎంట్రీ లెవల్ ఎస్యూవీ అయ్యే అవకాశం ఉంటుంది
ఇది సాధారణ జ్ఞానం,0.0,ఇది సాధారణ జ్ఞానం,0.0,ఇది సాధారణ జ్ఞానం,0.0,ఇది సాధారణ జ్ఞానం,0.0,ఇది సాధారణ జ్ఞానం
ఇండియన్ ఎయిర్ ఫోర్స్ కు రానున్న రాఫెల్ జెట్స్,0.0,ఇండియన్ ఎయిర్ ఫోర్న్ కు రానున్ప రాఫెల్ జెట్చ్,0.0,ఇండియన్ ఎయిర్ ఫోర్న్ కు రానున్వ రాఫెల్ జెట్వ్,0.0,ఇండియన్ ఎయిర్ ఫోర్చ్ కు రానున్ప రాఫెల్ జెట్చ్,0.0,ఇండియన్ ఎయిర్ ఫోర్చ్ కు రానున్వ రాఫెల్ జెట్వ్
రిజర్వ్ బ్యాంక్ ఆఫ్ ఇండియా ఆర్ బీఐ కొత్త గవర్నర్ గా రఘురాం రాజన్ నియమితులయ్యారు,0.0,రిజర్ప్ బ్యాంక్ ఆఫ్ ఇండియా ఆర్ బీఐ కొత్ల గవర్పర్ గా రఘురాం రాజన్ నియమితులయ్యారు,0.0,రిజర్య్ బ్యాంక్ ఆఫ్ ఇండియా ఆర్ బీఐ కొత్ల గవర్వర్ గా రఘురాం రాజన్ నియమితులయ్యారు,0.0,రిజర్స్ బ్యాంక్ ఆఫ్ ఇండియా ఆర్ బీఐ కొత్ల గవర్పర్ గా రఘురాం రాజన్ నియమితులయ్యారు,0.0,రిజర్ప్ బ్యాంక్ ఆఫ్ ఇండియా ఆర్ బీఐ కొత్ల గవర్వర్ గా రఘురాం రాజన్ నియమితులయ్యారు
సుమారు కిలోమీటర్ల దూరం,0.0,సుమారు కిలోమీటర్ధ దూరం,0.0,సుమారు కిలోమీటర్త దూరం,0.0,సుమారు కిలోమీటర్గ దూరం,0.0,సుమారు కిలోమీటర్ధ దూరం
బ్యాటరీని డిస్కనెక్ట్ చేయండి,0.0,బ్యాటరీని డిస్కనెక్ట్ చేయండి,0.0,బ్యాటరీని డిస్కనెక్ట్ చేయండి,0.0,బ్యాటరీని డిస్కనెక్ట్ చేయండి,0.0,బ్యాటరీని డిస్కనెక్ట్ చేయండి
ఖర్చు చేయాల్సిందే,0.0,ఖర్వు చేయాల్పిందే,0.0,ఖర్సు చేయాల్విందే,0.0,ఖర్సు చేయాల్విందే,0.0,ఖర్సు చేయాల్విందే
పలు సందర్భాల్లో పార్లమెంటులో ఈ అంశం చర్చకు కూడా వచ్చింది,0.0,పలు సందర్భాల్ధో పార్గమెంటులో ఈ అంశం చర్సకు కూడా వచ్వింది,0.0,పలు సందర్భాల్తో పార్గమెంటులో ఈ అంశం చర్వకు కూడా వచ్వింది,0.0,పలు సందర్భాల్ధో పార్ధమెంటులో ఈ అంశం చర్వకు కూడా వచ్వింది,0.0,పలు సందర్భాల్తో పార్తమెంటులో ఈ అంశం చర్వకు కూడా వచ్వింది
మీరు దీనిని మరొక విధంగా చెయ్యవచ్చు,0.0,మీరు దీనిని మరొక విధంగా చెయ్యవచ్వు,0.0,మీరు దీనిని మరొక విధంగా చెయ్యవచ్వు,0.0,మీరు దీనిని మరొక విధంగా చెయ్యవచ్సు,0.0,మీరు దీనిని మరొక విధంగా చెయ్యవచ్సు
ఈ సినిమాలో రామ్ చరణ్ ఫుల్ లెంగ్త్ రోల్ లో నటిస్తాడని తెలుస్తోంది,0.0,ఈ సినిమాలో రామ్ చరణ్ ఫుల్ లెంగ్ల్ రోల్ లో నటిస్లాడని తెలుస్లోంది,0.0,ఈ సినిమాలో రామ్ చరణ్ ఫుల్ లెంగ్ల్ రోల్ లో నటిస్లాడని తెలుస్లోంది,0.0,ఈ సినిమాలో రామ్ చరణ్ ఫుల్ లెంగ్ల్ రోల్ లో నటిస్లాడని తెలుస్లోంది,0.0,ఈ సినిమాలో రామ్ చరణ్ ఫుల్ లెంగ్ల్ రోల్ లో నటిస్లాడని తెలుస్లోంది
ఆయన పాలన కాలంలోలో ఖురాన్ను పర్షియన్ ఉర్దూ భాషలలో అనువదించబడింది,0.0,ఆయన పాలన కాలంలోలో ఖురాన్వు పర్షియన్ ఉర్డూ భాషలలో అనువదించబడింది,0.0,ఆయన పాలన కాలంలోలో ఖురాన్వు పర్షియన్ ఉర్ధూ భాషలలో అనువదించబడింది,0.0,ఆయన పాలన కాలంలోలో ఖురాన్వు పర్షియన్ ఉర్ ూ భాషలలో అనువదించబడింది,0.0,ఆయన పాలన కాలంలోలో ఖురాన్పు పర్షియన్ ఉర్ధూ భాషలలో అనువదించబడింది
కోట్లతో డీల్ చేసుకుంది,0.0,కోట్గతో డీల్ చేసుకుంది,0.0,కోట్తతో డీల్ చేసుకుంది,0.0,కోట్తతో డీల్ చేసుకుంది,0.0,కోట్గతో డీల్ చేసుకుంది
చైనాలోని చాంగ్జౌ ప్రాంతంలో ఘటన,0.0,చైనాలోని చాంగ్జౌ ప్రాంతంలో ఘటన,0.0,చైనాలోని చాంగ్జౌ ప్రాంతంలో ఘటన,0.0,చైనాలోని చాంగ్జౌ ప్రాంతంలో ఘటన,0.0,చైనాలోని చాంగ్జౌ ప్రాంతంలో ఘటన
కోట్లతో నిర్మించిన సినిమా ఇది,0.0,కోట్ధతో నిర్శించిన సినిమా ఇది,0.0,కోట్గతో నిర్శించిన సినిమా ఇది,0.0,కోట్తతో నిర్శించిన సినిమా ఇది,0.0,కోట్గతో నిర్శించిన సినిమా ఇది
దీంతో రెండో ఘాట్రోడ్డు గురించి ఆలోచించాల్సి వచ్చింది,0.0,దీంతో రెండో ఘాట్రోడ్ధు గురించి ఆలోచించాల్ని వచ్సింది,0.0,దీంతో రెండో ఘాట్రోడ్ధు గురించి ఆలోచించాల్వి వచ్సింది,0.0,దీంతో రెండో ఘాట్రోడ్ధు గురించి ఆలోచించాల్ని వచ్సింది,0.0,దీంతో రెండో ఘాట్రోడ్దు గురించి ఆలోచించాల్చి వచ్వింది
అతను ఒక స్ట్రోక్ నుండి వయస్సు వద్ద మరణించాడు,0.0,అతను ఒక స్ట్రోక్ నుండి వయస్ను వద్డ మరణించాడు,0.0,అతను ఒక స్ట్రోక్ నుండి వయస్వు వద్డ మరణించాడు,0.0,అతను ఒక స్ట్రోక్ నుండి వయస్ను వద్  మరణించాడు,0.0,అతను ఒక స్ట్రోక్ నుండి వయస్పు వద్డ మరణించాడు
వైద్య చికిత్స కోసం కేంద్ర ఆర్థిక మంత్రి అరుణ్ జైట్లీ అమెరికా వెళ్లిన సంగతి తెలిసిందే,0.0,వైద్య చికిత్ప కోసం కేంద్ర ఆర్థిక మంత్రి అరుణ్ జైట్గీ అమెరికా వెళ్ధిన సంగతి తెలిసిందే,0.0,వైద్య చికిత్న కోసం కేంద్ర ఆర్థిక మంత్రి అరుణ్ జైట్గీ అమెరికా వెళ్తిన సంగతి తెలిసిందే,0.0,వైద్య చికిత్ప కోసం కేంద్ర ఆర్థిక మంత్రి అరుణ్ జైట్గీ అమెరికా వెళ్తిన సంగతి తెలిసిందే,0.0,వైద్య చికిత్న కోసం కేంద్ర ఆర్థిక మంత్రి అరుణ్ జైట్ధీ అమెరికా వెళ్గిన సంగతి తెలిసిందే
రోడ్డుపై వరి నాటు వేసి నిరసన తెలిపిన విద్యార్థులు,0.0,రోడ్దుపై వరి నాటు వేసి నిరసన తెలిపిన విద్యార్థులు,0.0,రోడ్దుపై వరి నాటు వేసి నిరసన తెలిపిన విద్యార్థులు,0.0,రోడ్దుపై వరి నాటు వేసి నిరసన తెలిపిన విద్యార్థులు,0.0,రోడ్ధుపై వరి నాటు వేసి నిరసన తెలిపిన విద్యార్థులు
ప్రజల భాగస్వామ్యం లేకుండా ఏ అభివృద్ధి సాధ్యం కాదన్నారు,0.0,ప్రజల భాగస్సామ్యం లేకుండా ఏ అభివృద్డి సాధ్యం కాదన్వారు,0.0,ప్రజల భాగస్యామ్యం లేకుండా ఏ అభివృద్గి సాధ్యం కాదన్వారు,0.0,ప్రజల భాగస్సామ్యం లేకుండా ఏ అభివృద్లి సాధ్యం కాదన్వారు,0.0,ప్రజల భాగస్పామ్యం లేకుండా ఏ అభివృద్గి సాధ్యం కాదన్పారు
కానీ ఆమె మానసికంగా ఒంటరిదయిపోయింది,0.0,కానీ ఆమె మానసికంగా ఒంటరిదయిపోయింది,0.0,కానీ ఆమె మానసికంగా ఒంటరిదయిపోయింది,0.0,కానీ ఆమె మానసికంగా ఒంటరిదయిపోయింది,0.0,కానీ ఆమె మానసికంగా ఒంటరిదయిపోయింది
అయితే ఈనాడు ఈ సాంప్రదాయాన్ని పక్కనపెట్టి తన పేరును పలకల అక్షరాలతో ముద్రించింది,0.0,అయితే ఈనాడు ఈ సాంప్రదాయాన్పి పక్కనపెట్టి తన పేరును పలకల అక్షరాలతో ముద్రించింది,0.0,అయితే ఈనాడు ఈ సాంప్రదాయాన్వి పక్కనపెట్టి తన పేరును పలకల అక్షరాలతో ముద్రించింది,0.0,అయితే ఈనాడు ఈ సాంప్రదాయాన్పి పక్కనపెట్టి తన పేరును పలకల అక్షరాలతో ముద్రించింది,0.0,అయితే ఈనాడు ఈ సాంప్రదాయాన్పి పక్కనపెట్టి తన పేరును పలకల అక్షరాలతో ముద్రించింది
లాంగ్ టర్మ్ మోటార్ ఇన్సూరెన్స్ పాలసీలను ఉపసంహరిస్తున్నట్లు ఇన్సూరెన్స్ రెగ్యులేటర్ ఐఆర్డీఏఐ సంస్థ ప్రకటించింది,0.0,లాంగ్ టర్శ్ మోటార్ ఇన్నూరెన్వ్ పాలసీలను ఉపసంహరిస్లున్పట్తు ఇన్నూరెన్చ్ రెగ్యులేటర్ ఐఆర్దీఏఐ సంస్థ ప్రకటించింది,0.0,లాంగ్ టర్శ్ మోటార్ ఇన్చూరెన్ప్ పాలసీలను ఉపసంహరిస్లున్వట్తు ఇన్వూరెన్వ్ రెగ్యులేటర్ ఐఆర్ధీఏఐ సంస్థ ప్రకటించింది,0.0,లాంగ్ టర్శ్ మోటార్ ఇన్పూరెన్న్ పాలసీలను ఉపసంహరిస్లున్పట్గు ఇన్చూరెన్న్ రెగ్యులేటర్ ఐఆర్దీఏఐ సంస్థ ప్రకటించింది,0.0,లాంగ్ టర్శ్ మోటార్ ఇన్వూరెన్వ్ పాలసీలను ఉపసంహరిస్లున్వట్గు ఇన్పూరెన్న్ రెగ్యులేటర్ ఐఆర్దీఏఐ సంస్థ ప్రకటించింది
ఎంతకీ కంటి మీద కునుకు వాలదు,0.0,ఎంతకీ కంటి మీద కునుకు వాలదు,0.0,ఎంతకీ కంటి మీద కునుకు వాలదు,0.0,ఎంతకీ కంటి మీద కునుకు వాలదు,0.0,ఎంతకీ కంటి మీద కునుకు వాలదు
పాటలు సూపర్బ్,0.0,పాటలు సూపర్బ్,0.0,పాటలు సూపర్బ్,0.0,పాటలు సూపర్బ్,0.0,పాటలు సూపర్బ్
షూటింగ్ ఆల్రెడీ మొదలైపోయింది,0.0,షూటింగ్ ఆల్రెడీ మొదలైపోయింది,0.0,షూటింగ్ ఆల్రెడీ మొదలైపోయింది,0.0,షూటింగ్ ఆల్రెడీ మొదలైపోయింది,0.0,షూటింగ్ ఆల్రెడీ మొదలైపోయింది
ఇంగ్లాండ్తో జరిగిన సెమీపైనల్లో,0.0,ఇంగ్ధాండ్లో జరిగిన సెమీపైనల్తో,0.0,ఇంగ్ధాండ్లో జరిగిన సెమీపైనల్గో,0.0,ఇంగ్తాండ్లో జరిగిన సెమీపైనల్ధో,0.0,ఇంగ్ధాండ్లో జరిగిన సెమీపైనల్గో
రోడ్డునపడి నడుస్తూ కబుర్లు చెప్పుకుంటున్నాం మేం,0.0,రోడ్ధునపడి నడుస్లూ కబుర్తు చెప్వుకుంటున్పాం మేం,0.0,రోడ్ధునపడి నడుస్లూ కబుర్తు చెప్వుకుంటున్వాం మేం,0.0,రోడ్ధునపడి నడుస్లూ కబుర్గు చెప్యుకుంటున్వాం మేం,0.0,రోడ్దునపడి నడుస్లూ కబుర్గు చెప్నుకుంటున్పాం మేం
ఆరంభంలోనే క్యాచ్ ఔట్ నుంచి బయటపడ్డా కోహ్లీతో కలిసి బౌండరీల వర్షం కురిపించాడు,0.0,ఆరంభంలోనే క్యాచ్ ఔట్ నుంచి బయటపడ్ధా కోహ్ధీతో కలిసి బౌండరీల వర్షం కురిపించాడు,0.0,ఆరంభంలోనే క్యాచ్ ఔట్ నుంచి బయటపడ్దా కోహ్తీతో కలిసి బౌండరీల వర్షం కురిపించాడు,0.0,ఆరంభంలోనే క్యాచ్ ఔట్ నుంచి బయటపడ్ధా కోహ్ధీతో కలిసి బౌండరీల వర్షం కురిపించాడు,0.0,ఆరంభంలోనే క్యాచ్ ఔట్ నుంచి బయటపడ్ధా కోహ్తీతో కలిసి బౌండరీల వర్షం కురిపించాడు
విద్యాసంపన్నమైన అధ్యయనం,0.0,విద్యాసంపన్పమైన అధ్యయనం,0.0,విద్యాసంపన్వమైన అధ్యయనం,0.0,విద్యాసంపన్వమైన అధ్యయనం,0.0,విద్యాసంపన్పమైన అధ్యయనం
సినిమా టైటిల్ ఇంకా ఖరారు చేయలేదు అని తెలిపారు,0.0,సినిమా టైటిల్ ఇంకా ఖరారు చేయలేదు అని తెలిపారు,0.0,సినిమా టైటిల్ ఇంకా ఖరారు చేయలేదు అని తెలిపారు,0.0,సినిమా టైటిల్ ఇంకా ఖరారు చేయలేదు అని తెలిపారు,0.0,సినిమా టైటిల్ ఇంకా ఖరారు చేయలేదు అని తెలిపారు
ప్రచారంలో దూసుకుపోతున్న బాలీవుడ్ నటి ఊర్మిళ,0.0,ప్రచారంలో దూసుకుపోతున్వ బాలీవుడ్ నటి ఊర్శిళ,0.0,ప్రచారంలో దూసుకుపోతున్వ బాలీవుడ్ నటి ఊర్శిళ,0.0,ప్రచారంలో దూసుకుపోతున్ప బాలీవుడ్ నటి ఊర్శిళ,0.0,ప్రచారంలో దూసుకుపోతున్ప బాలీవుడ్ నటి ఊర్శిళ
ప్రతి మంగళ వారం కూరగాయల సంత జరుగుతంది,0.0,ప్రతి మంగళ వారం కూరగాయల సంత జరుగుతంది,0.0,ప్రతి మంగళ వారం కూరగాయల సంత జరుగుతంది,0.0,ప్రతి మంగళ వారం కూరగాయల సంత జరుగుతంది,0.0,ప్రతి మంగళ వారం కూరగాయల సంత జరుగుతంది
కేంద్రీయ విద్యా సంస్థలకూ మొండిచేయి,0.0,కేంద్రీయ విద్యా సంస్థలకూ మొండిచేయి,0.0,కేంద్రీయ విద్యా సంస్థలకూ మొండిచేయి,0.0,కేంద్రీయ విద్యా సంస్థలకూ మొండిచేయి,0.0,కేంద్రీయ విద్యా సంస్థలకూ మొండిచేయి
కాబట్టి ప్రాముఖ్యత రేటింగ్స్ పరంగా ఇది సంఖ్య మరియు సంఖ్య కావచ్చు,0.0,కాబట్టి ప్రాముఖ్యత రేటింగ్వ్ పరంగా ఇది సంఖ్య మరియు సంఖ్య కావచ్సు,0.0,కాబట్టి ప్రాముఖ్యత రేటింగ్న్ పరంగా ఇది సంఖ్య మరియు సంఖ్య కావచ్సు,0.0,కాబట్టి ప్రాముఖ్యత రేటింగ్వ్ పరంగా ఇది సంఖ్య మరియు సంఖ్య కావచ్వు,0.0,కాబట్టి ప్రాముఖ్యత రేటింగ్ప్ పరంగా ఇది సంఖ్య మరియు సంఖ్య కావచ్వు
సూర్యుని క్రింద దురవస్థ యొకటి నాకు కనబడెను అది మనుష్యులకు బహు విశేషముగా కలుగుచున్నది,0.0,సూర్యుని క్రింద దురవస్థ యొకటి నాకు కనబడెను అది మనుష్యులకు బహు విశేషముగా కలుగుచున్పది,0.0,సూర్యుని క్రింద దురవస్థ యొకటి నాకు కనబడెను అది మనుష్యులకు బహు విశేషముగా కలుగుచున్వది,0.0,సూర్యుని క్రింద దురవస్థ యొకటి నాకు కనబడెను అది మనుష్యులకు బహు విశేషముగా కలుగుచున్వది,0.0,సూర్యుని క్రింద దురవస్థ యొకటి నాకు కనబడెను అది మనుష్యులకు బహు విశేషముగా కలుగుచున్పది
వీరంతా చైతన్యపురి ప్రాంతంలోనే నివసిస్తున్నారు,0.0,వీరంతా చైతన్యపురి ప్రాంతంలోనే నివసిస్లున్వారు,0.0,వీరంతా చైతన్యపురి ప్రాంతంలోనే నివసిస్లున్పారు,0.0,వీరంతా చైతన్యపురి ప్రాంతంలోనే నివసిస్లున్పారు,0.0,వీరంతా చైతన్యపురి ప్రాంతంలోనే నివసిస్లున్పారు
ఈ విషయాన్ని నేను చెప్పాల్సిన అవసరం లేదు,0.0,ఈ విషయాన్పి నేను చెప్నాల్పిన అవసరం లేదు,0.0,ఈ విషయాన్పి నేను చెప్యాల్పిన అవసరం లేదు,0.0,ఈ విషయాన్పి నేను చెప్యాల్చిన అవసరం లేదు,0.0,ఈ విషయాన్వి నేను చెప్సాల్నిన అవసరం లేదు
ఇందునుగూర్చి వారికేమియు తోచకయుండగా ప్రకాశమానమైన వస్త్రములు ధరించిన యిద్దరు మనుష్యులు వారియొద్ద నిలువబడిరి,0.0,ఇందునుగూర్సి వారికేమియు తోచకయుండగా ప్రకాశమానమైన వస్ల్రములు ధరించిన యిద్డరు మనుష్యులు వారియొద్డ నిలువబడిరి,0.0,ఇందునుగూర్వి వారికేమియు తోచకయుండగా ప్రకాశమానమైన వస్ల్రములు ధరించిన యిద్డరు మనుష్యులు వారియొద్డ నిలువబడిరి,0.0,ఇందునుగూర్వి వారికేమియు తోచకయుండగా ప్రకాశమానమైన వస్ల్రములు ధరించిన యిద్ధరు మనుష్యులు వారియొద్డ నిలువబడిరి,0.0,ఇందునుగూర్వి వారికేమియు తోచకయుండగా ప్రకాశమానమైన వస్ల్రములు ధరించిన యిద్డరు మనుష్యులు వారియొద్డ నిలువబడిరి
కోట్లో నిర్మాతలకు రూ,0.0,కోట్గో నిర్శాతలకు రూ,0.0,కోట్గో నిర్శాతలకు రూ,0.0,కోట్ధో నిర్శాతలకు రూ,0.0,కోట్గో నిర్శాతలకు రూ
దాని వల్ల చెడు ఏమైనా ఉందా,0.0,దాని వల్త చెడు ఏమైనా ఉందా,0.0,దాని వల్గ చెడు ఏమైనా ఉందా,0.0,దాని వల్ధ చెడు ఏమైనా ఉందా,0.0,దాని వల్త చెడు ఏమైనా ఉందా
అదే పిల్లుల గురించి చెప్పబడింది,0.0,అదే పిల్గుల గురించి చెప్యబడింది,0.0,అదే పిల్ధుల గురించి చెప్సబడింది,0.0,అదే పిల్ధుల గురించి చెప్యబడింది,0.0,అదే పిల్గుల గురించి చెప్సబడింది
ఎంతమేరకు లాస్ అవుతారు అనే విషయంలో ఇంకా క్లారిటీ రాలేదు,0.0,ఎంతమేరకు లాస్ అవుతారు అనే విషయంలో ఇంకా క్ధారిటీ రాలేదు,0.0,ఎంతమేరకు లాస్ అవుతారు అనే విషయంలో ఇంకా క్గారిటీ రాలేదు,0.0,ఎంతమేరకు లాస్ అవుతారు అనే విషయంలో ఇంకా క్తారిటీ రాలేదు,0.0,ఎంతమేరకు లాస్ అవుతారు అనే విషయంలో ఇంకా క్గారిటీ రాలేదు
ఈడీపై ఢిల్లీ హైకోర్టు ఆగ్రహం,0.0,ఈడీపై ఢిల్తీ హైకోర్టు ఆగ్రహం,0.0,ఈడీపై ఢిల్తీ హైకోర్టు ఆగ్రహం,0.0,ఈడీపై ఢిల్గీ హైకోర్టు ఆగ్రహం,0.0,ఈడీపై ఢిల్గీ హైకోర్టు ఆగ్రహం
అమెరికా అధ్యక్షుడు డోనాల్డ్ ట్రంప్ తన ఎన్నికల ప్రచార కాలం నుంచి చెబుతున్నట్టే ఇరాన్తో అణు ఒప్పందం నుంచి వైదొలుగుతున్నట్లు ప్రకటించారు,0.0,అమెరికా అధ్యక్షుడు డోనాల్ధ్ ట్రంప్ తన ఎన్పికల ప్రచార కాలం నుంచి చెబుతున్పట్టే ఇరాన్లో అణు ఒప్వందం నుంచి వైదొలుగుతున్పట్ధు ప్రకటించారు,0.0,అమెరికా అధ్యక్షుడు డోనాల్ద్ ట్రంప్ తన ఎన్పికల ప్రచార కాలం నుంచి చెబుతున్పట్టే ఇరాన్లో అణు ఒప్యందం నుంచి వైదొలుగుతున్వట్గు ప్రకటించారు,0.0,అమెరికా అధ్యక్షుడు డోనాల్ధ్ ట్రంప్ తన ఎన్పికల ప్రచార కాలం నుంచి చెబుతున్వట్టే ఇరాన్లో అణు ఒప్సందం నుంచి వైదొలుగుతున్వట్ధు ప్రకటించారు,0.0,అమెరికా అధ్యక్షుడు డోనాల్ద్ ట్రంప్ తన ఎన్వికల ప్రచార కాలం నుంచి చెబుతున్వట్టే ఇరాన్లో అణు ఒప్యందం నుంచి వైదొలుగుతున్పట్ధు ప్రకటించారు
భారత ప్రభుత్వము కొన్ని నియమాలను ఆర్కిటెక్చర్ మండలి కొన్ని నిబంధనలను ఈ చట్టంలో పొందుపరిచారు,0.0,భారత ప్రభుత్చము కొన్పి నియమాలను ఆర్కిటెక్సర్ మండలి కొన్వి నిబంధనలను ఈ చట్టంలో పొందుపరిచారు,0.0,భారత ప్రభుత్పము కొన్వి నియమాలను ఆర్కిటెక్సర్ మండలి కొన్వి నిబంధనలను ఈ చట్టంలో పొందుపరిచారు,0.0,భారత ప్రభుత్నము కొన్వి నియమాలను ఆర్కిటెక్వర్ మండలి కొన్పి నిబంధనలను ఈ చట్టంలో పొందుపరిచారు,0.0,భారత ప్రభుత్చము కొన్వి నియమాలను ఆర్కిటెక్సర్ మండలి కొన్వి నిబంధనలను ఈ చట్టంలో పొందుపరిచారు
ఈ మృతి కేసు ఓ కొలిక్కి రావడంలేదు,0.0,ఈ మృతి కేసు ఓ కొలిక్కి రావడంలేదు,0.0,ఈ మృతి కేసు ఓ కొలిక్కి రావడంలేదు,0.0,ఈ మృతి కేసు ఓ కొలిక్కి రావడంలేదు,0.0,ఈ మృతి కేసు ఓ కొలిక్కి రావడంలేదు
ప్రభుత్వానికి అధికారులను బదిలీ చేసే అవకాశం కూడా లేకపోతే పాలన ఎలా చేయాలి,0.0,ప్రభుత్యానికి అధికారులను బదిలీ చేసే అవకాశం కూడా లేకపోతే పాలన ఎలా చేయాలి,0.0,ప్రభుత్యానికి అధికారులను బదిలీ చేసే అవకాశం కూడా లేకపోతే పాలన ఎలా చేయాలి,0.0,ప్రభుత్యానికి అధికారులను బదిలీ చేసే అవకాశం కూడా లేకపోతే పాలన ఎలా చేయాలి,0.0,ప్రభుత్యానికి అధికారులను బదిలీ చేసే అవకాశం కూడా లేకపోతే పాలన ఎలా చేయాలి
్భలేదానివే అవ్వా,0.0,్భలేదానివే అవ్యా,0.0,్భలేదానివే అవ్చా,0.0,్భలేదానివే అవ్యా,0.0,్భలేదానివే అవ్యా
రాష్ట్రపతి రామ్ నాథ్ కోవింద్ తో ట్రంప్ కరచాలనం,0.0,రాష్ట్రపతి రామ్ నాథ్ కోవింద్ తో ట్రంప్ కరచాలనం,0.0,రాష్ట్రపతి రామ్ నాథ్ కోవింద్ తో ట్రంప్ కరచాలనం,0.0,రాష్ట్రపతి రామ్ నాథ్ కోవింద్ తో ట్రంప్ కరచాలనం,0.0,రాష్ట్రపతి రామ్ నాథ్ కోవింద్ తో ట్రంప్ కరచాలనం
ఈ డిష్ సిద్ధం సులభం,0.0,ఈ డిష్ సిద్డం సులభం,0.0,ఈ డిష్ సిద్లం సులభం,0.0,ఈ డిష్ సిద్లం సులభం,0.0,ఈ డిష్ సిద్దం సులభం
పోషణ్ అభియాన్ కింద గత సంవత్సరంలో కేటాయించిన విడుదల చేసిన మరియు ఉపయోగించిన నిధుల వివరాలు అనుబంధం లో వెల్లడించడమైంది,0.0,పోషణ్ అభియాన్ కింద గత సంవత్చరంలో కేటాయించిన విడుదల చేసిన మరియు ఉపయోగించిన నిధుల వివరాలు అనుబంధం లో వెల్ధడించడమైంది,0.0,పోషణ్ అభియాన్ కింద గత సంవత్పరంలో కేటాయించిన విడుదల చేసిన మరియు ఉపయోగించిన నిధుల వివరాలు అనుబంధం లో వెల్తడించడమైంది,0.0,పోషణ్ అభియాన్ కింద గత సంవత్వరంలో కేటాయించిన విడుదల చేసిన మరియు ఉపయోగించిన నిధుల వివరాలు అనుబంధం లో వెల్గడించడమైంది,0.0,పోషణ్ అభియాన్ కింద గత సంవత్పరంలో కేటాయించిన విడుదల చేసిన మరియు ఉపయోగించిన నిధుల వివరాలు అనుబంధం లో వెల్ధడించడమైంది
మరియు క్షుణ్ణంగా,0.0,మరియు క్షుణ్ణంగా,0.0,మరియు క్షుణ్ణంగా,0.0,మరియు క్షుణ్ణంగా,0.0,మరియు క్షుణ్ణంగా
దానికి కారణాలు కూడా చెప్పుకొచ్చాడు,0.0,దానికి కారణాలు కూడా చెప్యుకొచ్సాడు,0.0,దానికి కారణాలు కూడా చెప్సుకొచ్సాడు,0.0,దానికి కారణాలు కూడా చెప్సుకొచ్సాడు,0.0,దానికి కారణాలు కూడా చెప్నుకొచ్వాడు
అయితే దీనికోసం ఆర్థిక సలహాదారుని సంప్రదించాలి,0.0,అయితే దీనికోసం ఆర్థిక సలహాదారుని సంప్రదించాలి,0.0,అయితే దీనికోసం ఆర్థిక సలహాదారుని సంప్రదించాలి,0.0,అయితే దీనికోసం ఆర్థిక సలహాదారుని సంప్రదించాలి,0.0,అయితే దీనికోసం ఆర్థిక సలహాదారుని సంప్రదించాలి
దీంతో ముగ్గురు పోలీసులపై వేటు పడింది,0.0,దీంతో ముగ్ఠురు పోలీసులపై వేటు పడింది,0.0,దీంతో ముగ్ఠురు పోలీసులపై వేటు పడింది,0.0,దీంతో ముగ్ధురు పోలీసులపై వేటు పడింది,0.0,దీంతో ముగ్ధురు పోలీసులపై వేటు పడింది
ఇది కొత్త సినిమా కబురు కాదులెండి,0.0,ఇది కొత్ల సినిమా కబురు కాదులెండి,0.0,ఇది కొత్ల సినిమా కబురు కాదులెండి,0.0,ఇది కొత్ల సినిమా కబురు కాదులెండి,0.0,ఇది కొత్ల సినిమా కబురు కాదులెండి
ఈ పిటిషన్పై కోర్టు త్వరలోనే విచారణ చేపట్టనున్నట్లు సమాచారం,0.0,ఈ పిటిషన్నై కోర్టు త్యరలోనే విచారణ చేపట్టనున్వట్ధు సమాచారం,0.0,ఈ పిటిషన్యై కోర్టు త్సరలోనే విచారణ చేపట్టనున్వట్ధు సమాచారం,0.0,ఈ పిటిషన్నై కోర్టు త్సరలోనే విచారణ చేపట్టనున్వట్తు సమాచారం,0.0,ఈ పిటిషన్వై కోర్టు త్యరలోనే విచారణ చేపట్టనున్పట్ధు సమాచారం
ఈ చట్టాన్ని తీవ్రంగా వ్యతిరేకిస్తూ దేశవ్యాప్తంగా ఆందోళనలు కొనసాగుతున్నాయి,0.0,ఈ చట్టాన్వి తీవ్రంగా వ్యతిరేకిస్లూ దేశవ్యాప్లంగా ఆందోళనలు కొనసాగుతున్వాయి,0.0,ఈ చట్టాన్వి తీవ్రంగా వ్యతిరేకిస్లూ దేశవ్యాప్లంగా ఆందోళనలు కొనసాగుతున్పాయి,0.0,ఈ చట్టాన్వి తీవ్రంగా వ్యతిరేకిస్లూ దేశవ్యాప్లంగా ఆందోళనలు కొనసాగుతున్వాయి,0.0,ఈ చట్టాన్పి తీవ్రంగా వ్యతిరేకిస్లూ దేశవ్యాప్లంగా ఆందోళనలు కొనసాగుతున్పాయి
మరో పదిమంది గాయపడ్డారని తెలుస్తోంది,0.0,మరో పదిమంది గాయపడ్ధారని తెలుస్లోంది,0.0,మరో పదిమంది గాయపడ్ధారని తెలుస్లోంది,0.0,మరో పదిమంది గాయపడ్దారని తెలుస్లోంది,0.0,మరో పదిమంది గాయపడ్దారని తెలుస్లోంది
సుబార్ నాగ టెంపుల్ ఒక పురాతన టెంపుల్,0.0,సుబార్ నాగ టెంపుల్ ఒక పురాతన టెంపుల్,0.0,సుబార్ నాగ టెంపుల్ ఒక పురాతన టెంపుల్,0.0,సుబార్ నాగ టెంపుల్ ఒక పురాతన టెంపుల్,0.0,సుబార్ నాగ టెంపుల్ ఒక పురాతన టెంపుల్
సోషల్ మీడియాలో ఎప్పుడు కూడా యాక్టివ్గా ఉండడు,0.0,సోషల్ మీడియాలో ఎప్యుడు కూడా యాక్టివ్లా ఉండడు,0.0,సోషల్ మీడియాలో ఎప్నుడు కూడా యాక్టివ్ధా ఉండడు,0.0,సోషల్ మీడియాలో ఎప్యుడు కూడా యాక్టివ్ఠా ఉండడు,0.0,సోషల్ మీడియాలో ఎప్నుడు కూడా యాక్టివ్ఠా ఉండడు
ఆయన త్వరలోగా కోలుకొని ఆరోగ్యంగా తిరిగి రావాలని ప్రార్థన చేస్తున్నారు,0.0,ఆయన త్చరలోగా కోలుకొని ఆరోగ్యంగా తిరిగి రావాలని ప్రార్థన చేస్లున్పారు,0.0,ఆయన త్యరలోగా కోలుకొని ఆరోగ్యంగా తిరిగి రావాలని ప్రార్థన చేస్లున్వారు,0.0,ఆయన త్సరలోగా కోలుకొని ఆరోగ్యంగా తిరిగి రావాలని ప్రార్థన చేస్లున్వారు,0.0,ఆయన త్నరలోగా కోలుకొని ఆరోగ్యంగా తిరిగి రావాలని ప్రార్థన చేస్లున్వారు
అయితే ఆమెను యూపీ పోలీసులు అరెస్టు చేశారు,0.0,అయితే ఆమెను యూపీ పోలీసులు అరెస్టు చేశారు,0.0,అయితే ఆమెను యూపీ పోలీసులు అరెస్టు చేశారు,0.0,అయితే ఆమెను యూపీ పోలీసులు అరెస్టు చేశారు,0.0,అయితే ఆమెను యూపీ పోలీసులు అరెస్టు చేశారు
అమెరికన్ నటి సింగర్ డాన్సర్ ఫ్యాషన్ డిజైనర్ అయిన జెన్నీఫర్ లోపేజ్ ప్రపంచవ్యాప్తంగా పాపులారిటీని కలిగి ఉన్నారు,0.0,అమెరికన్ నటి సింగర్ డాన్నర్ ఫ్యాషన్ డిజైనర్ అయిన జెన్పీఫర్ లోపేజ్ ప్రపంచవ్యాప్లంగా పాపులారిటీని కలిగి ఉన్పారు,0.0,అమెరికన్ నటి సింగర్ డాన్నర్ ఫ్యాషన్ డిజైనర్ అయిన జెన్వీఫర్ లోపేజ్ ప్రపంచవ్యాప్లంగా పాపులారిటీని కలిగి ఉన్పారు,0.0,అమెరికన్ నటి సింగర్ డాన్పర్ ఫ్యాషన్ డిజైనర్ అయిన జెన్పీఫర్ లోపేజ్ ప్రపంచవ్యాప్లంగా పాపులారిటీని కలిగి ఉన్వారు,0.0,అమెరికన్ నటి సింగర్ డాన్చర్ ఫ్యాషన్ డిజైనర్ అయిన జెన్వీఫర్ లోపేజ్ ప్రపంచవ్యాప్లంగా పాపులారిటీని కలిగి ఉన్వారు
ఈ సినిమా ఓటీటీ ప్లాట్ఫామ్పై ఇండియన్ టాప్టెన్ మూవీస్ లిస్ట్లో కొనసాగుతోంది,0.0,ఈ సినిమా ఓటీటీ ప్తాట్ఫామ్సై ఇండియన్ టాప్టెన్ మూవీస్ లిస్ట్తో కొనసాగుతోంది,0.0,ఈ సినిమా ఓటీటీ ప్తాట్ఫామ్యై ఇండియన్ టాప్టెన్ మూవీస్ లిస్ట్ధో కొనసాగుతోంది,0.0,ఈ సినిమా ఓటీటీ ప్ధాట్ఫామ్యై ఇండియన్ టాప్టెన్ మూవీస్ లిస్ట్ధో కొనసాగుతోంది,0.0,ఈ సినిమా ఓటీటీ ప్తాట్ఫామ్నై ఇండియన్ టాప్టెన్ మూవీస్ లిస్ట్తో కొనసాగుతోంది
నేను కావాలనే చెప్పలేదు,0.0,నేను కావాలనే చెప్నలేదు,0.0,నేను కావాలనే చెప్నలేదు,0.0,నేను కావాలనే చెప్సలేదు,0.0,నేను కావాలనే చెప్సలేదు
ఎందుకు అది సరుకు సర్వ్,0.0,ఎందుకు అది సరుకు సర్య్,0.0,ఎందుకు అది సరుకు సర్య్,0.0,ఎందుకు అది సరుకు సర్య్,0.0,ఎందుకు అది సరుకు సర్స్
వాస్తవానికి ఆర్థికంగా దేశం గడ్డు స్థితిలోవుంది,0.0,వాస్లవానికి ఆర్థికంగా దేశం గడ్ధు స్థితిలోవుంది,0.0,వాస్లవానికి ఆర్థికంగా దేశం గడ్ధు స్థితిలోవుంది,0.0,వాస్లవానికి ఆర్థికంగా దేశం గడ్దు స్థితిలోవుంది,0.0,వాస్లవానికి ఆర్థికంగా దేశం గడ్దు స్థితిలోవుంది
పార్లమెంటు ఎన్నికలలో అదంతా మోదీ గాలికి కొట్టుకుపోయింది,0.0,పార్ధమెంటు ఎన్వికలలో అదంతా మోదీ గాలికి కొట్టుకుపోయింది,0.0,పార్తమెంటు ఎన్పికలలో అదంతా మోదీ గాలికి కొట్టుకుపోయింది,0.0,పార్గమెంటు ఎన్పికలలో అదంతా మోదీ గాలికి కొట్టుకుపోయింది,0.0,పార్గమెంటు ఎన్పికలలో అదంతా మోదీ గాలికి కొట్టుకుపోయింది
గుర్తుంచుకోండి జాబితా సమగ్రమైనది కాదు,0.0,గుర్లుంచుకోండి జాబితా సమగ్రమైనది కాదు,0.0,గుర్లుంచుకోండి జాబితా సమగ్రమైనది కాదు,0.0,గుర్లుంచుకోండి జాబితా సమగ్రమైనది కాదు,0.0,గుర్లుంచుకోండి జాబితా సమగ్రమైనది కాదు
బారులోనూ బీరు లేదు,0.0,బారులోనూ బీరు లేదు,0.0,బారులోనూ బీరు లేదు,0.0,బారులోనూ బీరు లేదు,0.0,బారులోనూ బీరు లేదు
కాంస్టేబల్ పింట్,0.0,కాంస్టేబల్ పింట్,0.0,కాంస్టేబల్ పింట్,0.0,కాంస్టేబల్ పింట్,0.0,కాంస్టేబల్ పింట్
ఏమిటి అలోచిస్తున్నారూ,0.0,ఏమిటి అలోచిస్లున్వారూ,0.0,ఏమిటి అలోచిస్లున్వారూ,0.0,ఏమిటి అలోచిస్లున్పారూ,0.0,ఏమిటి అలోచిస్లున్వారూ
ఆ హీబ్రూ మూలప్రతుల్లో సాధారణంగా సంభాషణను పరిచయం చేసే మాటలున్నాయి కానీ దాని తర్వాతి మాటలు లేవు,0.0,ఆ హీబ్రూ మూలప్రతుల్తో సాధారణంగా సంభాషణను పరిచయం చేసే మాటలున్వాయి కానీ దాని తర్యాతి మాటలు లేవు,0.0,ఆ హీబ్రూ మూలప్రతుల్ధో సాధారణంగా సంభాషణను పరిచయం చేసే మాటలున్వాయి కానీ దాని తర్పాతి మాటలు లేవు,0.0,ఆ హీబ్రూ మూలప్రతుల్గో సాధారణంగా సంభాషణను పరిచయం చేసే మాటలున్వాయి కానీ దాని తర్నాతి మాటలు లేవు,0.0,ఆ హీబ్రూ మూలప్రతుల్గో సాధారణంగా సంభాషణను పరిచయం చేసే మాటలున్పాయి కానీ దాని తర్చాతి మాటలు లేవు
చికాగోలో స్వామి వివేకానంద చేసిన ప్రసంగం భారత సంస్కృతిని గొప్పదనాన్ని ప్రపంచానికి చాటిందని స్పష్టం చేశారు,0.0,చికాగోలో స్సామి వివేకానంద చేసిన ప్రసంగం భారత సంస్కృతిని గొప్వదనాన్పి ప్రపంచానికి చాటిందని స్నష్టం చేశారు,0.0,చికాగోలో స్నామి వివేకానంద చేసిన ప్రసంగం భారత సంస్కృతిని గొప్వదనాన్పి ప్రపంచానికి చాటిందని స్సష్టం చేశారు,0.0,చికాగోలో స్సామి వివేకానంద చేసిన ప్రసంగం భారత సంస్కృతిని గొప్యదనాన్పి ప్రపంచానికి చాటిందని స్నష్టం చేశారు,0.0,చికాగోలో స్నామి వివేకానంద చేసిన ప్రసంగం భారత సంస్కృతిని గొప్యదనాన్పి ప్రపంచానికి చాటిందని స్యష్టం చేశారు
ఇందులో ఫింగర్ ప్రింట్ సెన్సార్ లేదు,0.0,ఇందులో ఫింగర్ ప్రింట్ సెన్చార్ లేదు,0.0,ఇందులో ఫింగర్ ప్రింట్ సెన్చార్ లేదు,0.0,ఇందులో ఫింగర్ ప్రింట్ సెన్చార్ లేదు,0.0,ఇందులో ఫింగర్ ప్రింట్ సెన్వార్ లేదు
అందునా ఈ స్థితిలో మాటలెందుకు,0.0,అందునా ఈ స్థితిలో మాటలెందుకు,0.0,అందునా ఈ స్థితిలో మాటలెందుకు,0.0,అందునా ఈ స్థితిలో మాటలెందుకు,0.0,అందునా ఈ స్థితిలో మాటలెందుకు
కానీ ఇక్కడ అది ఎల్లప్పుడూ సరిపోదు అర్థం,0.0,కానీ ఇక్కడ అది ఎల్ధప్యుడూ సరిపోదు అర్థం,0.0,కానీ ఇక్కడ అది ఎల్తప్సుడూ సరిపోదు అర్థం,0.0,కానీ ఇక్కడ అది ఎల్తప్యుడూ సరిపోదు అర్థం,0.0,కానీ ఇక్కడ అది ఎల్గప్యుడూ సరిపోదు అర్థం
ఈ సాంగ్ నువ్వెందుకు చేశావ్,0.0,ఈ సాంగ్ నువ్సెందుకు చేశావ్,0.0,ఈ సాంగ్ నువ్సెందుకు చేశావ్,0.0,ఈ సాంగ్ నువ్చెందుకు చేశావ్,0.0,ఈ సాంగ్ నువ్యెందుకు చేశావ్
ప్రాజెక్టు నిర్మాణానికయ్యే ఖర్చు కేంద్రమే భరిస్తుంది,0.0,ప్రాజెక్టు నిర్శాణానికయ్యే ఖర్సు కేంద్రమే భరిస్లుంది,0.0,ప్రాజెక్టు నిర్శాణానికయ్యే ఖర్వు కేంద్రమే భరిస్లుంది,0.0,ప్రాజెక్టు నిర్శాణానికయ్యే ఖర్వు కేంద్రమే భరిస్లుంది,0.0,ప్రాజెక్టు నిర్శాణానికయ్యే ఖర్సు కేంద్రమే భరిస్లుంది
లక్షల వరకు పెట్టుబడే అవుతుంది,0.0,లక్షల వరకు పెట్టుబడే అవుతుంది,0.0,లక్షల వరకు పెట్టుబడే అవుతుంది,0.0,లక్షల వరకు పెట్టుబడే అవుతుంది,0.0,లక్షల వరకు పెట్టుబడే అవుతుంది
కావునా తగిన జాగ్రత్తలు తీసుకోండి,0.0,కావునా తగిన జాగ్రత్లలు తీసుకోండి,0.0,కావునా తగిన జాగ్రత్లలు తీసుకోండి,0.0,కావునా తగిన జాగ్రత్లలు తీసుకోండి,0.0,కావునా తగిన జాగ్రత్లలు తీసుకోండి
టీఎంసీ బీజేపీ కార్యకర్తల ఘర్షణలతో ఇప్పటికే పదుల సంఖ్యలో చనిపోయిన సంగతి తెలిసిందే,0.0,టీఎంసీ బీజేపీ కార్యకర్లల ఘర్షణలతో ఇప్యటికే పదుల సంఖ్యలో చనిపోయిన సంగతి తెలిసిందే,0.0,టీఎంసీ బీజేపీ కార్యకర్లల ఘర్షణలతో ఇప్వటికే పదుల సంఖ్యలో చనిపోయిన సంగతి తెలిసిందే,0.0,టీఎంసీ బీజేపీ కార్యకర్లల ఘర్షణలతో ఇప్నటికే పదుల సంఖ్యలో చనిపోయిన సంగతి తెలిసిందే,0.0,టీఎంసీ బీజేపీ కార్యకర్లల ఘర్షణలతో ఇప్యటికే పదుల సంఖ్యలో చనిపోయిన సంగతి తెలిసిందే
మన దృక్పథం కూడా అదే కాదంటారా,0.0,మన దృక్యథం కూడా అదే కాదంటారా,0.0,మన దృక్వథం కూడా అదే కాదంటారా,0.0,మన దృక్యథం కూడా అదే కాదంటారా,0.0,మన దృక్నథం కూడా అదే కాదంటారా
అనేక పక్షుల రెక్కల తోకల ఈకలు నిర్దిష్ట సమయంలో క్రమ పద్ధతిలో రాలిపోతాయి,0.0,అనేక పక్షుల రెక్కల తోకల ఈకలు నిర్డిష్ట సమయంలో క్రమ పద్గతిలో రాలిపోతాయి,0.0,అనేక పక్షుల రెక్కల తోకల ఈకలు నిర్ ిష్ట సమయంలో క్రమ పద్డతిలో రాలిపోతాయి,0.0,అనేక పక్షుల రెక్కల తోకల ఈకలు నిర్డిష్ట సమయంలో క్రమ పద్దతిలో రాలిపోతాయి,0.0,అనేక పక్షుల రెక్కల తోకల ఈకలు నిర్ధిష్ట సమయంలో క్రమ పద్గతిలో రాలిపోతాయి
జీవితంలో ఎన్నో ఒత్తిడులు చికాకులు,0.0,జీవితంలో ఎన్వో ఒత్లిడులు చికాకులు,0.0,జీవితంలో ఎన్పో ఒత్లిడులు చికాకులు,0.0,జీవితంలో ఎన్వో ఒత్లిడులు చికాకులు,0.0,జీవితంలో ఎన్వో ఒత్లిడులు చికాకులు
ఇప్పుడు అక్కడి నుంచి తన పాదయాత్రను ప్రారంభిస్తున్నారు,0.0,ఇప్వుడు అక్కడి నుంచి తన పాదయాత్రను ప్రారంభిస్లున్వారు,0.0,ఇప్వుడు అక్కడి నుంచి తన పాదయాత్రను ప్రారంభిస్లున్పారు,0.0,ఇప్యుడు అక్కడి నుంచి తన పాదయాత్రను ప్రారంభిస్లున్వారు,0.0,ఇప్యుడు అక్కడి నుంచి తన పాదయాత్రను ప్రారంభిస్లున్పారు
ఇంటర్లో బయాలజీ ఫిజిక్స్ కెమిస్ట్రీ మ్యాథ్స్ సబ్జెక్టులు చదువుకున్నవారు దరఖాస్తు చేసుకోవచ్చు,0.0,ఇంటర్ధో బయాలజీ ఫిజిక్వ్ కెమిస్ట్రీ మ్యాథ్చ్ సబ్జెక్టులు చదువుకున్వవారు దరఖాస్లు చేసుకోవచ్వు,0.0,ఇంటర్తో బయాలజీ ఫిజిక్న్ కెమిస్ట్రీ మ్యాథ్న్ సబ్జెక్టులు చదువుకున్వవారు దరఖాస్లు చేసుకోవచ్వు,0.0,ఇంటర్గో బయాలజీ ఫిజిక్ప్ కెమిస్ట్రీ మ్యాథ్చ్ సబ్జెక్టులు చదువుకున్పవారు దరఖాస్లు చేసుకోవచ్వు,0.0,ఇంటర్ధో బయాలజీ ఫిజిక్న్ కెమిస్ట్రీ మ్యాథ్ప్ సబ్జెక్టులు చదువుకున్పవారు దరఖాస్లు చేసుకోవచ్సు
ప్రముఖ బుల్లితెర నటి కామ్యా పంజాబీ ఇటీవల రెండో పెళ్లి చేసుకున్నారు,0.0,ప్రముఖ బుల్ధితెర నటి కామ్యా పంజాబీ ఇటీవల రెండో పెళ్ధి చేసుకున్వారు,0.0,ప్రముఖ బుల్ధితెర నటి కామ్యా పంజాబీ ఇటీవల రెండో పెళ్ధి చేసుకున్పారు,0.0,ప్రముఖ బుల్తితెర నటి కామ్యా పంజాబీ ఇటీవల రెండో పెళ్గి చేసుకున్వారు,0.0,ప్రముఖ బుల్తితెర నటి కామ్యా పంజాబీ ఇటీవల రెండో పెళ్తి చేసుకున్వారు
బాధితురాలిని ఆసుపత్రిలో చేర్చారు,0.0,బాధితురాలిని ఆసుపత్రిలో చేర్వారు,0.0,బాధితురాలిని ఆసుపత్రిలో చేర్వారు,0.0,బాధితురాలిని ఆసుపత్రిలో చేర్వారు,0.0,బాధితురాలిని ఆసుపత్రిలో చేర్సారు
మానవత్వానికి మాయని మచ్చ ఈ ఘటణ,0.0,మానవత్యానికి మాయని మచ్వ ఈ ఘటణ,0.0,మానవత్యానికి మాయని మచ్వ ఈ ఘటణ,0.0,మానవత్నానికి మాయని మచ్స ఈ ఘటణ,0.0,మానవత్పానికి మాయని మచ్స ఈ ఘటణ
ఇది ఈ ప్రాంతంలోని ఏకైక యునెస్కో ప్రపంచ వారసత్వ ప్రదేశం,0.0,ఇది ఈ ప్రాంతంలోని ఏకైక యునెస్కో ప్రపంచ వారసత్న ప్రదేశం,0.0,ఇది ఈ ప్రాంతంలోని ఏకైక యునెస్కో ప్రపంచ వారసత్న ప్రదేశం,0.0,ఇది ఈ ప్రాంతంలోని ఏకైక యునెస్కో ప్రపంచ వారసత్య ప్రదేశం,0.0,ఇది ఈ ప్రాంతంలోని ఏకైక యునెస్కో ప్రపంచ వారసత్చ ప్రదేశం
చాలా ఉదాహరణలు ఉన్నాయి,0.0,చాలా ఉదాహరణలు ఉన్పాయి,0.0,చాలా ఉదాహరణలు ఉన్వాయి,0.0,చాలా ఉదాహరణలు ఉన్పాయి,0.0,చాలా ఉదాహరణలు ఉన్పాయి
వంతెన మీటర్లు అడుగులు ఎత్తు మీటర్లు అడుగులు పొడవు ఉంది,0.0,వంతెన మీటర్గు అడుగులు ఎత్లు మీటర్తు అడుగులు పొడవు ఉంది,0.0,వంతెన మీటర్తు అడుగులు ఎత్లు మీటర్తు అడుగులు పొడవు ఉంది,0.0,వంతెన మీటర్తు అడుగులు ఎత్లు మీటర్ధు అడుగులు పొడవు ఉంది,0.0,వంతెన మీటర్గు అడుగులు ఎత్లు మీటర్గు అడుగులు పొడవు ఉంది
ఉత్తమ్లను అరెస్టు చేసి రిమాండ్కు పంపించారు,0.0,ఉత్లమ్గను అరెస్టు చేసి రిమాండ్కు పంపించారు,0.0,ఉత్లమ్ధను అరెస్టు చేసి రిమాండ్కు పంపించారు,0.0,ఉత్లమ్గను అరెస్టు చేసి రిమాండ్కు పంపించారు,0.0,ఉత్లమ్గను అరెస్టు చేసి రిమాండ్కు పంపించారు
మరీ విషాద పరిస్థితుల్లో తప్పితే,0.0,మరీ విషాద పరిస్థితుల్తో తప్వితే,0.0,మరీ విషాద పరిస్థితుల్గో తప్వితే,0.0,మరీ విషాద పరిస్థితుల్గో తప్యితే,0.0,మరీ విషాద పరిస్థితుల్గో తప్సితే
ఫిల్మ్ఫేర్ అవార్డ్స్ విజేతలు,0.0,ఫిల్శ్ఫేర్ అవార్ద్ప్ విజేతలు,0.0,ఫిల్శ్ఫేర్ అవార్ద్వ్ విజేతలు,0.0,ఫిల్శ్ఫేర్ అవార్ధ్చ్ విజేతలు,0.0,ఫిల్శ్ఫేర్ అవార్ధ్వ్ విజేతలు
అన్న చర్చ పార్టీ వర్గాల్లో మొదలయింది,0.0,అన్ప చర్స పార్టీ వర్ఠాల్గో మొదలయింది,0.0,అన్ప చర్స పార్టీ వర్ధాల్గో మొదలయింది,0.0,అన్ప చర్స పార్టీ వర్ఠాల్తో మొదలయింది,0.0,అన్వ చర్స పార్టీ వర్ధాల్తో మొదలయింది
కానీ అది మంచి ఈ సంస్థల్లకన్నా,0.0,కానీ అది మంచి ఈ సంస్థల్గకన్పా,0.0,కానీ అది మంచి ఈ సంస్థల్ధకన్పా,0.0,కానీ అది మంచి ఈ సంస్థల్ధకన్వా,0.0,కానీ అది మంచి ఈ సంస్థల్ధకన్పా
ఈ ఫొటోలు లీక్ అయ్యాయి,0.0,ఈ ఫొటోలు లీక్ అయ్యాయి,0.0,ఈ ఫొటోలు లీక్ అయ్యాయి,0.0,ఈ ఫొటోలు లీక్ అయ్యాయి,0.0,ఈ ఫొటోలు లీక్ అయ్యాయి
మిగతా లక్షలు రూ,0.0,మిగతా లక్షలు రూ,0.0,మిగతా లక్షలు రూ,0.0,మిగతా లక్షలు రూ,0.0,మిగతా లక్షలు రూ
హైదరాబాద్ మహా నగరంలో భిన్నమైన పరిస్థితి నెలకొంది,0.0,హైదరాబాద్ మహా నగరంలో భిన్వమైన పరిస్థితి నెలకొంది,0.0,హైదరాబాద్ మహా నగరంలో భిన్వమైన పరిస్థితి నెలకొంది,0.0,హైదరాబాద్ మహా నగరంలో భిన్పమైన పరిస్థితి నెలకొంది,0.0,హైదరాబాద్ మహా నగరంలో భిన్పమైన పరిస్థితి నెలకొంది
ఇక భారతదేశ వ్యవసాయ ఆటోమొబైల్ ఆటో పరికరాలు ఇంజనీరింగ్ విడిభాగాలకు అమెరికాలో మరింత మార్కెట్ వాతావరణం కల్పించాలని కూడా పట్టుపట్టనున్నారు,0.0,ఇక భారతదేశ వ్యవసాయ ఆటోమొబైల్ ఆటో పరికరాలు ఇంజనీరింగ్ విడిభాగాలకు అమెరికాలో మరింత మార్కెట్ వాతావరణం కల్సించాలని కూడా పట్టుపట్టనున్పారు,0.0,ఇక భారతదేశ వ్యవసాయ ఆటోమొబైల్ ఆటో పరికరాలు ఇంజనీరింగ్ విడిభాగాలకు అమెరికాలో మరింత మార్కెట్ వాతావరణం కల్సించాలని కూడా పట్టుపట్టనున్పారు,0.0,ఇక భారతదేశ వ్యవసాయ ఆటోమొబైల్ ఆటో పరికరాలు ఇంజనీరింగ్ విడిభాగాలకు అమెరికాలో మరింత మార్కెట్ వాతావరణం కల్యించాలని కూడా పట్టుపట్టనున్వారు,0.0,ఇక భారతదేశ వ్యవసాయ ఆటోమొబైల్ ఆటో పరికరాలు ఇంజనీరింగ్ విడిభాగాలకు అమెరికాలో మరింత మార్కెట్ వాతావరణం కల్నించాలని కూడా పట్టుపట్టనున్వారు
అతని మొదటి భార్య చనిపోయింది,0.0,అతని మొదటి భార్య చనిపోయింది,0.0,అతని మొదటి భార్య చనిపోయింది,0.0,అతని మొదటి భార్య చనిపోయింది,0.0,అతని మొదటి భార్య చనిపోయింది
అది బలవంతపు బాప్తిస్మం కాదు ఎందుకంటే మీరు వ్యక్తిగతంగా నిర్ణయం తీసుకున్నారు,0.0,అది బలవంతపు బాప్లిస్శం కాదు ఎందుకంటే మీరు వ్యక్లిగతంగా నిర్ణయం తీసుకున్పారు,0.0,అది బలవంతపు బాప్లిస్శం కాదు ఎందుకంటే మీరు వ్యక్లిగతంగా నిర్ణయం తీసుకున్పారు,0.0,అది బలవంతపు బాప్లిస్శం కాదు ఎందుకంటే మీరు వ్యక్లిగతంగా నిర్ణయం తీసుకున్పారు,0.0,అది బలవంతపు బాప్లిస్శం కాదు ఎందుకంటే మీరు వ్యక్లిగతంగా నిర్ణయం తీసుకున్పారు
ఇవీ ప్రభుత్వ విజయాలేనా,0.0,ఇవీ ప్రభుత్చ విజయాలేనా,0.0,ఇవీ ప్రభుత్య విజయాలేనా,0.0,ఇవీ ప్రభుత్స విజయాలేనా,0.0,ఇవీ ప్రభుత్య విజయాలేనా
ప్రముఖ దేశవాళీ స్మార్ట్ఫోన్ల తయారీ కంపెనీ మైక్రోమ్యాక్స్ అంతర్జాతీయంగా తన పరిధిని మరింత విస్తరింపజేసేందుకు సరికొత్త వ్యూహాలతో ముందుసాగు,0.0,ప్రముఖ దేశవాళీ స్శార్ట్ఫోన్గ తయారీ కంపెనీ మైక్రోమ్యాక్చ్ అంతర్జాతీయంగా తన పరిధిని మరింత విస్లరింపజేసేందుకు సరికొత్ల వ్యూహాలతో ముందుసాగు,0.0,ప్రముఖ దేశవాళీ స్శార్ట్ఫోన్గ తయారీ కంపెనీ మైక్రోమ్యాక్వ్ అంతర్జాతీయంగా తన పరిధిని మరింత విస్లరింపజేసేందుకు సరికొత్ల వ్యూహాలతో ముందుసాగు,0.0,ప్రముఖ దేశవాళీ స్శార్ట్ఫోన్త తయారీ కంపెనీ మైక్రోమ్యాక్వ్ అంతర్జాతీయంగా తన పరిధిని మరింత విస్లరింపజేసేందుకు సరికొత్ల వ్యూహాలతో ముందుసాగు,0.0,ప్రముఖ దేశవాళీ స్శార్ట్ఫోన్గ తయారీ కంపెనీ మైక్రోమ్యాక్ప్ అంతర్జాతీయంగా తన పరిధిని మరింత విస్లరింపజేసేందుకు సరికొత్ల వ్యూహాలతో ముందుసాగు
ఏడు సంవత్సరాల వయస్సులో ప్రాథమిక పాఠశాలల్లో పిల్లలను నమోదు చేసుకుంటారు,0.0,ఏడు సంవత్చరాల వయస్నులో ప్రాథమిక పాఠశాలల్ధో పిల్ధలను నమోదు చేసుకుంటారు,0.0,ఏడు సంవత్పరాల వయస్వులో ప్రాథమిక పాఠశాలల్ధో పిల్ధలను నమోదు చేసుకుంటారు,0.0,ఏడు సంవత్వరాల వయస్నులో ప్రాథమిక పాఠశాలల్ధో పిల్గలను నమోదు చేసుకుంటారు,0.0,ఏడు సంవత్వరాల వయస్చులో ప్రాథమిక పాఠశాలల్ధో పిల్గలను నమోదు చేసుకుంటారు
ఈ ట్రైలర్ కి ప్రేక్షకుల నుండి మంచి రెస్పాన్స్ అందుతుంది,0.0,ఈ ట్రైలర్ కి ప్రేక్షకుల నుండి మంచి రెస్సాన్చ్ అందుతుంది,0.0,ఈ ట్రైలర్ కి ప్రేక్షకుల నుండి మంచి రెస్సాన్చ్ అందుతుంది,0.0,ఈ ట్రైలర్ కి ప్రేక్షకుల నుండి మంచి రెస్నాన్ప్ అందుతుంది,0.0,ఈ ట్రైలర్ కి ప్రేక్షకుల నుండి మంచి రెస్యాన్న్ అందుతుంది
యేసు తాను పొందిన శ్రమలవలన విధేయతను నేర్చుకొన్నాడు హెబ్రీయులు,0.0,యేసు తాను పొందిన శ్రమలవలన విధేయతను నేర్వుకొన్పాడు హెబ్రీయులు,0.0,యేసు తాను పొందిన శ్రమలవలన విధేయతను నేర్సుకొన్వాడు హెబ్రీయులు,0.0,యేసు తాను పొందిన శ్రమలవలన విధేయతను నేర్వుకొన్పాడు హెబ్రీయులు,0.0,యేసు తాను పొందిన శ్రమలవలన విధేయతను నేర్సుకొన్పాడు హెబ్రీయులు
నా వర్గం లోని చాలామందిలాగా డిప్రెషన్ అనేది ఒక బలహీనత అనే తప్పు అభిప్రాయముండేది స్వభావలోపం,0.0,నా వర్ధం లోని చాలామందిలాగా డిప్రెషన్ అనేది ఒక బలహీనత అనే తప్ను అభిప్రాయముండేది స్నభావలోపం,0.0,నా వర్లం లోని చాలామందిలాగా డిప్రెషన్ అనేది ఒక బలహీనత అనే తప్యు అభిప్రాయముండేది స్నభావలోపం,0.0,నా వర్లం లోని చాలామందిలాగా డిప్రెషన్ అనేది ఒక బలహీనత అనే తప్యు అభిప్రాయముండేది స్చభావలోపం,0.0,నా వర్ధం లోని చాలామందిలాగా డిప్రెషన్ అనేది ఒక బలహీనత అనే తప్యు అభిప్రాయముండేది స్పభావలోపం
అలాగే ఆ చిత్రంలో కీలకపాత్రలో చేయటానికి సంజయ్ దత్ ఓకే చేసారు,0.0,అలాగే ఆ చిత్రంలో కీలకపాత్రలో చేయటానికి సంజయ్ దత్ ఓకే చేసారు,0.0,అలాగే ఆ చిత్రంలో కీలకపాత్రలో చేయటానికి సంజయ్ దత్ ఓకే చేసారు,0.0,అలాగే ఆ చిత్రంలో కీలకపాత్రలో చేయటానికి సంజయ్ దత్ ఓకే చేసారు,0.0,అలాగే ఆ చిత్రంలో కీలకపాత్రలో చేయటానికి సంజయ్ దత్ ఓకే చేసారు
ఇది ఒక అనధికార సమావేశం,0.0,ఇది ఒక అనధికార సమావేశం,0.0,ఇది ఒక అనధికార సమావేశం,0.0,ఇది ఒక అనధికార సమావేశం,0.0,ఇది ఒక అనధికార సమావేశం
దీంతో కొంత ఉత్కంఠ నెలకొంది,0.0,దీంతో కొంత ఉత్కంఠ నెలకొంది,0.0,దీంతో కొంత ఉత్కంఠ నెలకొంది,0.0,దీంతో కొంత ఉత్కంఠ నెలకొంది,0.0,దీంతో కొంత ఉత్కంఠ నెలకొంది
నేను అక్కడ పుట్టాను,0.0,నేను అక్కడ పుట్టాను,0.0,నేను అక్కడ పుట్టాను,0.0,నేను అక్కడ పుట్టాను,0.0,నేను అక్కడ పుట్టాను
ఇతర పార్టీలకు చెందిన కొందరు నేతలు అమిత్ షా సమక్షంలో బీజేపీలో చేరే అవకాశముంది,0.0,ఇతర పార్టీలకు చెందిన కొందరు నేతలు అమిత్ షా సమక్షంలో బీజేపీలో చేరే అవకాశముంది,0.0,ఇతర పార్టీలకు చెందిన కొందరు నేతలు అమిత్ షా సమక్షంలో బీజేపీలో చేరే అవకాశముంది,0.0,ఇతర పార్టీలకు చెందిన కొందరు నేతలు అమిత్ షా సమక్షంలో బీజేపీలో చేరే అవకాశముంది,0.0,ఇతర పార్టీలకు చెందిన కొందరు నేతలు అమిత్ షా సమక్షంలో బీజేపీలో చేరే అవకాశముంది
అయితే మారుతి సుజుకి మొదటి సారిగా తమ సెలెరియోలో ప్రప్రథమంగా ఆటోమేటిక్ ట్రాన్స్మిషన్ అందించింది,0.0,అయితే మారుతి సుజుకి మొదటి సారిగా తమ సెలెరియోలో ప్రప్రథమంగా ఆటోమేటిక్ ట్రాన్చ్శిషన్ అందించింది,0.0,అయితే మారుతి సుజుకి మొదటి సారిగా తమ సెలెరియోలో ప్రప్రథమంగా ఆటోమేటిక్ ట్రాన్వ్శిషన్ అందించింది,0.0,అయితే మారుతి సుజుకి మొదటి సారిగా తమ సెలెరియోలో ప్రప్రథమంగా ఆటోమేటిక్ ట్రాన్వ్శిషన్ అందించింది,0.0,అయితే మారుతి సుజుకి మొదటి సారిగా తమ సెలెరియోలో ప్రప్రథమంగా ఆటోమేటిక్ ట్రాన్చ్శిషన్ అందించింది
నమ్రతనూ అణకువనూ చూపించడంలో ఉన్న విలువను యేసు నేర్పించాడు,0.0,నమ్రతనూ అణకువనూ చూపించడంలో ఉన్ప విలువను యేసు నేర్నించాడు,0.0,నమ్రతనూ అణకువనూ చూపించడంలో ఉన్ప విలువను యేసు నేర్సించాడు,0.0,నమ్రతనూ అణకువనూ చూపించడంలో ఉన్వ విలువను యేసు నేర్యించాడు,0.0,నమ్రతనూ అణకువనూ చూపించడంలో ఉన్ప విలువను యేసు నేర్వించాడు
మహేందర్ రెడ్డితో తనకు మంచి అనుబంధముందని పవన్ అన్నారు,0.0,మహేందర్ రెడ్దితో తనకు మంచి అనుబంధముందని పవన్ అన్వారు,0.0,మహేందర్ రెడ్దితో తనకు మంచి అనుబంధముందని పవన్ అన్వారు,0.0,మహేందర్ రెడ్ధితో తనకు మంచి అనుబంధముందని పవన్ అన్వారు,0.0,మహేందర్ రెడ్ధితో తనకు మంచి అనుబంధముందని పవన్ అన్పారు
మన కర్తవ్యాన్ని నిర్వహిద్దాం,0.0,మన కర్లవ్యాన్వి నిర్పహిద్డాం,0.0,మన కర్లవ్యాన్పి నిర్సహిద్ధాం,0.0,మన కర్లవ్యాన్వి నిర్చహిద్ ాం,0.0,మన కర్లవ్యాన్వి నిర్యహిద్ ాం
నేను స్వేచ్ఛగా ఉండలేను,0.0,నేను స్పేచ్ఛగా ఉండలేను,0.0,నేను స్యేచ్ఛగా ఉండలేను,0.0,నేను స్నేచ్ఛగా ఉండలేను,0.0,నేను స్చేచ్ఛగా ఉండలేను
చక్కని ప్రయత్నం,0.0,చక్కని ప్రయత్వం,0.0,చక్కని ప్రయత్పం,0.0,చక్కని ప్రయత్వం,0.0,చక్కని ప్రయత్వం
దీనికి అదనంగా వార్షిక గ్రాంటు రూ,0.0,దీనికి అదనంగా వార్షిక గ్రాంటు రూ,0.0,దీనికి అదనంగా వార్షిక గ్రాంటు రూ,0.0,దీనికి అదనంగా వార్షిక గ్రాంటు రూ,0.0,దీనికి అదనంగా వార్షిక గ్రాంటు రూ
భరోసా ఇవ్వలేకపోతున్న డాక్టర్లు,0.0,భరోసా ఇవ్యలేకపోతున్ప డాక్టర్గు,0.0,భరోసా ఇవ్నలేకపోతున్వ డాక్టర్తు,0.0,భరోసా ఇవ్పలేకపోతున్వ డాక్టర్గు,0.0,భరోసా ఇవ్పలేకపోతున్ప డాక్టర్గు
ఇలాంటి సమస్యలకు దూరంగా ఉండేందుకు కొన్ని చిట్కాలు ఉన్నాయి,0.0,ఇలాంటి సమస్యలకు దూరంగా ఉండేందుకు కొన్పి చిట్కాలు ఉన్వాయి,0.0,ఇలాంటి సమస్యలకు దూరంగా ఉండేందుకు కొన్పి చిట్కాలు ఉన్పాయి,0.0,ఇలాంటి సమస్యలకు దూరంగా ఉండేందుకు కొన్వి చిట్కాలు ఉన్వాయి,0.0,ఇలాంటి సమస్యలకు దూరంగా ఉండేందుకు కొన్పి చిట్కాలు ఉన్వాయి
ప్రజలు వారిని చూసేందుకు ఎగబడుతున్నారు,0.0,ప్రజలు వారిని చూసేందుకు ఎగబడుతున్పారు,0.0,ప్రజలు వారిని చూసేందుకు ఎగబడుతున్వారు,0.0,ప్రజలు వారిని చూసేందుకు ఎగబడుతున్పారు,0.0,ప్రజలు వారిని చూసేందుకు ఎగబడుతున్పారు
కనీసం రివ్యూ కూడా చేయలేదు,0.0,కనీసం రివ్యూ కూడా చేయలేదు,0.0,కనీసం రివ్యూ కూడా చేయలేదు,0.0,కనీసం రివ్యూ కూడా చేయలేదు,0.0,కనీసం రివ్యూ కూడా చేయలేదు
ఈ ఇయర్ ఫోన్ వినియోగదారులకు గ్రీన్ తెలుపు నలుపు ఎరుపు రంగు ఆప్షన్స్ లో లభిస్తుంది,0.0,ఈ ఇయర్ ఫోన్ వినియోగదారులకు గ్రీన్ తెలుపు నలుపు ఎరుపు రంగు ఆప్షన్వ్ లో లభిస్లుంది,0.0,ఈ ఇయర్ ఫోన్ వినియోగదారులకు గ్రీన్ తెలుపు నలుపు ఎరుపు రంగు ఆప్షన్వ్ లో లభిస్లుంది,0.0,ఈ ఇయర్ ఫోన్ వినియోగదారులకు గ్రీన్ తెలుపు నలుపు ఎరుపు రంగు ఆప్షన్చ్ లో లభిస్లుంది,0.0,ఈ ఇయర్ ఫోన్ వినియోగదారులకు గ్రీన్ తెలుపు నలుపు ఎరుపు రంగు ఆప్షన్వ్ లో లభిస్లుంది
పరిశ్రమ అవసరాలకు తగినట్లుగా నైపుణ్యం ఉందా,0.0,పరిశ్రమ అవసరాలకు తగినట్తుగా నైపుణ్యం ఉందా,0.0,పరిశ్రమ అవసరాలకు తగినట్తుగా నైపుణ్యం ఉందా,0.0,పరిశ్రమ అవసరాలకు తగినట్తుగా నైపుణ్యం ఉందా,0.0,పరిశ్రమ అవసరాలకు తగినట్ధుగా నైపుణ్యం ఉందా
పరిస్థితిని అదుపులోకి తేవడానికి పోలీసులు కర్ఫ్యూ విధించారు,0.0,పరిస్థితిని అదుపులోకి తేవడానికి పోలీసులు కర్ఫ్యూ విధించారు,0.0,పరిస్థితిని అదుపులోకి తేవడానికి పోలీసులు కర్ఫ్యూ విధించారు,0.0,పరిస్థితిని అదుపులోకి తేవడానికి పోలీసులు కర్ఫ్యూ విధించారు,0.0,పరిస్థితిని అదుపులోకి తేవడానికి పోలీసులు కర్ఫ్యూ విధించారు
ఈ ఘటనకు సంబంధించి పోలీసులు సెక్షన్ల కింద కేసు రిజిస్టర్ చేశారు,0.0,ఈ ఘటనకు సంబంధించి పోలీసులు సెక్షన్ధ కింద కేసు రిజిస్టర్ చేశారు,0.0,ఈ ఘటనకు సంబంధించి పోలీసులు సెక్షన్ధ కింద కేసు రిజిస్టర్ చేశారు,0.0,ఈ ఘటనకు సంబంధించి పోలీసులు సెక్షన్ధ కింద కేసు రిజిస్టర్ చేశారు,0.0,ఈ ఘటనకు సంబంధించి పోలీసులు సెక్షన్గ కింద కేసు రిజిస్టర్ చేశారు
దీనికి పర్యాటకుల నుంచి విశేష ఆదరణ లభించింది కూడా,0.0,దీనికి పర్యాటకుల నుంచి విశేష ఆదరణ లభించింది కూడా,0.0,దీనికి పర్యాటకుల నుంచి విశేష ఆదరణ లభించింది కూడా,0.0,దీనికి పర్యాటకుల నుంచి విశేష ఆదరణ లభించింది కూడా,0.0,దీనికి పర్యాటకుల నుంచి విశేష ఆదరణ లభించింది కూడా
అలాగే ఓ ప్రముఖ హీరోయిన్ ఈ సినిమాలో కనిపించబోతుంది,0.0,అలాగే ఓ ప్రముఖ హీరోయిన్ ఈ సినిమాలో కనిపించబోతుంది,0.0,అలాగే ఓ ప్రముఖ హీరోయిన్ ఈ సినిమాలో కనిపించబోతుంది,0.0,అలాగే ఓ ప్రముఖ హీరోయిన్ ఈ సినిమాలో కనిపించబోతుంది,0.0,అలాగే ఓ ప్రముఖ హీరోయిన్ ఈ సినిమాలో కనిపించబోతుంది
లో ఈ పెరుగుదల శాతం కాగా నాటికి శాతానికి పెరిగింది,0.0,లో ఈ పెరుగుదల శాతం కాగా నాటికి శాతానికి పెరిగింది,0.0,లో ఈ పెరుగుదల శాతం కాగా నాటికి శాతానికి పెరిగింది,0.0,లో ఈ పెరుగుదల శాతం కాగా నాటికి శాతానికి పెరిగింది,0.0,లో ఈ పెరుగుదల శాతం కాగా నాటికి శాతానికి పెరిగింది
ఆదాయం మాత్రం పెరిగింది,0.0,ఆదాయం మాత్రం పెరిగింది,0.0,ఆదాయం మాత్రం పెరిగింది,0.0,ఆదాయం మాత్రం పెరిగింది,0.0,ఆదాయం మాత్రం పెరిగింది
ముఖ్యమైన భాగము,0.0,ముఖ్యమైన భాగము,0.0,ముఖ్యమైన భాగము,0.0,ముఖ్యమైన భాగము,0.0,ముఖ్యమైన భాగము
భూభాగం యుద్ధం,0.0,భూభాగం యుద్గం,0.0,భూభాగం యుద్డం,0.0,భూభాగం యుద్డం,0.0,భూభాగం యుద్లం
ఇది పిల్లల కోసం సులభమైన భావన కాదు,0.0,ఇది పిల్గల కోసం సులభమైన భావన కాదు,0.0,ఇది పిల్ధల కోసం సులభమైన భావన కాదు,0.0,ఇది పిల్ధల కోసం సులభమైన భావన కాదు,0.0,ఇది పిల్ధల కోసం సులభమైన భావన కాదు
ఎలా వాళ్ళకి పెళ్ళిళ్ళు చేయడం,0.0,ఎలా వాళ్ళకి పెళ్ళిళ్ళు చేయడం,0.0,ఎలా వాళ్ళకి పెళ్ళిళ్ళు చేయడం,0.0,ఎలా వాళ్ళకి పెళ్ళిళ్ళు చేయడం,0.0,ఎలా వాళ్ళకి పెళ్ళిళ్ళు చేయడం
ఇదిలావుంటే ప్రకాశం జిల్లా చీరాలలో దారుణమైన సంఘటన చోటు చేసుకుంది,0.0,ఇదిలావుంటే ప్రకాశం జిల్ధా చీరాలలో దారుణమైన సంఘటన చోటు చేసుకుంది,0.0,ఇదిలావుంటే ప్రకాశం జిల్తా చీరాలలో దారుణమైన సంఘటన చోటు చేసుకుంది,0.0,ఇదిలావుంటే ప్రకాశం జిల్తా చీరాలలో దారుణమైన సంఘటన చోటు చేసుకుంది,0.0,ఇదిలావుంటే ప్రకాశం జిల్ధా చీరాలలో దారుణమైన సంఘటన చోటు చేసుకుంది
కాగా మాజీ కెప్టెన్ మహేంద్ర సింగ్ ధోనీకి చోటు దక్కడం విశేషం,0.0,కాగా మాజీ కెప్టెన్ మహేంద్ర సింగ్ ధోనీకి చోటు దక్కడం విశేషం,0.0,కాగా మాజీ కెప్టెన్ మహేంద్ర సింగ్ ధోనీకి చోటు దక్కడం విశేషం,0.0,కాగా మాజీ కెప్టెన్ మహేంద్ర సింగ్ ధోనీకి చోటు దక్కడం విశేషం,0.0,కాగా మాజీ కెప్టెన్ మహేంద్ర సింగ్ ధోనీకి చోటు దక్కడం విశేషం
ఎంపిలు ఎమ్మెల్యేలు ఎమ్మెల్సీల అధికారిక గుర్తింపు కార్డులు,0.0,ఎంపిలు ఎమ్శెల్యేలు ఎమ్శెల్నీల అధికారిక గుర్లింపు కార్దులు,0.0,ఎంపిలు ఎమ్శెల్యేలు ఎమ్శెల్చీల అధికారిక గుర్లింపు కార్దులు,0.0,ఎంపిలు ఎమ్శెల్యేలు ఎమ్శెల్నీల అధికారిక గుర్లింపు కార్దులు,0.0,ఎంపిలు ఎమ్శెల్యేలు ఎమ్శెల్వీల అధికారిక గుర్లింపు కార్ధులు
కొన్ని సందర్భాల్లో స్ట్రైక్ల మూలంగా చాలాకాలం వరకు స్కూళ్ళు మూతపడతాయి,0.0,కొన్పి సందర్భాల్ధో స్ట్రైక్త మూలంగా చాలాకాలం వరకు స్కూళ్ళు మూతపడతాయి,0.0,కొన్పి సందర్భాల్గో స్ట్రైక్గ మూలంగా చాలాకాలం వరకు స్కూళ్ళు మూతపడతాయి,0.0,కొన్పి సందర్భాల్గో స్ట్రైక్గ మూలంగా చాలాకాలం వరకు స్కూళ్ళు మూతపడతాయి,0.0,కొన్వి సందర్భాల్గో స్ట్రైక్త మూలంగా చాలాకాలం వరకు స్కూళ్ళు మూతపడతాయి
సింపుల్గా వుండేది,0.0,సింపుల్ధా వుండేది,0.0,సింపుల్ధా వుండేది,0.0,సింపుల్ధా వుండేది,0.0,సింపుల్ధా వుండేది
అని కూడా ప్రశ్నించారు,0.0,అని కూడా ప్రశ్పించారు,0.0,అని కూడా ప్రశ్పించారు,0.0,అని కూడా ప్రశ్పించారు,0.0,అని కూడా ప్రశ్పించారు
నమూనాలు లక్షణాలు పై కత్తిరించి శైలి రంగు పొడవు ప్రతి ఇతర విభిన్నమైన,0.0,నమూనాలు లక్షణాలు పై కత్లిరించి శైలి రంగు పొడవు ప్రతి ఇతర విభిన్పమైన,0.0,నమూనాలు లక్షణాలు పై కత్లిరించి శైలి రంగు పొడవు ప్రతి ఇతర విభిన్వమైన,0.0,నమూనాలు లక్షణాలు పై కత్లిరించి శైలి రంగు పొడవు ప్రతి ఇతర విభిన్పమైన,0.0,నమూనాలు లక్షణాలు పై కత్లిరించి శైలి రంగు పొడవు ప్రతి ఇతర విభిన్వమైన
ఈ కార్యక్రమంలో వైస్ చైర్పర్సన్ నాగలక్ష్మి ఉపాధ్యాయ బృందం విద్యార్థులు విద్యార్థుల తల్లిదండ్రులు తదితరులు పాల్గొన్నారు,0.0,ఈ కార్యక్రమంలో వైస్ చైర్నర్వన్ నాగలక్ష్శి ఉపాధ్యాయ బృందం విద్యార్థులు విద్యార్థుల తల్తిదండ్రులు తదితరులు పాల్ధొన్వారు,0.0,ఈ కార్యక్రమంలో వైస్ చైర్నర్నన్ నాగలక్ష్శి ఉపాధ్యాయ బృందం విద్యార్థులు విద్యార్థుల తల్ధిదండ్రులు తదితరులు పాల్ధొన్వారు,0.0,ఈ కార్యక్రమంలో వైస్ చైర్వర్చన్ నాగలక్ష్శి ఉపాధ్యాయ బృందం విద్యార్థులు విద్యార్థుల తల్తిదండ్రులు తదితరులు పాల్ఠొన్పారు,0.0,ఈ కార్యక్రమంలో వైస్ చైర్యర్చన్ నాగలక్ష్శి ఉపాధ్యాయ బృందం విద్యార్థులు విద్యార్థుల తల్గిదండ్రులు తదితరులు పాల్ధొన్వారు
చంద్రబాబు ప్రజాస్వామ్యాన్ని ఖూనీ చేశారు,0.0,చంద్రబాబు ప్రజాస్యామ్యాన్పి ఖూనీ చేశారు,0.0,చంద్రబాబు ప్రజాస్సామ్యాన్పి ఖూనీ చేశారు,0.0,చంద్రబాబు ప్రజాస్పామ్యాన్వి ఖూనీ చేశారు,0.0,చంద్రబాబు ప్రజాస్నామ్యాన్పి ఖూనీ చేశారు
వారికి తెలివితేటలు లేవని అనుకుంటున్నారా,0.0,వారికి తెలివితేటలు లేవని అనుకుంటున్పారా,0.0,వారికి తెలివితేటలు లేవని అనుకుంటున్పారా,0.0,వారికి తెలివితేటలు లేవని అనుకుంటున్పారా,0.0,వారికి తెలివితేటలు లేవని అనుకుంటున్వారా
లక్షల కోట్లు వసూలు చేయాలని ప్రభుత్వం లక్ష్యంగా పెట్టుకుంది,0.0,లక్షల కోట్తు వసూలు చేయాలని ప్రభుత్సం లక్ష్యంగా పెట్టుకుంది,0.0,లక్షల కోట్ధు వసూలు చేయాలని ప్రభుత్చం లక్ష్యంగా పెట్టుకుంది,0.0,లక్షల కోట్ధు వసూలు చేయాలని ప్రభుత్పం లక్ష్యంగా పెట్టుకుంది,0.0,లక్షల కోట్ధు వసూలు చేయాలని ప్రభుత్సం లక్ష్యంగా పెట్టుకుంది
ఇదేం రాజనీతి,0.0,ఇదేం రాజనీతి,0.0,ఇదేం రాజనీతి,0.0,ఇదేం రాజనీతి,0.0,ఇదేం రాజనీతి
ప్రజాస్వామ్య మనుగడకు ఎన్నికలు ప్రాణంవంటివి,0.0,ప్రజాస్సామ్య మనుగడకు ఎన్వికలు ప్రాణంవంటివి,0.0,ప్రజాస్పామ్య మనుగడకు ఎన్వికలు ప్రాణంవంటివి,0.0,ప్రజాస్నామ్య మనుగడకు ఎన్పికలు ప్రాణంవంటివి,0.0,ప్రజాస్సామ్య మనుగడకు ఎన్పికలు ప్రాణంవంటివి
ఆ ఘటనలో మంది ప్రాణాలు కోల్పోయారు,0.0,ఆ ఘటనలో మంది ప్రాణాలు కోల్సోయారు,0.0,ఆ ఘటనలో మంది ప్రాణాలు కోల్నోయారు,0.0,ఆ ఘటనలో మంది ప్రాణాలు కోల్వోయారు,0.0,ఆ ఘటనలో మంది ప్రాణాలు కోల్యోయారు
అభిమానులు మాత్రం ఈ సినిమా విషయంలో చాలా కన్ఫ్యూజన్ లో ఉన్నారు,0.0,అభిమానులు మాత్రం ఈ సినిమా విషయంలో చాలా కన్ఫ్యూజన్ లో ఉన్వారు,0.0,అభిమానులు మాత్రం ఈ సినిమా విషయంలో చాలా కన్ఫ్యూజన్ లో ఉన్వారు,0.0,అభిమానులు మాత్రం ఈ సినిమా విషయంలో చాలా కన్ఫ్యూజన్ లో ఉన్పారు,0.0,అభిమానులు మాత్రం ఈ సినిమా విషయంలో చాలా కన్ఫ్యూజన్ లో ఉన్వారు
పోలవరానికి ప్రభుత్వం ఇప్పటి వరకు చేసిన వ్యయంలో రూ,0.0,పోలవరానికి ప్రభుత్సం ఇప్సటి వరకు చేసిన వ్యయంలో రూ,0.0,పోలవరానికి ప్రభుత్సం ఇప్వటి వరకు చేసిన వ్యయంలో రూ,0.0,పోలవరానికి ప్రభుత్పం ఇప్సటి వరకు చేసిన వ్యయంలో రూ,0.0,పోలవరానికి ప్రభుత్పం ఇప్యటి వరకు చేసిన వ్యయంలో రూ
ఆ తర్వాత కొంత కాలానికి ఆయన టీడీపీని నీడి టీఆర్ఎస్ లో చేరారు,0.0,ఆ తర్పాత కొంత కాలానికి ఆయన టీడీపీని నీడి టీఆర్ఎస్ లో చేరారు,0.0,ఆ తర్సాత కొంత కాలానికి ఆయన టీడీపీని నీడి టీఆర్ఎస్ లో చేరారు,0.0,ఆ తర్చాత కొంత కాలానికి ఆయన టీడీపీని నీడి టీఆర్ఎస్ లో చేరారు,0.0,ఆ తర్పాత కొంత కాలానికి ఆయన టీడీపీని నీడి టీఆర్ఎస్ లో చేరారు
ఈ సినిమాలో బాలయ్యకు జోడీగా బాలీవుడ్ హీరోయిన్ సోనాక్షి సిన్హా నటిస్తుందని ప్రచారం జరుగుతుంది,0.0,ఈ సినిమాలో బాలయ్యకు జోడీగా బాలీవుడ్ హీరోయిన్ సోనాక్షి సిన్హా నటిస్లుందని ప్రచారం జరుగుతుంది,0.0,ఈ సినిమాలో బాలయ్యకు జోడీగా బాలీవుడ్ హీరోయిన్ సోనాక్షి సిన్హా నటిస్లుందని ప్రచారం జరుగుతుంది,0.0,ఈ సినిమాలో బాలయ్యకు జోడీగా బాలీవుడ్ హీరోయిన్ సోనాక్షి సిన్హా నటిస్లుందని ప్రచారం జరుగుతుంది,0.0,ఈ సినిమాలో బాలయ్యకు జోడీగా బాలీవుడ్ హీరోయిన్ సోనాక్షి సిన్హా నటిస్లుందని ప్రచారం జరుగుతుంది
ఇక ఒక్క నిమిషం కూడ ఆలస్యం చేయకూడదు,0.0,ఇక ఒక్క నిమిషం కూడ ఆలస్యం చేయకూడదు,0.0,ఇక ఒక్క నిమిషం కూడ ఆలస్యం చేయకూడదు,0.0,ఇక ఒక్క నిమిషం కూడ ఆలస్యం చేయకూడదు,0.0,ఇక ఒక్క నిమిషం కూడ ఆలస్యం చేయకూడదు
పలు గ్రామాలకు రాకపోకలు స్తంభించటంతో వాటితో సంబంధాలు పూర్తిగా తెగిపోయాయి,0.0,పలు గ్రామాలకు రాకపోకలు స్లంభించటంతో వాటితో సంబంధాలు పూర్లిగా తెగిపోయాయి,0.0,పలు గ్రామాలకు రాకపోకలు స్లంభించటంతో వాటితో సంబంధాలు పూర్లిగా తెగిపోయాయి,0.0,పలు గ్రామాలకు రాకపోకలు స్లంభించటంతో వాటితో సంబంధాలు పూర్లిగా తెగిపోయాయి,0.0,పలు గ్రామాలకు రాకపోకలు స్లంభించటంతో వాటితో సంబంధాలు పూర్లిగా తెగిపోయాయి
గత కొన్నిరోజులుగా అనారోగ్యంతో బాధపడుతున్న ఆమె మృతి చెందినట్లు తెలుస్తోంది,0.0,గత కొన్పిరోజులుగా అనారోగ్యంతో బాధపడుతున్ప ఆమె మృతి చెందినట్ధు తెలుస్లోంది,0.0,గత కొన్పిరోజులుగా అనారోగ్యంతో బాధపడుతున్ప ఆమె మృతి చెందినట్తు తెలుస్లోంది,0.0,గత కొన్విరోజులుగా అనారోగ్యంతో బాధపడుతున్ప ఆమె మృతి చెందినట్తు తెలుస్లోంది,0.0,గత కొన్విరోజులుగా అనారోగ్యంతో బాధపడుతున్ప ఆమె మృతి చెందినట్ధు తెలుస్లోంది
మృతులకు ముగ్గురు కుమారులు ఉన్నారు,0.0,మృతులకు ముగ్ఠురు కుమారులు ఉన్పారు,0.0,మృతులకు ముగ్లురు కుమారులు ఉన్పారు,0.0,మృతులకు ముగ్ధురు కుమారులు ఉన్వారు,0.0,మృతులకు ముగ్ఠురు కుమారులు ఉన్పారు
అయితే చాలా వరకూ దాన్నెవరూ సీరియస్ గా పట్టించుకోలేదు,0.0,అయితే చాలా వరకూ దాన్పెవరూ సీరియస్ గా పట్టించుకోలేదు,0.0,అయితే చాలా వరకూ దాన్పెవరూ సీరియస్ గా పట్టించుకోలేదు,0.0,అయితే చాలా వరకూ దాన్వెవరూ సీరియస్ గా పట్టించుకోలేదు,0.0,అయితే చాలా వరకూ దాన్వెవరూ సీరియస్ గా పట్టించుకోలేదు
ఇది విమోచన గురించి,0.0,ఇది విమోచన గురించి,0.0,ఇది విమోచన గురించి,0.0,ఇది విమోచన గురించి,0.0,ఇది విమోచన గురించి
ఇతరులు సువార్తికుని పనిచేసేలా ప్రోత్సహించండి,0.0,ఇతరులు సువార్లికుని పనిచేసేలా ప్రోత్పహించండి,0.0,ఇతరులు సువార్లికుని పనిచేసేలా ప్రోత్నహించండి,0.0,ఇతరులు సువార్లికుని పనిచేసేలా ప్రోత్పహించండి,0.0,ఇతరులు సువార్లికుని పనిచేసేలా ప్రోత్పహించండి
అవును మీకు సరియైనది,0.0,అవును మీకు సరియైనది,0.0,అవును మీకు సరియైనది,0.0,అవును మీకు సరియైనది,0.0,అవును మీకు సరియైనది
టాలీవుడ్ ఇండస్ట్రీలో నిత్యం వివాదాల ద్వారా సినిమాల ద్వారా వార్తల్లో నిలుస్తుంటారు రామ్ గోపాల్ వర్మ,0.0,టాలీవుడ్ ఇండస్ట్రీలో నిత్యం వివాదాల ద్పారా సినిమాల ద్యారా వార్లల్గో నిలుస్లుంటారు రామ్ గోపాల్ వర్శ,0.0,టాలీవుడ్ ఇండస్ట్రీలో నిత్యం వివాదాల ద్సారా సినిమాల ద్పారా వార్లల్ధో నిలుస్లుంటారు రామ్ గోపాల్ వర్శ,0.0,టాలీవుడ్ ఇండస్ట్రీలో నిత్యం వివాదాల ద్సారా సినిమాల ద్సారా వార్లల్తో నిలుస్లుంటారు రామ్ గోపాల్ వర్శ,0.0,టాలీవుడ్ ఇండస్ట్రీలో నిత్యం వివాదాల ద్చారా సినిమాల ద్యారా వార్లల్గో నిలుస్లుంటారు రామ్ గోపాల్ వర్శ
మహేష్ గత చిత్రం భరత్ అనే నేను రూ,0.0,మహేష్ గత చిత్రం భరత్ అనే నేను రూ,0.0,మహేష్ గత చిత్రం భరత్ అనే నేను రూ,0.0,మహేష్ గత చిత్రం భరత్ అనే నేను రూ,0.0,మహేష్ గత చిత్రం భరత్ అనే నేను రూ
భద్రత యొక్క ఉన్నత స్థాయి,0.0,భద్రత యొక్క ఉన్పత స్థాయి,0.0,భద్రత యొక్క ఉన్వత స్థాయి,0.0,భద్రత యొక్క ఉన్వత స్థాయి,0.0,భద్రత యొక్క ఉన్వత స్థాయి
మారుతి సుజుకీ ఇండియా ఛైర్మన్ భార్గవ,0.0,మారుతి సుజుకీ ఇండియా ఛైర్శన్ భార్లవ,0.0,మారుతి సుజుకీ ఇండియా ఛైర్శన్ భార్లవ,0.0,మారుతి సుజుకీ ఇండియా ఛైర్శన్ భార్ధవ,0.0,మారుతి సుజుకీ ఇండియా ఛైర్శన్ భార్ధవ
అయితే దేశంలోని అన్ని,0.0,అయితే దేశంలోని అన్వి,0.0,అయితే దేశంలోని అన్వి,0.0,అయితే దేశంలోని అన్వి,0.0,అయితే దేశంలోని అన్పి
ఆ తర్వాత అతనిలా అన్నాడు ఆ నాయకుల ముఖం వేశ్యా ముఖం వారి ప్రఖ్యాతి చర్చికి హానికరం,0.0,ఆ తర్యాత అతనిలా అన్పాడు ఆ నాయకుల ముఖం వేశ్యా ముఖం వారి ప్రఖ్యాతి చర్వికి హానికరం,0.0,ఆ తర్నాత అతనిలా అన్పాడు ఆ నాయకుల ముఖం వేశ్యా ముఖం వారి ప్రఖ్యాతి చర్సికి హానికరం,0.0,ఆ తర్నాత అతనిలా అన్పాడు ఆ నాయకుల ముఖం వేశ్యా ముఖం వారి ప్రఖ్యాతి చర్సికి హానికరం,0.0,ఆ తర్సాత అతనిలా అన్వాడు ఆ నాయకుల ముఖం వేశ్యా ముఖం వారి ప్రఖ్యాతి చర్వికి హానికరం
భారత రైతుల నిరసనపై కెనడా ప్రధాని జస్టిన్ ట్రూడో స్పందన,0.0,భారత రైతుల నిరసనపై కెనడా ప్రధాని జస్టిన్ ట్రూడో స్యందన,0.0,భారత రైతుల నిరసనపై కెనడా ప్రధాని జస్టిన్ ట్రూడో స్యందన,0.0,భారత రైతుల నిరసనపై కెనడా ప్రధాని జస్టిన్ ట్రూడో స్నందన,0.0,భారత రైతుల నిరసనపై కెనడా ప్రధాని జస్టిన్ ట్రూడో స్యందన
మృతదేహం కోసం బావిలో పోలీసులు ఫైర్ సిబ్బంది గాలిస్తున్నారు,0.0,మృతదేహం కోసం బావిలో పోలీసులు ఫైర్ సిబ్బంది గాలిస్లున్వారు,0.0,మృతదేహం కోసం బావిలో పోలీసులు ఫైర్ సిబ్బంది గాలిస్లున్పారు,0.0,మృతదేహం కోసం బావిలో పోలీసులు ఫైర్ సిబ్బంది గాలిస్లున్వారు,0.0,మృతదేహం కోసం బావిలో పోలీసులు ఫైర్ సిబ్బంది గాలిస్లున్వారు
ఆ తరువాత అంతా మామూలే,0.0,ఆ తరువాత అంతా మామూలే,0.0,ఆ తరువాత అంతా మామూలే,0.0,ఆ తరువాత అంతా మామూలే,0.0,ఆ తరువాత అంతా మామూలే
అతణ్ని ఇష్టపడ్డానుగాని పెళ్లాడాలని అనుకోలేదు,0.0,అతణ్పి ఇష్టపడ్దానుగాని పెళ్గాడాలని అనుకోలేదు,0.0,అతణ్వి ఇష్టపడ్ధానుగాని పెళ్ధాడాలని అనుకోలేదు,0.0,అతణ్వి ఇష్టపడ్ధానుగాని పెళ్తాడాలని అనుకోలేదు,0.0,అతణ్వి ఇష్టపడ్ధానుగాని పెళ్తాడాలని అనుకోలేదు
దీని పాత్ర విశిష్టమైనది,0.0,దీని పాత్ర విశిష్టమైనది,0.0,దీని పాత్ర విశిష్టమైనది,0.0,దీని పాత్ర విశిష్టమైనది,0.0,దీని పాత్ర విశిష్టమైనది
వీరందరూ మాట్లాడే భాష ఒకటి కాదు,0.0,వీరందరూ మాట్ధాడే భాష ఒకటి కాదు,0.0,వీరందరూ మాట్ధాడే భాష ఒకటి కాదు,0.0,వీరందరూ మాట్తాడే భాష ఒకటి కాదు,0.0,వీరందరూ మాట్ధాడే భాష ఒకటి కాదు
అరెస్టు విషయాన్ని బంధు వులకు తెలియజేయలేదని తెలిపారు,0.0,అరెస్టు విషయాన్పి బంధు వులకు తెలియజేయలేదని తెలిపారు,0.0,అరెస్టు విషయాన్వి బంధు వులకు తెలియజేయలేదని తెలిపారు,0.0,అరెస్టు విషయాన్పి బంధు వులకు తెలియజేయలేదని తెలిపారు,0.0,అరెస్టు విషయాన్పి బంధు వులకు తెలియజేయలేదని తెలిపారు
ఇప్పుడు కడాయిలో నూనె వేసి వెల్లుల్లి జీలకర్ర ఆవాలు మినప్పప్పు వేగించి ఉల్లి పచ్చిమిర్చి తరుగు ఇంగువ పసుపు వేయాలి,0.0,ఇప్వుడు కడాయిలో నూనె వేసి వెల్తుల్తి జీలకర్ర ఆవాలు మినప్నప్వు వేగించి ఉల్తి పచ్విమిర్వి తరుగు ఇంగువ పసుపు వేయాలి,0.0,ఇప్నుడు కడాయిలో నూనె వేసి వెల్గుల్తి జీలకర్ర ఆవాలు మినప్యప్సు వేగించి ఉల్తి పచ్విమిర్సి తరుగు ఇంగువ పసుపు వేయాలి,0.0,ఇప్నుడు కడాయిలో నూనె వేసి వెల్గుల్గి జీలకర్ర ఆవాలు మినప్వప్వు వేగించి ఉల్తి పచ్సిమిర్వి తరుగు ఇంగువ పసుపు వేయాలి,0.0,ఇప్యుడు కడాయిలో నూనె వేసి వెల్ధుల్గి జీలకర్ర ఆవాలు మినప్నప్ను వేగించి ఉల్తి పచ్విమిర్సి తరుగు ఇంగువ పసుపు వేయాలి
శ్రీలంక మాజీ కెప్టెన్ క్రికెటర్ మహేల జయవర్థనే,0.0,శ్రీలంక మాజీ కెప్టెన్ క్రికెటర్ మహేల జయవర్థనే,0.0,శ్రీలంక మాజీ కెప్టెన్ క్రికెటర్ మహేల జయవర్థనే,0.0,శ్రీలంక మాజీ కెప్టెన్ క్రికెటర్ మహేల జయవర్థనే,0.0,శ్రీలంక మాజీ కెప్టెన్ క్రికెటర్ మహేల జయవర్థనే
సరస్వతి రంగస్వామి లో జన్మించాడు,0.0,సరస్చతి రంగస్నామి లో జన్శించాడు,0.0,సరస్సతి రంగస్సామి లో జన్శించాడు,0.0,సరస్యతి రంగస్సామి లో జన్శించాడు,0.0,సరస్సతి రంగస్చామి లో జన్శించాడు
వెన్న పోయాలి మరియు మళ్ళీ బాగా కలపాలి,0.0,వెన్ప పోయాలి మరియు మళ్ళీ బాగా కలపాలి,0.0,వెన్ప పోయాలి మరియు మళ్ళీ బాగా కలపాలి,0.0,వెన్ప పోయాలి మరియు మళ్ళీ బాగా కలపాలి,0.0,వెన్ప పోయాలి మరియు మళ్ళీ బాగా కలపాలి
ఆయన భూమిమీద ఆ విశ్వాసము కనుగొనునా,0.0,ఆయన భూమిమీద ఆ విశ్పాసము కనుగొనునా,0.0,ఆయన భూమిమీద ఆ విశ్చాసము కనుగొనునా,0.0,ఆయన భూమిమీద ఆ విశ్చాసము కనుగొనునా,0.0,ఆయన భూమిమీద ఆ విశ్యాసము కనుగొనునా
ఎందుకంటే ఇది ఇస్లామిక్ చట్టానికి విరుద్ధం అన్నారు,0.0,ఎందుకంటే ఇది ఇస్గామిక్ చట్టానికి విరుద్దం అన్వారు,0.0,ఎందుకంటే ఇది ఇస్ధామిక్ చట్టానికి విరుద్డం అన్పారు,0.0,ఎందుకంటే ఇది ఇస్ధామిక్ చట్టానికి విరుద్దం అన్వారు,0.0,ఎందుకంటే ఇది ఇస్తామిక్ చట్టానికి విరుద్డం అన్పారు
ఇది అవసరమైనప్పుడు పెట్టుకుంటారు,0.0,ఇది అవసరమైనప్సుడు పెట్టుకుంటారు,0.0,ఇది అవసరమైనప్వుడు పెట్టుకుంటారు,0.0,ఇది అవసరమైనప్సుడు పెట్టుకుంటారు,0.0,ఇది అవసరమైనప్నుడు పెట్టుకుంటారు
బ్రెగ్జిట్ అనుకూల ఓటుతో యూనియన్ నుంచి బ్రిటన్ విడిపోయింది,0.0,బ్రెగ్జిట్ అనుకూల ఓటుతో యూనియన్ నుంచి బ్రిటన్ విడిపోయింది,0.0,బ్రెగ్జిట్ అనుకూల ఓటుతో యూనియన్ నుంచి బ్రిటన్ విడిపోయింది,0.0,బ్రెగ్జిట్ అనుకూల ఓటుతో యూనియన్ నుంచి బ్రిటన్ విడిపోయింది,0.0,బ్రెగ్జిట్ అనుకూల ఓటుతో యూనియన్ నుంచి బ్రిటన్ విడిపోయింది
అదీ హిందీలో,0.0,అదీ హిందీలో,0.0,అదీ హిందీలో,0.0,అదీ హిందీలో,0.0,అదీ హిందీలో
నీకు హాని చేయనివానితో నిర్నిమిత్తముగా జగడ మాడవద్దు,0.0,నీకు హాని చేయనివానితో నిర్పిమిత్లముగా జగడ మాడవద్డు,0.0,నీకు హాని చేయనివానితో నిర్విమిత్లముగా జగడ మాడవద్డు,0.0,నీకు హాని చేయనివానితో నిర్పిమిత్లముగా జగడ మాడవద్ధు,0.0,నీకు హాని చేయనివానితో నిర్పిమిత్లముగా జగడ మాడవద్ ు
అని చాలామంది చెబుతుంటారు,0.0,అని చాలామంది చెబుతుంటారు,0.0,అని చాలామంది చెబుతుంటారు,0.0,అని చాలామంది చెబుతుంటారు,0.0,అని చాలామంది చెబుతుంటారు
అప్లికేషన్ నెం లిమిటెడ్,0.0,అప్తికేషన్ నెం లిమిటెడ్,0.0,అప్ధికేషన్ నెం లిమిటెడ్,0.0,అప్గికేషన్ నెం లిమిటెడ్,0.0,అప్తికేషన్ నెం లిమిటెడ్
నొప్పి ఆగిపోతుంది,0.0,నొప్సి ఆగిపోతుంది,0.0,నొప్ని ఆగిపోతుంది,0.0,నొప్యి ఆగిపోతుంది,0.0,నొప్సి ఆగిపోతుంది
ఒకరు మృతి మందికి గాయాలు,0.0,ఒకరు మృతి మందికి గాయాలు,0.0,ఒకరు మృతి మందికి గాయాలు,0.0,ఒకరు మృతి మందికి గాయాలు,0.0,ఒకరు మృతి మందికి గాయాలు
తమిళ దర్శకుడు ఏఎల్ విజయ్ ఈ చిత్రం రూపొందిస్తున్నాడు,0.0,తమిళ దర్మకుడు ఏఎల్ విజయ్ ఈ చిత్రం రూపొందిస్లున్వాడు,0.0,తమిళ దర్మకుడు ఏఎల్ విజయ్ ఈ చిత్రం రూపొందిస్లున్పాడు,0.0,తమిళ దర్మకుడు ఏఎల్ విజయ్ ఈ చిత్రం రూపొందిస్లున్వాడు,0.0,తమిళ దర్మకుడు ఏఎల్ విజయ్ ఈ చిత్రం రూపొందిస్లున్పాడు
పరిస్థితి అదుపులోకి తెచ్చేందుకు మహవ్ గ్రామంలో సెక్షన్ విధించినట్లు తెలిపారు,0.0,పరిస్థితి అదుపులోకి తెచ్సేందుకు మహవ్ గ్రామంలో సెక్షన్ విధించినట్తు తెలిపారు,0.0,పరిస్థితి అదుపులోకి తెచ్సేందుకు మహవ్ గ్రామంలో సెక్షన్ విధించినట్గు తెలిపారు,0.0,పరిస్థితి అదుపులోకి తెచ్సేందుకు మహవ్ గ్రామంలో సెక్షన్ విధించినట్గు తెలిపారు,0.0,పరిస్థితి అదుపులోకి తెచ్వేందుకు మహవ్ గ్రామంలో సెక్షన్ విధించినట్గు తెలిపారు
శ్రీనగేశ్ చెప్పారు,0.0,శ్రీనగేశ్ చెప్సారు,0.0,శ్రీనగేశ్ చెప్యారు,0.0,శ్రీనగేశ్ చెప్యారు,0.0,శ్రీనగేశ్ చెప్వారు
ప్రణబ్ ముఖర్జీ భారత రాష్ట్రపతిగా ఎన్నికైనప్పుడు ఆయన స్థానంలో షిండే లోక్సభలో అధికారపక్ష నేతగా ఎన్నికయ్యాడు,0.0,ప్రణబ్ ముఖర్జీ భారత రాష్ట్రపతిగా ఎన్వికైనప్వుడు ఆయన స్థానంలో షిండే లోక్వభలో అధికారపక్ష నేతగా ఎన్పికయ్యాడు,0.0,ప్రణబ్ ముఖర్జీ భారత రాష్ట్రపతిగా ఎన్వికైనప్యుడు ఆయన స్థానంలో షిండే లోక్వభలో అధికారపక్ష నేతగా ఎన్వికయ్యాడు,0.0,ప్రణబ్ ముఖర్జీ భారత రాష్ట్రపతిగా ఎన్పికైనప్సుడు ఆయన స్థానంలో షిండే లోక్నభలో అధికారపక్ష నేతగా ఎన్పికయ్యాడు,0.0,ప్రణబ్ ముఖర్జీ భారత రాష్ట్రపతిగా ఎన్పికైనప్యుడు ఆయన స్థానంలో షిండే లోక్పభలో అధికారపక్ష నేతగా ఎన్వికయ్యాడు
ప్రీ ప్రైమరీ ఎడ్యుకేషన్ విధివిధానాల రూపకల్పనకు కమిటీ ఏర్పాటు చేయాలని చెప్పారు,0.0,ప్రీ ప్రైమరీ ఎడ్యుకేషన్ విధివిధానాల రూపకల్ననకు కమిటీ ఏర్యాటు చేయాలని చెప్నారు,0.0,ప్రీ ప్రైమరీ ఎడ్యుకేషన్ విధివిధానాల రూపకల్ననకు కమిటీ ఏర్నాటు చేయాలని చెప్వారు,0.0,ప్రీ ప్రైమరీ ఎడ్యుకేషన్ విధివిధానాల రూపకల్యనకు కమిటీ ఏర్నాటు చేయాలని చెప్వారు,0.0,ప్రీ ప్రైమరీ ఎడ్యుకేషన్ విధివిధానాల రూపకల్ననకు కమిటీ ఏర్సాటు చేయాలని చెప్వారు
త్రివిక్రమ్అల్లు అర్జున్ కాంబినేషన్ లో వస్తున్న హ్యాట్రిక్ సినిమా అల వైకుంఠపురంలో,0.0,త్రివిక్రమ్అల్తు అర్జున్ కాంబినేషన్ లో వస్లున్వ హ్యాట్రిక్ సినిమా అల వైకుంఠపురంలో,0.0,త్రివిక్రమ్అల్తు అర్జున్ కాంబినేషన్ లో వస్లున్వ హ్యాట్రిక్ సినిమా అల వైకుంఠపురంలో,0.0,త్రివిక్రమ్అల్గు అర్జున్ కాంబినేషన్ లో వస్లున్ప హ్యాట్రిక్ సినిమా అల వైకుంఠపురంలో,0.0,త్రివిక్రమ్అల్గు అర్జున్ కాంబినేషన్ లో వస్లున్వ హ్యాట్రిక్ సినిమా అల వైకుంఠపురంలో
ముగింపునాటికి మరో రూ,0.0,ముగింపునాటికి మరో రూ,0.0,ముగింపునాటికి మరో రూ,0.0,ముగింపునాటికి మరో రూ,0.0,ముగింపునాటికి మరో రూ
ఆమెను చూస్తే ఆశ్చర్యంగా వుండేది,0.0,ఆమెను చూస్లే ఆశ్సర్యంగా వుండేది,0.0,ఆమెను చూస్లే ఆశ్సర్యంగా వుండేది,0.0,ఆమెను చూస్లే ఆశ్వర్యంగా వుండేది,0.0,ఆమెను చూస్లే ఆశ్సర్యంగా వుండేది
మహాకాళేశ్వర్ దేవాలయం ఉజ్జయినీ పేరున స్వామి శివుడు వేంచేసిన పవిత్ర అత్యంత ప్రాచుర్యం పొందిన దేవాలయాల్లో ఒకటి,0.0,మహాకాళేశ్సర్ దేవాలయం ఉజ్జయినీ పేరున స్సామి శివుడు వేంచేసిన పవిత్ర అత్యంత ప్రాచుర్యం పొందిన దేవాలయాల్గో ఒకటి,0.0,మహాకాళేశ్పర్ దేవాలయం ఉజ్జయినీ పేరున స్చామి శివుడు వేంచేసిన పవిత్ర అత్యంత ప్రాచుర్యం పొందిన దేవాలయాల్ధో ఒకటి,0.0,మహాకాళేశ్నర్ దేవాలయం ఉజ్జయినీ పేరున స్సామి శివుడు వేంచేసిన పవిత్ర అత్యంత ప్రాచుర్యం పొందిన దేవాలయాల్ధో ఒకటి,0.0,మహాకాళేశ్చర్ దేవాలయం ఉజ్జయినీ పేరున స్యామి శివుడు వేంచేసిన పవిత్ర అత్యంత ప్రాచుర్యం పొందిన దేవాలయాల్గో ఒకటి
మండలాలకు పైనే,0.0,మండలాలకు పైనే,0.0,మండలాలకు పైనే,0.0,మండలాలకు పైనే,0.0,మండలాలకు పైనే
వెండి ధరలు కూడా స్వల్ప పెరుగుదల నమోదు చేశాయి,0.0,వెండి ధరలు కూడా స్నల్న పెరుగుదల నమోదు చేశాయి,0.0,వెండి ధరలు కూడా స్చల్స పెరుగుదల నమోదు చేశాయి,0.0,వెండి ధరలు కూడా స్పల్స పెరుగుదల నమోదు చేశాయి,0.0,వెండి ధరలు కూడా స్నల్న పెరుగుదల నమోదు చేశాయి
రుచికరమైన మాంసం,0.0,రుచికరమైన మాంసం,0.0,రుచికరమైన మాంసం,0.0,రుచికరమైన మాంసం,0.0,రుచికరమైన మాంసం
ఒత్తిడితో చిత్తవుతుంటే,0.0,ఒత్లిడితో చిత్లవుతుంటే,0.0,ఒత్లిడితో చిత్లవుతుంటే,0.0,ఒత్లిడితో చిత్లవుతుంటే,0.0,ఒత్లిడితో చిత్లవుతుంటే
భారత్ తరపున టెస్ట్ క్రికెట్లో ట్రిపుల్ సెంచరీ సాధించిన ఏకైక బ్యాట్స్ మెన్ సెహ్వాగ్ అని బోర్డులో పేర్కొన్నారు,0.0,భారత్ తరపున టెస్ట్ క్రికెట్ధో ట్రిపుల్ సెంచరీ సాధించిన ఏకైక బ్యాట్ప్ మెన్ సెహ్పాగ్ అని బోర్దులో పేర్కొన్వారు,0.0,భారత్ తరపున టెస్ట్ క్రికెట్గో ట్రిపుల్ సెంచరీ సాధించిన ఏకైక బ్యాట్చ్ మెన్ సెహ్నాగ్ అని బోర్ధులో పేర్కొన్వారు,0.0,భారత్ తరపున టెస్ట్ క్రికెట్గో ట్రిపుల్ సెంచరీ సాధించిన ఏకైక బ్యాట్వ్ మెన్ సెహ్పాగ్ అని బోర్ధులో పేర్కొన్పారు,0.0,భారత్ తరపున టెస్ట్ క్రికెట్గో ట్రిపుల్ సెంచరీ సాధించిన ఏకైక బ్యాట్న్ మెన్ సెహ్యాగ్ అని బోర్ధులో పేర్కొన్వారు
మంజూరు చేశారు,0.0,మంజూరు చేశారు,0.0,మంజూరు చేశారు,0.0,మంజూరు చేశారు,0.0,మంజూరు చేశారు
అంతలోనే ఇతర అధికారులు కార్యాలయానికి వచ్చారు,0.0,అంతలోనే ఇతర అధికారులు కార్యాలయానికి వచ్సారు,0.0,అంతలోనే ఇతర అధికారులు కార్యాలయానికి వచ్వారు,0.0,అంతలోనే ఇతర అధికారులు కార్యాలయానికి వచ్సారు,0.0,అంతలోనే ఇతర అధికారులు కార్యాలయానికి వచ్సారు
ఫోన్ తీసుకెళ్లలేదు,0.0,ఫోన్ తీసుకెళ్ధలేదు,0.0,ఫోన్ తీసుకెళ్ధలేదు,0.0,ఫోన్ తీసుకెళ్ధలేదు,0.0,ఫోన్ తీసుకెళ్ధలేదు
నీటిమీద తేలేలా చేయవచ్చు,0.0,నీటిమీద తేలేలా చేయవచ్వు,0.0,నీటిమీద తేలేలా చేయవచ్సు,0.0,నీటిమీద తేలేలా చేయవచ్సు,0.0,నీటిమీద తేలేలా చేయవచ్వు
కేంద్రమంత్రి రాంవిలాస్ పాశ్వాన్ పీటీఐ ఇమేజ్,0.0,కేంద్రమంత్రి రాంవిలాస్ పాశ్నాన్ పీటీఐ ఇమేజ్,0.0,కేంద్రమంత్రి రాంవిలాస్ పాశ్నాన్ పీటీఐ ఇమేజ్,0.0,కేంద్రమంత్రి రాంవిలాస్ పాశ్నాన్ పీటీఐ ఇమేజ్,0.0,కేంద్రమంత్రి రాంవిలాస్ పాశ్నాన్ పీటీఐ ఇమేజ్
లోపలికి వెళ్లాను,0.0,లోపలికి వెళ్గాను,0.0,లోపలికి వెళ్తాను,0.0,లోపలికి వెళ్తాను,0.0,లోపలికి వెళ్గాను
అయితే ఇంకా వీరి ప్రేమలో ఎత్తుపల్లాలు ఇంకా ఉన్నాయి,0.0,అయితే ఇంకా వీరి ప్రేమలో ఎత్లుపల్గాలు ఇంకా ఉన్పాయి,0.0,అయితే ఇంకా వీరి ప్రేమలో ఎత్లుపల్ధాలు ఇంకా ఉన్వాయి,0.0,అయితే ఇంకా వీరి ప్రేమలో ఎత్లుపల్గాలు ఇంకా ఉన్పాయి,0.0,అయితే ఇంకా వీరి ప్రేమలో ఎత్లుపల్తాలు ఇంకా ఉన్వాయి
మోదీ బయోపిక్ పీఎం నరేంద్ర మోదీ,0.0,మోదీ బయోపిక్ పీఎం నరేంద్ర మోదీ,0.0,మోదీ బయోపిక్ పీఎం నరేంద్ర మోదీ,0.0,మోదీ బయోపిక్ పీఎం నరేంద్ర మోదీ,0.0,మోదీ బయోపిక్ పీఎం నరేంద్ర మోదీ
ఇది సాధారణంగా జిగురు జెలటిన్ పరిశ్రమలలో పొందిన అవశేషాల నుండి తయారు చేయబడుతుంది,0.0,ఇది సాధారణంగా జిగురు జెలటిన్ పరిశ్రమలలో పొందిన అవశేషాల నుండి తయారు చేయబడుతుంది,0.0,ఇది సాధారణంగా జిగురు జెలటిన్ పరిశ్రమలలో పొందిన అవశేషాల నుండి తయారు చేయబడుతుంది,0.0,ఇది సాధారణంగా జిగురు జెలటిన్ పరిశ్రమలలో పొందిన అవశేషాల నుండి తయారు చేయబడుతుంది,0.0,ఇది సాధారణంగా జిగురు జెలటిన్ పరిశ్రమలలో పొందిన అవశేషాల నుండి తయారు చేయబడుతుంది
నేషనల్ కాంగ్రెస్ పార్టీ అదినేత కేంద్ర మాజీ మంత్రి శరద్ పవార్ హైదరాబాద్ లో తెలంగాణ ముఖ్యమంత్రి కెసిఆర్ తో సమావేశామయినారు,0.0,నేషనల్ కాంగ్రెస్ పార్టీ అదినేత కేంద్ర మాజీ మంత్రి శరద్ పవార్ హైదరాబాద్ లో తెలంగాణ ముఖ్యమంత్రి కెసిఆర్ తో సమావేశామయినారు,0.0,నేషనల్ కాంగ్రెస్ పార్టీ అదినేత కేంద్ర మాజీ మంత్రి శరద్ పవార్ హైదరాబాద్ లో తెలంగాణ ముఖ్యమంత్రి కెసిఆర్ తో సమావేశామయినారు,0.0,నేషనల్ కాంగ్రెస్ పార్టీ అదినేత కేంద్ర మాజీ మంత్రి శరద్ పవార్ హైదరాబాద్ లో తెలంగాణ ముఖ్యమంత్రి కెసిఆర్ తో సమావేశామయినారు,0.0,నేషనల్ కాంగ్రెస్ పార్టీ అదినేత కేంద్ర మాజీ మంత్రి శరద్ పవార్ హైదరాబాద్ లో తెలంగాణ ముఖ్యమంత్రి కెసిఆర్ తో సమావేశామయినారు
ఆర్థిక అభద్రత అస్థిరత ఒంటరితనం ఇవన్నీ కూడా ఈ ఫిర్యాదులు పెరగడానికి కారణాలని ఎన్సీడబ్ల్యూ ఛైర్పర్సన్ రేఖా శర్మ పేర్కొన్నారు,0.0,ఆర్థిక అభద్రత అస్థిరత ఒంటరితనం ఇవన్పీ కూడా ఈ ఫిర్యాదులు పెరగడానికి కారణాలని ఎన్పీడబ్త్యూ ఛైర్యర్నన్ రేఖా శర్శ పేర్కొన్వారు,0.0,ఆర్థిక అభద్రత అస్థిరత ఒంటరితనం ఇవన్పీ కూడా ఈ ఫిర్యాదులు పెరగడానికి కారణాలని ఎన్నీడబ్ధ్యూ ఛైర్సర్పన్ రేఖా శర్శ పేర్కొన్వారు,0.0,ఆర్థిక అభద్రత అస్థిరత ఒంటరితనం ఇవన్పీ కూడా ఈ ఫిర్యాదులు పెరగడానికి కారణాలని ఎన్చీడబ్త్యూ ఛైర్సర్పన్ రేఖా శర్శ పేర్కొన్వారు,0.0,ఆర్థిక అభద్రత అస్థిరత ఒంటరితనం ఇవన్వీ కూడా ఈ ఫిర్యాదులు పెరగడానికి కారణాలని ఎన్పీడబ్ధ్యూ ఛైర్వర్చన్ రేఖా శర్శ పేర్కొన్పారు
టీతెదేపా నేతలతో చంద్రబాబు భేటీ,0.0,టీతెదేపా నేతలతో చంద్రబాబు భేటీ,0.0,టీతెదేపా నేతలతో చంద్రబాబు భేటీ,0.0,టీతెదేపా నేతలతో చంద్రబాబు భేటీ,0.0,టీతెదేపా నేతలతో చంద్రబాబు భేటీ
దీనిపై విచారణ చేపడుతూ,0.0,దీనిపై విచారణ చేపడుతూ,0.0,దీనిపై విచారణ చేపడుతూ,0.0,దీనిపై విచారణ చేపడుతూ,0.0,దీనిపై విచారణ చేపడుతూ
ఈ మూవీపై త్వరలోనే అధికారిక ప్రకటన రావచ్చని సమాచారం,0.0,ఈ మూవీపై త్నరలోనే అధికారిక ప్రకటన రావచ్సని సమాచారం,0.0,ఈ మూవీపై త్పరలోనే అధికారిక ప్రకటన రావచ్వని సమాచారం,0.0,ఈ మూవీపై త్యరలోనే అధికారిక ప్రకటన రావచ్వని సమాచారం,0.0,ఈ మూవీపై త్చరలోనే అధికారిక ప్రకటన రావచ్సని సమాచారం
ఎలా పనిచేస్తుంది,0.0,ఎలా పనిచేస్లుంది,0.0,ఎలా పనిచేస్లుంది,0.0,ఎలా పనిచేస్లుంది,0.0,ఎలా పనిచేస్లుంది
నేను ఏమి చేస్తాను,0.0,నేను ఏమి చేస్లాను,0.0,నేను ఏమి చేస్లాను,0.0,నేను ఏమి చేస్లాను,0.0,నేను ఏమి చేస్లాను
మా కుటుంబానికి ఎంతో బాధాకరమైన సమయం,0.0,మా కుటుంబానికి ఎంతో బాధాకరమైన సమయం,0.0,మా కుటుంబానికి ఎంతో బాధాకరమైన సమయం,0.0,మా కుటుంబానికి ఎంతో బాధాకరమైన సమయం,0.0,మా కుటుంబానికి ఎంతో బాధాకరమైన సమయం
ఓ పక్షి గిర్రున ఎగిరిపోయింది,0.0,ఓ పక్షి గిర్రున ఎగిరిపోయింది,0.0,ఓ పక్షి గిర్రున ఎగిరిపోయింది,0.0,ఓ పక్షి గిర్రున ఎగిరిపోయింది,0.0,ఓ పక్షి గిర్రున ఎగిరిపోయింది
దీనివల్ల నష్టాన్ని భారీగా తగ్గించుకునే అవకాశముంది,0.0,దీనివల్గ నష్టాన్వి భారీగా తగ్లించుకునే అవకాశముంది,0.0,దీనివల్త నష్టాన్వి భారీగా తగ్ఠించుకునే అవకాశముంది,0.0,దీనివల్త నష్టాన్పి భారీగా తగ్లించుకునే అవకాశముంది,0.0,దీనివల్ధ నష్టాన్వి భారీగా తగ్ధించుకునే అవకాశముంది
దగ్గరకు చేర్చింది లేదు,0.0,దగ్ఠరకు చేర్సింది లేదు,0.0,దగ్ఠరకు చేర్సింది లేదు,0.0,దగ్లరకు చేర్సింది లేదు,0.0,దగ్లరకు చేర్సింది లేదు
పదం ఆవిర్భావం,0.0,పదం ఆవిర్భావం,0.0,పదం ఆవిర్భావం,0.0,పదం ఆవిర్భావం,0.0,పదం ఆవిర్భావం
ఎవరైనా రైలు ప్రయాణానికి టిక్కెట్టు కొనిస్తేనే రైలులో ప్రయాణం చేసేవాడు,0.0,ఎవరైనా రైలు ప్రయాణానికి టిక్కెట్టు కొనిస్లేనే రైలులో ప్రయాణం చేసేవాడు,0.0,ఎవరైనా రైలు ప్రయాణానికి టిక్కెట్టు కొనిస్లేనే రైలులో ప్రయాణం చేసేవాడు,0.0,ఎవరైనా రైలు ప్రయాణానికి టిక్కెట్టు కొనిస్లేనే రైలులో ప్రయాణం చేసేవాడు,0.0,ఎవరైనా రైలు ప్రయాణానికి టిక్కెట్టు కొనిస్లేనే రైలులో ప్రయాణం చేసేవాడు
సామెతలు ఇలా చెబుతోంది చెడు దృష్టిగలవాడు ఆస్తి సంపాదింప ఆతురపడును తనకు దరిద్రత వచ్చునని వానికి తెలియదు,0.0,సామెతలు ఇలా చెబుతోంది చెడు దృష్టిగలవాడు ఆస్లి సంపాదింప ఆతురపడును తనకు దరిద్రత వచ్సునని వానికి తెలియదు,0.0,సామెతలు ఇలా చెబుతోంది చెడు దృష్టిగలవాడు ఆస్లి సంపాదింప ఆతురపడును తనకు దరిద్రత వచ్సునని వానికి తెలియదు,0.0,సామెతలు ఇలా చెబుతోంది చెడు దృష్టిగలవాడు ఆస్లి సంపాదింప ఆతురపడును తనకు దరిద్రత వచ్సునని వానికి తెలియదు,0.0,సామెతలు ఇలా చెబుతోంది చెడు దృష్టిగలవాడు ఆస్లి సంపాదింప ఆతురపడును తనకు దరిద్రత వచ్సునని వానికి తెలియదు
ప్రతి సంవత్సరం అక్టోబర్ నెలలోవచ్చే నవరాత్రి పండుగను జరపడానికి ప్రపంచం నలు మూలల నుండి నగర్తర్స్ ఇక్కడికి చేరుకుంటారు,0.0,ప్రతి సంవత్నరం అక్టోబర్ నెలలోవచ్సే నవరాత్రి పండుగను జరపడానికి ప్రపంచం నలు మూలల నుండి నగర్లర్వ్ ఇక్కడికి చేరుకుంటారు,0.0,ప్రతి సంవత్చరం అక్టోబర్ నెలలోవచ్వే నవరాత్రి పండుగను జరపడానికి ప్రపంచం నలు మూలల నుండి నగర్లర్ప్ ఇక్కడికి చేరుకుంటారు,0.0,ప్రతి సంవత్చరం అక్టోబర్ నెలలోవచ్వే నవరాత్రి పండుగను జరపడానికి ప్రపంచం నలు మూలల నుండి నగర్లర్వ్ ఇక్కడికి చేరుకుంటారు,0.0,ప్రతి సంవత్వరం అక్టోబర్ నెలలోవచ్సే నవరాత్రి పండుగను జరపడానికి ప్రపంచం నలు మూలల నుండి నగర్లర్ప్ ఇక్కడికి చేరుకుంటారు
శర వేగంగా షూటింగ్ జరుపుకుంటున్న ఈ చిత్రం లో,0.0,శర వేగంగా షూటింగ్ జరుపుకుంటున్ప ఈ చిత్రం లో,0.0,శర వేగంగా షూటింగ్ జరుపుకుంటున్ప ఈ చిత్రం లో,0.0,శర వేగంగా షూటింగ్ జరుపుకుంటున్వ ఈ చిత్రం లో,0.0,శర వేగంగా షూటింగ్ జరుపుకుంటున్వ ఈ చిత్రం లో
ఆ పార్టీకి బాలీవుడ్కు చెందిన కొందరు సన్నిహితులు హాజరయ్యారు,0.0,ఆ పార్టీకి బాలీవుడ్కు చెందిన కొందరు సన్విహితులు హాజరయ్యారు,0.0,ఆ పార్టీకి బాలీవుడ్కు చెందిన కొందరు సన్విహితులు హాజరయ్యారు,0.0,ఆ పార్టీకి బాలీవుడ్కు చెందిన కొందరు సన్పిహితులు హాజరయ్యారు,0.0,ఆ పార్టీకి బాలీవుడ్కు చెందిన కొందరు సన్పిహితులు హాజరయ్యారు
ారతరత్న ప్రకటించింది,0.0,ారతరత్ప ప్రకటించింది,0.0,ారతరత్వ ప్రకటించింది,0.0,ారతరత్వ ప్రకటించింది,0.0,ారతరత్వ ప్రకటించింది
తరువాత ఈ పేరు ఝజ్జర్ గా మారింది,0.0,తరువాత ఈ పేరు ఝజ్జర్ గా మారింది,0.0,తరువాత ఈ పేరు ఝజ్జర్ గా మారింది,0.0,తరువాత ఈ పేరు ఝజ్జర్ గా మారింది,0.0,తరువాత ఈ పేరు ఝజ్జర్ గా మారింది
అనంతరం జరిగే బహిరంగ సభలో ఆయన ప్రసంగించనున్నారు,0.0,అనంతరం జరిగే బహిరంగ సభలో ఆయన ప్రసంగించనున్పారు,0.0,అనంతరం జరిగే బహిరంగ సభలో ఆయన ప్రసంగించనున్పారు,0.0,అనంతరం జరిగే బహిరంగ సభలో ఆయన ప్రసంగించనున్వారు,0.0,అనంతరం జరిగే బహిరంగ సభలో ఆయన ప్రసంగించనున్పారు
రెండవ ప్రపంచ యుద్ధం లో ఏవియేషన్ ఒక ముఖ్యమైన పాత్ర పోషించింది,0.0,రెండవ ప్రపంచ యుద్డం లో ఏవియేషన్ ఒక ముఖ్యమైన పాత్ర పోషించింది,0.0,రెండవ ప్రపంచ యుద్లం లో ఏవియేషన్ ఒక ముఖ్యమైన పాత్ర పోషించింది,0.0,రెండవ ప్రపంచ యుద్దం లో ఏవియేషన్ ఒక ముఖ్యమైన పాత్ర పోషించింది,0.0,రెండవ ప్రపంచ యుద్డం లో ఏవియేషన్ ఒక ముఖ్యమైన పాత్ర పోషించింది
వీళ్లంతా ఆడవాళ్లే,0.0,వీళ్గంతా ఆడవాళ్ధే,0.0,వీళ్తంతా ఆడవాళ్గే,0.0,వీళ్తంతా ఆడవాళ్తే,0.0,వీళ్ధంతా ఆడవాళ్తే
సమాధానం స్పష్టంగా ఉంది అవును,0.0,సమాధానం స్సష్టంగా ఉంది అవును,0.0,సమాధానం స్వష్టంగా ఉంది అవును,0.0,సమాధానం స్సష్టంగా ఉంది అవును,0.0,సమాధానం స్సష్టంగా ఉంది అవును
అందుకే ఈ సినిమా రీమేక్ చేయడానికి నేను ఒప్పుకొన్నా,0.0,అందుకే ఈ సినిమా రీమేక్ చేయడానికి నేను ఒప్నుకొన్వా,0.0,అందుకే ఈ సినిమా రీమేక్ చేయడానికి నేను ఒప్యుకొన్వా,0.0,అందుకే ఈ సినిమా రీమేక్ చేయడానికి నేను ఒప్వుకొన్వా,0.0,అందుకే ఈ సినిమా రీమేక్ చేయడానికి నేను ఒప్యుకొన్వా
వీరిద్దరూ కలిసి పరుగుల భారీ భాగస్వామ్యాన్ని అందించారు,0.0,వీరిద్ధరూ కలిసి పరుగుల భారీ భాగస్నామ్యాన్పి అందించారు,0.0,వీరిద్ రూ కలిసి పరుగుల భారీ భాగస్చామ్యాన్పి అందించారు,0.0,వీరిద్ధరూ కలిసి పరుగుల భారీ భాగస్యామ్యాన్పి అందించారు,0.0,వీరిద్డరూ కలిసి పరుగుల భారీ భాగస్నామ్యాన్వి అందించారు
మరోవైపు రజినీకాంత్ కార్తీక్ సుబ్బరాజ్ దర్శకత్వంలో చేస్తోన్న పేట్టా మూవీ షూటింగ్ రీసెంట్గా కంప్లీటైంది,0.0,మరోవైపు రజినీకాంత్ కార్లీక్ సుబ్బరాజ్ దర్మకత్పంలో చేస్లోన్వ పేట్టా మూవీ షూటింగ్ రీసెంట్ధా కంప్గీటైంది,0.0,మరోవైపు రజినీకాంత్ కార్లీక్ సుబ్బరాజ్ దర్మకత్చంలో చేస్లోన్ప పేట్టా మూవీ షూటింగ్ రీసెంట్ధా కంప్తీటైంది,0.0,మరోవైపు రజినీకాంత్ కార్లీక్ సుబ్బరాజ్ దర్మకత్నంలో చేస్లోన్వ పేట్టా మూవీ షూటింగ్ రీసెంట్లా కంప్గీటైంది,0.0,మరోవైపు రజినీకాంత్ కార్లీక్ సుబ్బరాజ్ దర్మకత్చంలో చేస్లోన్ప పేట్టా మూవీ షూటింగ్ రీసెంట్ధా కంప్తీటైంది
ఒక అసోసియేట్ డిగ్రీ సంపాదించడానికి ఎక్కడ,0.0,ఒక అసోసియేట్ డిగ్రీ సంపాదించడానికి ఎక్కడ,0.0,ఒక అసోసియేట్ డిగ్రీ సంపాదించడానికి ఎక్కడ,0.0,ఒక అసోసియేట్ డిగ్రీ సంపాదించడానికి ఎక్కడ,0.0,ఒక అసోసియేట్ డిగ్రీ సంపాదించడానికి ఎక్కడ
వీటిలో ఒకదాన్ని ప్రయత్నించండి,0.0,వీటిలో ఒకదాన్వి ప్రయత్వించండి,0.0,వీటిలో ఒకదాన్పి ప్రయత్వించండి,0.0,వీటిలో ఒకదాన్వి ప్రయత్పించండి,0.0,వీటిలో ఒకదాన్వి ప్రయత్వించండి
సినిమాలో అమితాబ్ లాంటి స్టార్ ఉన్నాడు,0.0,సినిమాలో అమితాబ్ లాంటి స్టార్ ఉన్వాడు,0.0,సినిమాలో అమితాబ్ లాంటి స్టార్ ఉన్పాడు,0.0,సినిమాలో అమితాబ్ లాంటి స్టార్ ఉన్వాడు,0.0,సినిమాలో అమితాబ్ లాంటి స్టార్ ఉన్పాడు
ఆర్ధిక నష్టం ఉంటుంది,0.0,ఆర్దిక నష్టం ఉంటుంది,0.0,ఆర్లిక నష్టం ఉంటుంది,0.0,ఆర్లిక నష్టం ఉంటుంది,0.0,ఆర్డిక నష్టం ఉంటుంది
అసలే ఎండాకాలం వస్తోంది,0.0,అసలే ఎండాకాలం వస్లోంది,0.0,అసలే ఎండాకాలం వస్లోంది,0.0,అసలే ఎండాకాలం వస్లోంది,0.0,అసలే ఎండాకాలం వస్లోంది
దీనికి సంబంధించిన ఫొటోను చిత్రబృందం సోషల్మీడియా వేదికగా అభిమానులతో పంచుకుంది,0.0,దీనికి సంబంధించిన ఫొటోను చిత్రబృందం సోషల్శీడియా వేదికగా అభిమానులతో పంచుకుంది,0.0,దీనికి సంబంధించిన ఫొటోను చిత్రబృందం సోషల్శీడియా వేదికగా అభిమానులతో పంచుకుంది,0.0,దీనికి సంబంధించిన ఫొటోను చిత్రబృందం సోషల్శీడియా వేదికగా అభిమానులతో పంచుకుంది,0.0,దీనికి సంబంధించిన ఫొటోను చిత్రబృందం సోషల్శీడియా వేదికగా అభిమానులతో పంచుకుంది
అటువంటి వారి గురించి నేను అస్సలు పట్టించుకోను,0.0,అటువంటి వారి గురించి నేను అస్నలు పట్టించుకోను,0.0,అటువంటి వారి గురించి నేను అస్చలు పట్టించుకోను,0.0,అటువంటి వారి గురించి నేను అస్చలు పట్టించుకోను,0.0,అటువంటి వారి గురించి నేను అస్నలు పట్టించుకోను
సహోదరులు ఐక్యత కలిగి నివసించుట ఎంత మేలు ఎంత మనోహరము,0.0,సహోదరులు ఐక్యత కలిగి నివసించుట ఎంత మేలు ఎంత మనోహరము,0.0,సహోదరులు ఐక్యత కలిగి నివసించుట ఎంత మేలు ఎంత మనోహరము,0.0,సహోదరులు ఐక్యత కలిగి నివసించుట ఎంత మేలు ఎంత మనోహరము,0.0,సహోదరులు ఐక్యత కలిగి నివసించుట ఎంత మేలు ఎంత మనోహరము
తమ అమ్మానాన్నల భాషా సంఘంలో ఉన్నందుకు నాద్య ఎందుకు సంతోషంగా ఉంది,0.0,తమ అమ్శానాన్వల భాషా సంఘంలో ఉన్పందుకు నాద్య ఎందుకు సంతోషంగా ఉంది,0.0,తమ అమ్శానాన్వల భాషా సంఘంలో ఉన్వందుకు నాద్య ఎందుకు సంతోషంగా ఉంది,0.0,తమ అమ్శానాన్పల భాషా సంఘంలో ఉన్పందుకు నాద్య ఎందుకు సంతోషంగా ఉంది,0.0,తమ అమ్శానాన్పల భాషా సంఘంలో ఉన్పందుకు నాద్య ఎందుకు సంతోషంగా ఉంది
అతిథులు క్రింది సేవలను ఉపయోగించవచ్చు,0.0,అతిథులు క్రింది సేవలను ఉపయోగించవచ్సు,0.0,అతిథులు క్రింది సేవలను ఉపయోగించవచ్సు,0.0,అతిథులు క్రింది సేవలను ఉపయోగించవచ్సు,0.0,అతిథులు క్రింది సేవలను ఉపయోగించవచ్వు
వ శతాబ్దం నాటి నిలిచివున్న బుద్ధ విగ్రహము గాంధారము,0.0,వ శతాబ్ ం నాటి నిలిచివున్ప బుద్ల విగ్రహము గాంధారము,0.0,వ శతాబ్ ం నాటి నిలిచివున్వ బుద్ద విగ్రహము గాంధారము,0.0,వ శతాబ్ధం నాటి నిలిచివున్ప బుద్డ విగ్రహము గాంధారము,0.0,వ శతాబ్డం నాటి నిలిచివున్ప బుద్గ విగ్రహము గాంధారము
కానీ ఇలాంటి వైఖరిని ఖండించాలి,0.0,కానీ ఇలాంటి వైఖరిని ఖండించాలి,0.0,కానీ ఇలాంటి వైఖరిని ఖండించాలి,0.0,కానీ ఇలాంటి వైఖరిని ఖండించాలి,0.0,కానీ ఇలాంటి వైఖరిని ఖండించాలి
కానీ ఎదో తెలీని నిరాసక్తత ప్రబలింది,0.0,కానీ ఎదో తెలీని నిరాసక్లత ప్రబలింది,0.0,కానీ ఎదో తెలీని నిరాసక్లత ప్రబలింది,0.0,కానీ ఎదో తెలీని నిరాసక్లత ప్రబలింది,0.0,కానీ ఎదో తెలీని నిరాసక్లత ప్రబలింది
ఓ సంకటం తప్పింది,0.0,ఓ సంకటం తప్వింది,0.0,ఓ సంకటం తప్యింది,0.0,ఓ సంకటం తప్వింది,0.0,ఓ సంకటం తప్నింది
కొత్తగా ఏమి చేయలేదు,0.0,కొత్లగా ఏమి చేయలేదు,0.0,కొత్లగా ఏమి చేయలేదు,0.0,కొత్లగా ఏమి చేయలేదు,0.0,కొత్లగా ఏమి చేయలేదు
త్వరలో ఆ సినిమా ప్రేక్షకుల ముందుకు రాబోతుంది,0.0,త్వరలో ఆ సినిమా ప్రేక్షకుల ముందుకు రాబోతుంది,0.0,త్వరలో ఆ సినిమా ప్రేక్షకుల ముందుకు రాబోతుంది,0.0,త్వరలో ఆ సినిమా ప్రేక్షకుల ముందుకు రాబోతుంది,0.0,త్వరలో ఆ సినిమా ప్రేక్షకుల ముందుకు రాబోతుంది
కొద్ది రోజుల పాటు భర్త చిత్రహింసలు భరించిన బాధితురాలు భర్త గురించి అత్తకు చెప్పింది,0.0,కొద్డి రోజుల పాటు భర్ల చిత్రహింసలు భరించిన బాధితురాలు భర్ల గురించి అత్లకు చెప్నింది,0.0,కొద్డి రోజుల పాటు భర్ల చిత్రహింసలు భరించిన బాధితురాలు భర్ల గురించి అత్లకు చెప్వింది,0.0,కొద్ ి రోజుల పాటు భర్ల చిత్రహింసలు భరించిన బాధితురాలు భర్ల గురించి అత్లకు చెప్సింది,0.0,కొద్డి రోజుల పాటు భర్ల చిత్రహింసలు భరించిన బాధితురాలు భర్ల గురించి అత్లకు చెప్నింది
ఇందులో విటమిన్లు ఖనిజాలు కొవ్వు ఆమ్లాలు అధికంగా ఉంటాయి,0.0,ఇందులో విటమిన్తు ఖనిజాలు కొవ్పు ఆమ్గాలు అధికంగా ఉంటాయి,0.0,ఇందులో విటమిన్ధు ఖనిజాలు కొవ్చు ఆమ్గాలు అధికంగా ఉంటాయి,0.0,ఇందులో విటమిన్తు ఖనిజాలు కొవ్చు ఆమ్తాలు అధికంగా ఉంటాయి,0.0,ఇందులో విటమిన్ధు ఖనిజాలు కొవ్చు ఆమ్తాలు అధికంగా ఉంటాయి
బాలీవుడ్ సూపర్స్టార్ సల్మాన్ఖాన్ మరోసారి వివాదంలో చిక్కుకున్నారు,0.0,బాలీవుడ్ సూపర్న్టార్ సల్శాన్ఖాన్ మరోసారి వివాదంలో చిక్కుకున్వారు,0.0,బాలీవుడ్ సూపర్న్టార్ సల్శాన్ఖాన్ మరోసారి వివాదంలో చిక్కుకున్పారు,0.0,బాలీవుడ్ సూపర్వ్టార్ సల్శాన్ఖాన్ మరోసారి వివాదంలో చిక్కుకున్వారు,0.0,బాలీవుడ్ సూపర్న్టార్ సల్శాన్ఖాన్ మరోసారి వివాదంలో చిక్కుకున్వారు
చాలామంది నిర్మాతల అభిప్రాయమూ అదే,0.0,చాలామంది నిర్శాతల అభిప్రాయమూ అదే,0.0,చాలామంది నిర్శాతల అభిప్రాయమూ అదే,0.0,చాలామంది నిర్శాతల అభిప్రాయమూ అదే,0.0,చాలామంది నిర్శాతల అభిప్రాయమూ అదే
కంప్యూటర్ పవర్ పైన ఉన్నప్పుడు ప్రదర్శన నిద్రకు వెళ్ళుముందు ఉండవలిసిన సెకనుల సంఖ్య,0.0,కంప్యూటర్ పవర్ పైన ఉన్పప్వుడు ప్రదర్మన నిద్రకు వెళ్ళుముందు ఉండవలిసిన సెకనుల సంఖ్య,0.0,కంప్యూటర్ పవర్ పైన ఉన్పప్సుడు ప్రదర్మన నిద్రకు వెళ్ళుముందు ఉండవలిసిన సెకనుల సంఖ్య,0.0,కంప్యూటర్ పవర్ పైన ఉన్పప్సుడు ప్రదర్మన నిద్రకు వెళ్ళుముందు ఉండవలిసిన సెకనుల సంఖ్య,0.0,కంప్యూటర్ పవర్ పైన ఉన్పప్సుడు ప్రదర్మన నిద్రకు వెళ్ళుముందు ఉండవలిసిన సెకనుల సంఖ్య
క్రోటన్లు,0.0,క్రోటన్ధు,0.0,క్రోటన్గు,0.0,క్రోటన్ధు,0.0,క్రోటన్తు
అది దురదృష్టకరమైన నిర్ణయం,0.0,అది దురదృష్టకరమైన నిర్ణయం,0.0,అది దురదృష్టకరమైన నిర్ణయం,0.0,అది దురదృష్టకరమైన నిర్ణయం,0.0,అది దురదృష్టకరమైన నిర్ణయం
పురస్కారం అందుకున్నాడు,0.0,పురస్కారం అందుకున్వాడు,0.0,పురస్కారం అందుకున్పాడు,0.0,పురస్కారం అందుకున్వాడు,0.0,పురస్కారం అందుకున్వాడు
అదెలా అంటే నేనూ ఒక అమ్మాయిని ప్రేమించాను,0.0,అదెలా అంటే నేనూ ఒక అమ్శాయిని ప్రేమించాను,0.0,అదెలా అంటే నేనూ ఒక అమ్శాయిని ప్రేమించాను,0.0,అదెలా అంటే నేనూ ఒక అమ్శాయిని ప్రేమించాను,0.0,అదెలా అంటే నేనూ ఒక అమ్శాయిని ప్రేమించాను
అండర్ ట్రైసిరీస్,0.0,అండర్ ట్రైసిరీస్,0.0,అండర్ ట్రైసిరీస్,0.0,అండర్ ట్రైసిరీస్,0.0,అండర్ ట్రైసిరీస్
ఇది రుచికరమైన మరియు వేడి మరియు చల్లని ఉంటుంది,0.0,ఇది రుచికరమైన మరియు వేడి మరియు చల్గని ఉంటుంది,0.0,ఇది రుచికరమైన మరియు వేడి మరియు చల్గని ఉంటుంది,0.0,ఇది రుచికరమైన మరియు వేడి మరియు చల్గని ఉంటుంది,0.0,ఇది రుచికరమైన మరియు వేడి మరియు చల్ధని ఉంటుంది
కరోనా వైరస్ కట్టడికి ఆంధ్రప్రదేశ్ తెలంగాణ ప్రభుత్వాలు అనేక కఠిన చర్యలు తీసుకుంటున్నాయి,0.0,కరోనా వైరస్ కట్టడికి ఆంధ్రప్రదేశ్ తెలంగాణ ప్రభుత్చాలు అనేక కఠిన చర్యలు తీసుకుంటున్వాయి,0.0,కరోనా వైరస్ కట్టడికి ఆంధ్రప్రదేశ్ తెలంగాణ ప్రభుత్సాలు అనేక కఠిన చర్యలు తీసుకుంటున్పాయి,0.0,కరోనా వైరస్ కట్టడికి ఆంధ్రప్రదేశ్ తెలంగాణ ప్రభుత్యాలు అనేక కఠిన చర్యలు తీసుకుంటున్పాయి,0.0,కరోనా వైరస్ కట్టడికి ఆంధ్రప్రదేశ్ తెలంగాణ ప్రభుత్చాలు అనేక కఠిన చర్యలు తీసుకుంటున్వాయి
ఇది బీజేపీ ప్రేరిత దాడి,0.0,ఇది బీజేపీ ప్రేరిత దాడి,0.0,ఇది బీజేపీ ప్రేరిత దాడి,0.0,ఇది బీజేపీ ప్రేరిత దాడి,0.0,ఇది బీజేపీ ప్రేరిత దాడి
కానీ జాగ్రత్తతో పద్ధతిని అమలు చేయడం అవసరం,0.0,కానీ జాగ్రత్లతో పద్దతిని అమలు చేయడం అవసరం,0.0,కానీ జాగ్రత్లతో పద్గతిని అమలు చేయడం అవసరం,0.0,కానీ జాగ్రత్లతో పద్డతిని అమలు చేయడం అవసరం,0.0,కానీ జాగ్రత్లతో పద్గతిని అమలు చేయడం అవసరం
అది ఎలాంటిది అనేది మాత్రం ఎవరికీ తెలియదు,0.0,అది ఎలాంటిది అనేది మాత్రం ఎవరికీ తెలియదు,0.0,అది ఎలాంటిది అనేది మాత్రం ఎవరికీ తెలియదు,0.0,అది ఎలాంటిది అనేది మాత్రం ఎవరికీ తెలియదు,0.0,అది ఎలాంటిది అనేది మాత్రం ఎవరికీ తెలియదు
మరో నలుగురు పరారైనట్టు పేర్కొన్నారు,0.0,మరో నలుగురు పరారైనట్టు పేర్కొన్వారు,0.0,మరో నలుగురు పరారైనట్టు పేర్కొన్వారు,0.0,మరో నలుగురు పరారైనట్టు పేర్కొన్పారు,0.0,మరో నలుగురు పరారైనట్టు పేర్కొన్వారు
ఎందుకు పక్షులు పుంజుకోవచ్చు,0.0,ఎందుకు పక్షులు పుంజుకోవచ్సు,0.0,ఎందుకు పక్షులు పుంజుకోవచ్వు,0.0,ఎందుకు పక్షులు పుంజుకోవచ్సు,0.0,ఎందుకు పక్షులు పుంజుకోవచ్సు
ఆందోళనకారులను చెదరగొట్టేందుకు పోలీసులు ప్రయత్నించారు,0.0,ఆందోళనకారులను చెదరగొట్టేందుకు పోలీసులు ప్రయత్పించారు,0.0,ఆందోళనకారులను చెదరగొట్టేందుకు పోలీసులు ప్రయత్వించారు,0.0,ఆందోళనకారులను చెదరగొట్టేందుకు పోలీసులు ప్రయత్పించారు,0.0,ఆందోళనకారులను చెదరగొట్టేందుకు పోలీసులు ప్రయత్వించారు
యండ్రపాటి వెంకటేశ్వరారావు మాజీ సర్పంచి,0.0,యండ్రపాటి వెంకటేశ్చరారావు మాజీ సర్నంచి,0.0,యండ్రపాటి వెంకటేశ్సరారావు మాజీ సర్నంచి,0.0,యండ్రపాటి వెంకటేశ్పరారావు మాజీ సర్నంచి,0.0,యండ్రపాటి వెంకటేశ్నరారావు మాజీ సర్యంచి
దీనిపై తుది నిర్ణయం వాళ్లే తీసుకుంటారు అని అన్నాడు,0.0,దీనిపై తుది నిర్ణయం వాళ్తే తీసుకుంటారు అని అన్వాడు,0.0,దీనిపై తుది నిర్ణయం వాళ్గే తీసుకుంటారు అని అన్వాడు,0.0,దీనిపై తుది నిర్ణయం వాళ్గే తీసుకుంటారు అని అన్పాడు,0.0,దీనిపై తుది నిర్ణయం వాళ్తే తీసుకుంటారు అని అన్పాడు
రోహిత్ ఫోర్లు సిక్స్లు కొట్టాడు,0.0,రోహిత్ ఫోర్తు సిక్ప్గు కొట్టాడు,0.0,రోహిత్ ఫోర్తు సిక్చ్గు కొట్టాడు,0.0,రోహిత్ ఫోర్తు సిక్న్ధు కొట్టాడు,0.0,రోహిత్ ఫోర్ధు సిక్న్ధు కొట్టాడు
ప్రపంచవ్యాప్తంగా పర్యాటక రంగం ముఖచిత్రం మారుతోంది,0.0,ప్రపంచవ్యాప్లంగా పర్యాటక రంగం ముఖచిత్రం మారుతోంది,0.0,ప్రపంచవ్యాప్లంగా పర్యాటక రంగం ముఖచిత్రం మారుతోంది,0.0,ప్రపంచవ్యాప్లంగా పర్యాటక రంగం ముఖచిత్రం మారుతోంది,0.0,ప్రపంచవ్యాప్లంగా పర్యాటక రంగం ముఖచిత్రం మారుతోంది
కోట్ల వరకు నష్టం కలిగింది,0.0,కోట్గ వరకు నష్టం కలిగింది,0.0,కోట్ధ వరకు నష్టం కలిగింది,0.0,కోట్గ వరకు నష్టం కలిగింది,0.0,కోట్గ వరకు నష్టం కలిగింది
అంతర్జాతీయ మార్కెట్లలో సానుకూల పరిణామాలతో పాటు స్థానిక నగల వ్యాపారుల నుంచి డిమాండ్ పెరగడంతో బంగారం ధర బాగా పెరిగింది,0.0,అంతర్జాతీయ మార్కెట్ధలో సానుకూల పరిణామాలతో పాటు స్థానిక నగల వ్యాపారుల నుంచి డిమాండ్ పెరగడంతో బంగారం ధర బాగా పెరిగింది,0.0,అంతర్జాతీయ మార్కెట్తలో సానుకూల పరిణామాలతో పాటు స్థానిక నగల వ్యాపారుల నుంచి డిమాండ్ పెరగడంతో బంగారం ధర బాగా పెరిగింది,0.0,అంతర్జాతీయ మార్కెట్తలో సానుకూల పరిణామాలతో పాటు స్థానిక నగల వ్యాపారుల నుంచి డిమాండ్ పెరగడంతో బంగారం ధర బాగా పెరిగింది,0.0,అంతర్జాతీయ మార్కెట్ధలో సానుకూల పరిణామాలతో పాటు స్థానిక నగల వ్యాపారుల నుంచి డిమాండ్ పెరగడంతో బంగారం ధర బాగా పెరిగింది
దీనిపై విచారిస్తున్నారు పోలీసులు,0.0,దీనిపై విచారిస్లున్పారు పోలీసులు,0.0,దీనిపై విచారిస్లున్వారు పోలీసులు,0.0,దీనిపై విచారిస్లున్వారు పోలీసులు,0.0,దీనిపై విచారిస్లున్పారు పోలీసులు
కోట్ల షేర్ మాత్రమే రాబట్టింది,0.0,కోట్ధ షేర్ మాత్రమే రాబట్టింది,0.0,కోట్ధ షేర్ మాత్రమే రాబట్టింది,0.0,కోట్గ షేర్ మాత్రమే రాబట్టింది,0.0,కోట్త షేర్ మాత్రమే రాబట్టింది
ఏమో నాకు తెలియదు,0.0,ఏమో నాకు తెలియదు,0.0,ఏమో నాకు తెలియదు,0.0,ఏమో నాకు తెలియదు,0.0,ఏమో నాకు తెలియదు
అంతకు ముందు కూడా ఎన్నో సినిమాలు చేసింది,0.0,అంతకు ముందు కూడా ఎన్పో సినిమాలు చేసింది,0.0,అంతకు ముందు కూడా ఎన్పో సినిమాలు చేసింది,0.0,అంతకు ముందు కూడా ఎన్వో సినిమాలు చేసింది,0.0,అంతకు ముందు కూడా ఎన్వో సినిమాలు చేసింది
టర్కీ విధానాల కారణంగా ఉత్తర సైప్రస్లో గ్రీకు ప్రజలను తుడిచిపెట్టలన్న ఉద్దేశంతో ఈ చర్యలు చోటు చేసుకున్నాయని హద్జిసవాస్ ఉద్ఘాటించింది,0.0,టర్కీ విధానాల కారణంగా ఉత్లర సైప్రస్తో గ్రీకు ప్రజలను తుడిచిపెట్టలన్ప ఉద్ ేశంతో ఈ చర్యలు చోటు చేసుకున్వాయని హద్జిసవాస్ ఉద్ఘాటించింది,0.0,టర్కీ విధానాల కారణంగా ఉత్లర సైప్రస్గో గ్రీకు ప్రజలను తుడిచిపెట్టలన్వ ఉద్ధేశంతో ఈ చర్యలు చోటు చేసుకున్పాయని హద్జిసవాస్ ఉద్ఘాటించింది,0.0,టర్కీ విధానాల కారణంగా ఉత్లర సైప్రస్గో గ్రీకు ప్రజలను తుడిచిపెట్టలన్వ ఉద్ ేశంతో ఈ చర్యలు చోటు చేసుకున్పాయని హద్జిసవాస్ ఉద్ఘాటించింది,0.0,టర్కీ విధానాల కారణంగా ఉత్లర సైప్రస్తో గ్రీకు ప్రజలను తుడిచిపెట్టలన్వ ఉద్ ేశంతో ఈ చర్యలు చోటు చేసుకున్వాయని హద్జిసవాస్ ఉద్ఘాటించింది
స్పష్టంగా చెప్పాం,0.0,స్పష్టంగా చెప్యాం,0.0,స్పష్టంగా చెప్వాం,0.0,స్పష్టంగా చెప్నాం,0.0,స్పష్టంగా చెప్సాం
వాపునూ తగ్గిస్తాయి,0.0,వాపునూ తగ్లిస్లాయి,0.0,వాపునూ తగ్లిస్లాయి,0.0,వాపునూ తగ్ఠిస్లాయి,0.0,వాపునూ తగ్ధిస్లాయి
కానీ ఇక్కడ పని వద్ద ఏమిటి,0.0,కానీ ఇక్కడ పని వద్డ ఏమిటి,0.0,కానీ ఇక్కడ పని వద్  ఏమిటి,0.0,కానీ ఇక్కడ పని వద్డ ఏమిటి,0.0,కానీ ఇక్కడ పని వద్ధ ఏమిటి
ఎక్కువగా ఇచ్చా,0.0,ఎక్కువగా ఇచ్వా,0.0,ఎక్కువగా ఇచ్వా,0.0,ఎక్కువగా ఇచ్సా,0.0,ఎక్కువగా ఇచ్వా
టమోటా సాస్ లో ఫిష్ కూరగాయలు,0.0,టమోటా సాస్ లో ఫిష్ కూరగాయలు,0.0,టమోటా సాస్ లో ఫిష్ కూరగాయలు,0.0,టమోటా సాస్ లో ఫిష్ కూరగాయలు,0.0,టమోటా సాస్ లో ఫిష్ కూరగాయలు
అతనిపై చర్యలు తీసుకోవాలన్నారు,0.0,అతనిపై చర్యలు తీసుకోవాలన్పారు,0.0,అతనిపై చర్యలు తీసుకోవాలన్వారు,0.0,అతనిపై చర్యలు తీసుకోవాలన్పారు,0.0,అతనిపై చర్యలు తీసుకోవాలన్వారు
అప్పుడు కూడా ప్రభుత్వం పట్టించుకోలేదు,0.0,అప్వుడు కూడా ప్రభుత్చం పట్టించుకోలేదు,0.0,అప్సుడు కూడా ప్రభుత్నం పట్టించుకోలేదు,0.0,అప్వుడు కూడా ప్రభుత్నం పట్టించుకోలేదు,0.0,అప్సుడు కూడా ప్రభుత్నం పట్టించుకోలేదు
భారత్ పాకిస్థాన్ మధ్య ఎప్పుడు ఏమవుతుందోనన్న టెన్షన్ కొనసాగుతోంది,0.0,భారత్ పాకిస్థాన్ మధ్య ఎప్వుడు ఏమవుతుందోనన్వ టెన్షన్ కొనసాగుతోంది,0.0,భారత్ పాకిస్థాన్ మధ్య ఎప్యుడు ఏమవుతుందోనన్ప టెన్షన్ కొనసాగుతోంది,0.0,భారత్ పాకిస్థాన్ మధ్య ఎప్యుడు ఏమవుతుందోనన్ప టెన్షన్ కొనసాగుతోంది,0.0,భారత్ పాకిస్థాన్ మధ్య ఎప్సుడు ఏమవుతుందోనన్ప టెన్షన్ కొనసాగుతోంది
ప్రభుత్వ నిర్ణయంపై ఉద్యోగులు హర్షం వ్యక్తం చేస్తున్నారు,0.0,ప్రభుత్స నిర్ణయంపై ఉద్యోగులు హర్షం వ్యక్లం చేస్లున్పారు,0.0,ప్రభుత్య నిర్ణయంపై ఉద్యోగులు హర్షం వ్యక్లం చేస్లున్వారు,0.0,ప్రభుత్చ నిర్ణయంపై ఉద్యోగులు హర్షం వ్యక్లం చేస్లున్వారు,0.0,ప్రభుత్న నిర్ణయంపై ఉద్యోగులు హర్షం వ్యక్లం చేస్లున్వారు
హైదరాబాద్కు పరాభవం,0.0,హైదరాబాద్కు పరాభవం,0.0,హైదరాబాద్కు పరాభవం,0.0,హైదరాబాద్కు పరాభవం,0.0,హైదరాబాద్కు పరాభవం
రైతులు కార్మికుల సంక్షేమమే ధ్యేయంగా తమ ప్రభుత్వం పని చేస్తోందన్నారు,0.0,రైతులు కార్శికుల సంక్షేమమే ధ్యేయంగా తమ ప్రభుత్నం పని చేస్లోందన్పారు,0.0,రైతులు కార్శికుల సంక్షేమమే ధ్యేయంగా తమ ప్రభుత్నం పని చేస్లోందన్పారు,0.0,రైతులు కార్శికుల సంక్షేమమే ధ్యేయంగా తమ ప్రభుత్సం పని చేస్లోందన్పారు,0.0,రైతులు కార్శికుల సంక్షేమమే ధ్యేయంగా తమ ప్రభుత్నం పని చేస్లోందన్వారు
జిల్లాలో తూర్పు పడమరలుగా రైలు మార్గంలో ప్రధాన రైల్వే స్టేషన్లు ఉన్నాయి,0.0,జిల్ధాలో తూర్ను పడమరలుగా రైలు మార్లంలో ప్రధాన రైల్పే స్టేషన్ధు ఉన్పాయి,0.0,జిల్తాలో తూర్ను పడమరలుగా రైలు మార్ధంలో ప్రధాన రైల్నే స్టేషన్గు ఉన్పాయి,0.0,జిల్ధాలో తూర్వు పడమరలుగా రైలు మార్ధంలో ప్రధాన రైల్యే స్టేషన్ధు ఉన్పాయి,0.0,జిల్తాలో తూర్వు పడమరలుగా రైలు మార్లంలో ప్రధాన రైల్పే స్టేషన్తు ఉన్వాయి
కానీ వాటికి సంబంధించి అనేక విషయాలలో స్పష్టత ఉండాలి,0.0,కానీ వాటికి సంబంధించి అనేక విషయాలలో స్నష్టత ఉండాలి,0.0,కానీ వాటికి సంబంధించి అనేక విషయాలలో స్నష్టత ఉండాలి,0.0,కానీ వాటికి సంబంధించి అనేక విషయాలలో స్నష్టత ఉండాలి,0.0,కానీ వాటికి సంబంధించి అనేక విషయాలలో స్వష్టత ఉండాలి
మన రాజ్యంలో,0.0,మన రాజ్యంలో,0.0,మన రాజ్యంలో,0.0,మన రాజ్యంలో,0.0,మన రాజ్యంలో
ఇది శారీరక అలాగే మానసిక ప్రయోజనాలను ఎన్నో అందిస్తుంది,0.0,ఇది శారీరక అలాగే మానసిక ప్రయోజనాలను ఎన్పో అందిస్లుంది,0.0,ఇది శారీరక అలాగే మానసిక ప్రయోజనాలను ఎన్పో అందిస్లుంది,0.0,ఇది శారీరక అలాగే మానసిక ప్రయోజనాలను ఎన్పో అందిస్లుంది,0.0,ఇది శారీరక అలాగే మానసిక ప్రయోజనాలను ఎన్వో అందిస్లుంది
విషయం తెలిసిన రైల్వే పోలీసులు అక్కడకు చేరుకుని మృతదేహాన్ని స్వాధీనం చేసుకున్నారు,0.0,విషయం తెలిసిన రైల్నే పోలీసులు అక్కడకు చేరుకుని మృతదేహాన్వి స్యాధీనం చేసుకున్పారు,0.0,విషయం తెలిసిన రైల్యే పోలీసులు అక్కడకు చేరుకుని మృతదేహాన్వి స్చాధీనం చేసుకున్పారు,0.0,విషయం తెలిసిన రైల్యే పోలీసులు అక్కడకు చేరుకుని మృతదేహాన్వి స్పాధీనం చేసుకున్వారు,0.0,విషయం తెలిసిన రైల్పే పోలీసులు అక్కడకు చేరుకుని మృతదేహాన్వి స్యాధీనం చేసుకున్పారు
అంత ప్రేమను అందిస్తారు,0.0,అంత ప్రేమను అందిస్లారు,0.0,అంత ప్రేమను అందిస్లారు,0.0,అంత ప్రేమను అందిస్లారు,0.0,అంత ప్రేమను అందిస్లారు
మేం మిత్రపక్షంగా ఉన్నాం,0.0,మేం మిత్రపక్షంగా ఉన్పాం,0.0,మేం మిత్రపక్షంగా ఉన్పాం,0.0,మేం మిత్రపక్షంగా ఉన్వాం,0.0,మేం మిత్రపక్షంగా ఉన్వాం
నేను ఇంటికి రానే రాను,0.0,నేను ఇంటికి రానే రాను,0.0,నేను ఇంటికి రానే రాను,0.0,నేను ఇంటికి రానే రాను,0.0,నేను ఇంటికి రానే రాను
మరి అది ఎప్పటికైనా జరిగేనా,0.0,మరి అది ఎప్వటికైనా జరిగేనా,0.0,మరి అది ఎప్సటికైనా జరిగేనా,0.0,మరి అది ఎప్నటికైనా జరిగేనా,0.0,మరి అది ఎప్వటికైనా జరిగేనా
కానీ యూనిట్ నుండి మాత్రం ఇంకా ఎటువంటి సమాధానం అందలేదు,0.0,కానీ యూనిట్ నుండి మాత్రం ఇంకా ఎటువంటి సమాధానం అందలేదు,0.0,కానీ యూనిట్ నుండి మాత్రం ఇంకా ఎటువంటి సమాధానం అందలేదు,0.0,కానీ యూనిట్ నుండి మాత్రం ఇంకా ఎటువంటి సమాధానం అందలేదు,0.0,కానీ యూనిట్ నుండి మాత్రం ఇంకా ఎటువంటి సమాధానం అందలేదు
ముష్కరుల కాల్పులను భద్రతాబలగాలు దీటుగా తిప్పికొట్టాయి,0.0,ముష్కరుల కాల్యులను భద్రతాబలగాలు దీటుగా తిప్వికొట్టాయి,0.0,ముష్కరుల కాల్సులను భద్రతాబలగాలు దీటుగా తిప్నికొట్టాయి,0.0,ముష్కరుల కాల్నులను భద్రతాబలగాలు దీటుగా తిప్వికొట్టాయి,0.0,ముష్కరుల కాల్యులను భద్రతాబలగాలు దీటుగా తిప్నికొట్టాయి
నాలుగు రాష్ట్రాల్లోని జిల్లాల్లో ఎక్కువ మరణాలు సంభవిస్తున్నట్లు కేంద్రం గుర్తించింది,0.0,నాలుగు రాష్ట్రాల్తోని జిల్తాల్ధో ఎక్కువ మరణాలు సంభవిస్లున్పట్తు కేంద్రం గుర్లించింది,0.0,నాలుగు రాష్ట్రాల్ధోని జిల్గాల్తో ఎక్కువ మరణాలు సంభవిస్లున్పట్తు కేంద్రం గుర్లించింది,0.0,నాలుగు రాష్ట్రాల్గోని జిల్ధాల్ధో ఎక్కువ మరణాలు సంభవిస్లున్పట్గు కేంద్రం గుర్లించింది,0.0,నాలుగు రాష్ట్రాల్గోని జిల్తాల్తో ఎక్కువ మరణాలు సంభవిస్లున్వట్తు కేంద్రం గుర్లించింది
కానీ జరగవలసిన నష్టం జరిగిపోతూనే ఉంటుంది,0.0,కానీ జరగవలసిన నష్టం జరిగిపోతూనే ఉంటుంది,0.0,కానీ జరగవలసిన నష్టం జరిగిపోతూనే ఉంటుంది,0.0,కానీ జరగవలసిన నష్టం జరిగిపోతూనే ఉంటుంది,0.0,కానీ జరగవలసిన నష్టం జరిగిపోతూనే ఉంటుంది
కాల్పులు ఎలా జరిగాయి,0.0,కాల్యులు ఎలా జరిగాయి,0.0,కాల్యులు ఎలా జరిగాయి,0.0,కాల్వులు ఎలా జరిగాయి,0.0,కాల్నులు ఎలా జరిగాయి
చివరకు రిజర్వు బ్యాంకు మూలధనం నుంచి రూ,0.0,చివరకు రిజర్సు బ్యాంకు మూలధనం నుంచి రూ,0.0,చివరకు రిజర్సు బ్యాంకు మూలధనం నుంచి రూ,0.0,చివరకు రిజర్పు బ్యాంకు మూలధనం నుంచి రూ,0.0,చివరకు రిజర్సు బ్యాంకు మూలధనం నుంచి రూ
ఖాతాను సృష్టించు,0.0,ఖాతాను సృష్టించు,0.0,ఖాతాను సృష్టించు,0.0,ఖాతాను సృష్టించు,0.0,ఖాతాను సృష్టించు
రాజమండ్రిలో ఈ ఘటన చోటు చేసుకుంది,0.0,రాజమండ్రిలో ఈ ఘటన చోటు చేసుకుంది,0.0,రాజమండ్రిలో ఈ ఘటన చోటు చేసుకుంది,0.0,రాజమండ్రిలో ఈ ఘటన చోటు చేసుకుంది,0.0,రాజమండ్రిలో ఈ ఘటన చోటు చేసుకుంది
కాగా నిఫ్టీ సైతం పాయింట్లు లాభపడి సరికొత్త అధికమొత్తం వద్ద ముగిసింది,0.0,కాగా నిఫ్టీ సైతం పాయింట్గు లాభపడి సరికొత్ల అధికమొత్లం వద్ధ ముగిసింది,0.0,కాగా నిఫ్టీ సైతం పాయింట్తు లాభపడి సరికొత్ల అధికమొత్లం వద్  ముగిసింది,0.0,కాగా నిఫ్టీ సైతం పాయింట్గు లాభపడి సరికొత్ల అధికమొత్లం వద్డ ముగిసింది,0.0,కాగా నిఫ్టీ సైతం పాయింట్ధు లాభపడి సరికొత్ల అధికమొత్లం వద్ధ ముగిసింది
ఆ కరపత్రపు శీర్షికను ఉపోద్ఘాతంగా ఉపయోగిస్తూ మారీయ ఇలా అడిగింది మీరు బైబిలు గురించి ఇంకా ఎక్కువ తెలుసుకోవడానికి ఇష్టపడతారా,0.0,ఆ కరపత్రపు శీర్షికను ఉపోద్ఘాతంగా ఉపయోగిస్లూ మారీయ ఇలా అడిగింది మీరు బైబిలు గురించి ఇంకా ఎక్కువ తెలుసుకోవడానికి ఇష్టపడతారా,0.0,ఆ కరపత్రపు శీర్షికను ఉపోద్ఘాతంగా ఉపయోగిస్లూ మారీయ ఇలా అడిగింది మీరు బైబిలు గురించి ఇంకా ఎక్కువ తెలుసుకోవడానికి ఇష్టపడతారా,0.0,ఆ కరపత్రపు శీర్షికను ఉపోద్ఘాతంగా ఉపయోగిస్లూ మారీయ ఇలా అడిగింది మీరు బైబిలు గురించి ఇంకా ఎక్కువ తెలుసుకోవడానికి ఇష్టపడతారా,0.0,ఆ కరపత్రపు శీర్షికను ఉపోద్ఘాతంగా ఉపయోగిస్లూ మారీయ ఇలా అడిగింది మీరు బైబిలు గురించి ఇంకా ఎక్కువ తెలుసుకోవడానికి ఇష్టపడతారా
కొద్ది సేపు అలాగే వదిలేయాలి,0.0,కొద్ధి సేపు అలాగే వదిలేయాలి,0.0,కొద్ధి సేపు అలాగే వదిలేయాలి,0.0,కొద్డి సేపు అలాగే వదిలేయాలి,0.0,కొద్ ి సేపు అలాగే వదిలేయాలి
ఎక్కడ అపనమ్మకం ఉంది,0.0,ఎక్కడ అపనమ్శకం ఉంది,0.0,ఎక్కడ అపనమ్శకం ఉంది,0.0,ఎక్కడ అపనమ్శకం ఉంది,0.0,ఎక్కడ అపనమ్శకం ఉంది
ఈ చర్యను ఇలా చూపవచ్చును,0.0,ఈ చర్యను ఇలా చూపవచ్సును,0.0,ఈ చర్యను ఇలా చూపవచ్వును,0.0,ఈ చర్యను ఇలా చూపవచ్వును,0.0,ఈ చర్యను ఇలా చూపవచ్వును
మహరాష్ట్రలోని లాథూర్ లో ఉన్న ఓ ఆర్ఫనేజ్ నుంచి నిషా అనే పాపను తెచ్చుకుని దత్తత తీసుకున్నారు,0.0,మహరాష్ట్రలోని లాథూర్ లో ఉన్వ ఓ ఆర్ఫనేజ్ నుంచి నిషా అనే పాపను తెచ్వుకుని దత్లత తీసుకున్పారు,0.0,మహరాష్ట్రలోని లాథూర్ లో ఉన్ప ఓ ఆర్ఫనేజ్ నుంచి నిషా అనే పాపను తెచ్సుకుని దత్లత తీసుకున్వారు,0.0,మహరాష్ట్రలోని లాథూర్ లో ఉన్వ ఓ ఆర్ఫనేజ్ నుంచి నిషా అనే పాపను తెచ్సుకుని దత్లత తీసుకున్వారు,0.0,మహరాష్ట్రలోని లాథూర్ లో ఉన్ప ఓ ఆర్ఫనేజ్ నుంచి నిషా అనే పాపను తెచ్వుకుని దత్లత తీసుకున్పారు
కోట్లతో ఈ చిత్రం రూపొందింది,0.0,కోట్గతో ఈ చిత్రం రూపొందింది,0.0,కోట్గతో ఈ చిత్రం రూపొందింది,0.0,కోట్తతో ఈ చిత్రం రూపొందింది,0.0,కోట్ధతో ఈ చిత్రం రూపొందింది
యెహోవా దేవుడు ఎంతటి ప్రేమగల తండ్రో కదా,0.0,యెహోవా దేవుడు ఎంతటి ప్రేమగల తండ్రో కదా,0.0,యెహోవా దేవుడు ఎంతటి ప్రేమగల తండ్రో కదా,0.0,యెహోవా దేవుడు ఎంతటి ప్రేమగల తండ్రో కదా,0.0,యెహోవా దేవుడు ఎంతటి ప్రేమగల తండ్రో కదా
రెడీ కేక్ చాక్లెట్ తో కప్పబడి,0.0,రెడీ కేక్ చాక్తెట్ తో కప్సబడి,0.0,రెడీ కేక్ చాక్గెట్ తో కప్సబడి,0.0,రెడీ కేక్ చాక్ధెట్ తో కప్సబడి,0.0,రెడీ కేక్ చాక్ధెట్ తో కప్సబడి
ఈ ప్రక్రియను వీడియో తీశామని వివరించారు,0.0,ఈ ప్రక్రియను వీడియో తీశామని వివరించారు,0.0,ఈ ప్రక్రియను వీడియో తీశామని వివరించారు,0.0,ఈ ప్రక్రియను వీడియో తీశామని వివరించారు,0.0,ఈ ప్రక్రియను వీడియో తీశామని వివరించారు
ఆడవి మగవి బాహ్య రూపంలో తేడా లేకుండా ఉంటాయి,0.0,ఆడవి మగవి బాహ్య రూపంలో తేడా లేకుండా ఉంటాయి,0.0,ఆడవి మగవి బాహ్య రూపంలో తేడా లేకుండా ఉంటాయి,0.0,ఆడవి మగవి బాహ్య రూపంలో తేడా లేకుండా ఉంటాయి,0.0,ఆడవి మగవి బాహ్య రూపంలో తేడా లేకుండా ఉంటాయి
అందుకే ఈ సినిమా ఇంతపెద్ద విజయాన్ని అందుకుంది,0.0,అందుకే ఈ సినిమా ఇంతపెద్డ విజయాన్పి అందుకుంది,0.0,అందుకే ఈ సినిమా ఇంతపెద్డ విజయాన్వి అందుకుంది,0.0,అందుకే ఈ సినిమా ఇంతపెద్ధ విజయాన్వి అందుకుంది,0.0,అందుకే ఈ సినిమా ఇంతపెద్ధ విజయాన్పి అందుకుంది
అసలు సంతోషం అంటే ఏమిటి,0.0,అసలు సంతోషం అంటే ఏమిటి,0.0,అసలు సంతోషం అంటే ఏమిటి,0.0,అసలు సంతోషం అంటే ఏమిటి,0.0,అసలు సంతోషం అంటే ఏమిటి
సిట్రస్ జ్యూస్,0.0,సిట్రస్ జ్యూస్,0.0,సిట్రస్ జ్యూస్,0.0,సిట్రస్ జ్యూస్,0.0,సిట్రస్ జ్యూస్
శిశ్నాగ్ర చర్మపు శోధము కారణాలు,0.0,శిశ్పాగ్ర చర్శపు శోధము కారణాలు,0.0,శిశ్పాగ్ర చర్శపు శోధము కారణాలు,0.0,శిశ్పాగ్ర చర్శపు శోధము కారణాలు,0.0,శిశ్పాగ్ర చర్శపు శోధము కారణాలు
నాన్ రెసిడెంట్ ఆర్డినరీ ఎన్ ఆర్ ఓ అకౌంట్ అంటే ఏంటి,0.0,నాన్ రెసిడెంట్ ఆర్దినరీ ఎన్ ఆర్ ఓ అకౌంట్ అంటే ఏంటి,0.0,నాన్ రెసిడెంట్ ఆర్దినరీ ఎన్ ఆర్ ఓ అకౌంట్ అంటే ఏంటి,0.0,నాన్ రెసిడెంట్ ఆర్ధినరీ ఎన్ ఆర్ ఓ అకౌంట్ అంటే ఏంటి,0.0,నాన్ రెసిడెంట్ ఆర్దినరీ ఎన్ ఆర్ ఓ అకౌంట్ అంటే ఏంటి
అది పగుళ్లను నివారిస్తుంది,0.0,అది పగుళ్ధను నివారిస్లుంది,0.0,అది పగుళ్గను నివారిస్లుంది,0.0,అది పగుళ్ధను నివారిస్లుంది,0.0,అది పగుళ్గను నివారిస్లుంది
అలాంటి ఓ ఘటనకు సంబంధించిన వీడియో సోషల్ మీడియాలో పెట్టారు,0.0,అలాంటి ఓ ఘటనకు సంబంధించిన వీడియో సోషల్ మీడియాలో పెట్టారు,0.0,అలాంటి ఓ ఘటనకు సంబంధించిన వీడియో సోషల్ మీడియాలో పెట్టారు,0.0,అలాంటి ఓ ఘటనకు సంబంధించిన వీడియో సోషల్ మీడియాలో పెట్టారు,0.0,అలాంటి ఓ ఘటనకు సంబంధించిన వీడియో సోషల్ మీడియాలో పెట్టారు
కేంద్ర బడ్జెట్ ధరలు పెరిగేవి ఏవి,0.0,కేంద్ర బడ్జెట్ ధరలు పెరిగేవి ఏవి,0.0,కేంద్ర బడ్జెట్ ధరలు పెరిగేవి ఏవి,0.0,కేంద్ర బడ్జెట్ ధరలు పెరిగేవి ఏవి,0.0,కేంద్ర బడ్జెట్ ధరలు పెరిగేవి ఏవి
అన్నం పూర్తిగా ఉడికాక దింపేయాలి,0.0,అన్పం పూర్లిగా ఉడికాక దింపేయాలి,0.0,అన్వం పూర్లిగా ఉడికాక దింపేయాలి,0.0,అన్పం పూర్లిగా ఉడికాక దింపేయాలి,0.0,అన్పం పూర్లిగా ఉడికాక దింపేయాలి
కానీ నేను వాటిని బయట పొందలేను,0.0,కానీ నేను వాటిని బయట పొందలేను,0.0,కానీ నేను వాటిని బయట పొందలేను,0.0,కానీ నేను వాటిని బయట పొందలేను,0.0,కానీ నేను వాటిని బయట పొందలేను
ఈ చిత్రంతో పవన్ సీహెచ్ సంగీత దర్శకుడిగా పరిచయం కాబోతున్నారు,0.0,ఈ చిత్రంతో పవన్ సీహెచ్ సంగీత దర్మకుడిగా పరిచయం కాబోతున్పారు,0.0,ఈ చిత్రంతో పవన్ సీహెచ్ సంగీత దర్మకుడిగా పరిచయం కాబోతున్వారు,0.0,ఈ చిత్రంతో పవన్ సీహెచ్ సంగీత దర్మకుడిగా పరిచయం కాబోతున్వారు,0.0,ఈ చిత్రంతో పవన్ సీహెచ్ సంగీత దర్మకుడిగా పరిచయం కాబోతున్వారు
అంతే ఆ సినిమాకి సంబంధించిన న్యూస్ ఇంకేదీ లేదు,0.0,అంతే ఆ సినిమాకి సంబంధించిన న్యూస్ ఇంకేదీ లేదు,0.0,అంతే ఆ సినిమాకి సంబంధించిన న్యూస్ ఇంకేదీ లేదు,0.0,అంతే ఆ సినిమాకి సంబంధించిన న్యూస్ ఇంకేదీ లేదు,0.0,అంతే ఆ సినిమాకి సంబంధించిన న్యూస్ ఇంకేదీ లేదు
ఏ సారూప్యతలు ఉన్నాయి,0.0,ఏ సారూప్యతలు ఉన్పాయి,0.0,ఏ సారూప్యతలు ఉన్వాయి,0.0,ఏ సారూప్యతలు ఉన్పాయి,0.0,ఏ సారూప్యతలు ఉన్పాయి
ఏం చెప్పాలో తెలియలా,0.0,ఏం చెప్సాలో తెలియలా,0.0,ఏం చెప్నాలో తెలియలా,0.0,ఏం చెప్వాలో తెలియలా,0.0,ఏం చెప్సాలో తెలియలా
అయితే మీరు అసలు ముచ్చట చదవాల్సిందే,0.0,అయితే మీరు అసలు ముచ్సట చదవాల్విందే,0.0,అయితే మీరు అసలు ముచ్సట చదవాల్చిందే,0.0,అయితే మీరు అసలు ముచ్వట చదవాల్నిందే,0.0,అయితే మీరు అసలు ముచ్వట చదవాల్విందే
ధరలు ఇక్కడ సహేతుకమైన ఉన్నాయి,0.0,ధరలు ఇక్కడ సహేతుకమైన ఉన్పాయి,0.0,ధరలు ఇక్కడ సహేతుకమైన ఉన్పాయి,0.0,ధరలు ఇక్కడ సహేతుకమైన ఉన్పాయి,0.0,ధరలు ఇక్కడ సహేతుకమైన ఉన్పాయి
ఇందుకు ప్రభుత్వం ప్రతినెలా కనీస రుసుంగా రూ,0.0,ఇందుకు ప్రభుత్నం ప్రతినెలా కనీస రుసుంగా రూ,0.0,ఇందుకు ప్రభుత్యం ప్రతినెలా కనీస రుసుంగా రూ,0.0,ఇందుకు ప్రభుత్పం ప్రతినెలా కనీస రుసుంగా రూ,0.0,ఇందుకు ప్రభుత్నం ప్రతినెలా కనీస రుసుంగా రూ
లక్షణాలు నడుం తొంటి భాగంలో నొప్పిరావటం,0.0,లక్షణాలు నడుం తొంటి భాగంలో నొప్సిరావటం,0.0,లక్షణాలు నడుం తొంటి భాగంలో నొప్నిరావటం,0.0,లక్షణాలు నడుం తొంటి భాగంలో నొప్సిరావటం,0.0,లక్షణాలు నడుం తొంటి భాగంలో నొప్నిరావటం
దాన్ని ఓ సార్లు చూసుంటా,0.0,దాన్వి ఓ సార్ధు చూసుంటా,0.0,దాన్వి ఓ సార్తు చూసుంటా,0.0,దాన్వి ఓ సార్గు చూసుంటా,0.0,దాన్వి ఓ సార్గు చూసుంటా
ఒక రేడియనలో ఉన్న గ్రీలు,0.0,ఒక రేడియనలో ఉన్ప గ్రీలు,0.0,ఒక రేడియనలో ఉన్ప గ్రీలు,0.0,ఒక రేడియనలో ఉన్వ గ్రీలు,0.0,ఒక రేడియనలో ఉన్వ గ్రీలు
క్రీస్తు జననం నిశ్చయంగా చరిత్రలో ప్రసిద్ధమైన సంఘటనే,0.0,క్రీస్లు జననం నిశ్సయంగా చరిత్రలో ప్రసిద్లమైన సంఘటనే,0.0,క్రీస్లు జననం నిశ్సయంగా చరిత్రలో ప్రసిద్లమైన సంఘటనే,0.0,క్రీస్లు జననం నిశ్వయంగా చరిత్రలో ప్రసిద్లమైన సంఘటనే,0.0,క్రీస్లు జననం నిశ్సయంగా చరిత్రలో ప్రసిద్దమైన సంఘటనే
ఇప్పటికే మూడు కోట్లకు పైగా మొక్కలు నాటారని తెలిపారు,0.0,ఇప్వటికే మూడు కోట్ధకు పైగా మొక్కలు నాటారని తెలిపారు,0.0,ఇప్యటికే మూడు కోట్తకు పైగా మొక్కలు నాటారని తెలిపారు,0.0,ఇప్నటికే మూడు కోట్ధకు పైగా మొక్కలు నాటారని తెలిపారు,0.0,ఇప్సటికే మూడు కోట్గకు పైగా మొక్కలు నాటారని తెలిపారు
అయితే అది ఒక పూర్తి తొలగింపు కాదు,0.0,అయితే అది ఒక పూర్లి తొలగింపు కాదు,0.0,అయితే అది ఒక పూర్లి తొలగింపు కాదు,0.0,అయితే అది ఒక పూర్లి తొలగింపు కాదు,0.0,అయితే అది ఒక పూర్లి తొలగింపు కాదు
పాట్నా రాజ్యానికి రాజధానిగా ఉండేది,0.0,పాట్పా రాజ్యానికి రాజధానిగా ఉండేది,0.0,పాట్పా రాజ్యానికి రాజధానిగా ఉండేది,0.0,పాట్వా రాజ్యానికి రాజధానిగా ఉండేది,0.0,పాట్వా రాజ్యానికి రాజధానిగా ఉండేది
దీంతో పరుగుల వద్ద ఐదో వికెట్ కోల్పోయింది,0.0,దీంతో పరుగుల వద్  ఐదో వికెట్ కోల్యోయింది,0.0,దీంతో పరుగుల వద్  ఐదో వికెట్ కోల్సోయింది,0.0,దీంతో పరుగుల వద్  ఐదో వికెట్ కోల్నోయింది,0.0,దీంతో పరుగుల వద్డ ఐదో వికెట్ కోల్సోయింది
ఎవరో ఆందోళన చెందవద్దన్నారు,0.0,ఎవరో ఆందోళన చెందవద్ధన్వారు,0.0,ఎవరో ఆందోళన చెందవద్డన్పారు,0.0,ఎవరో ఆందోళన చెందవద్ధన్పారు,0.0,ఎవరో ఆందోళన చెందవద్డన్పారు
వారు నిశ్శబ్ద అని మాకు చెప్పారు కానీ నేను తీవ్రంగా ముగుస్తుంది అనుకుంటున్నాను,0.0,వారు నిశ్మబ్ధ అని మాకు చెప్వారు కానీ నేను తీవ్రంగా ముగుస్లుంది అనుకుంటున్వాను,0.0,వారు నిశ్మబ్ధ అని మాకు చెప్యారు కానీ నేను తీవ్రంగా ముగుస్లుంది అనుకుంటున్వాను,0.0,వారు నిశ్మబ్  అని మాకు చెప్నారు కానీ నేను తీవ్రంగా ముగుస్లుంది అనుకుంటున్వాను,0.0,వారు నిశ్మబ్ధ అని మాకు చెప్నారు కానీ నేను తీవ్రంగా ముగుస్లుంది అనుకుంటున్పాను
అనుమాన స్పద మృతిగా నమోదు చేసుకున్న పోలీసులు విచారణ చేపట్టారు,0.0,అనుమాన స్యద మృతిగా నమోదు చేసుకున్ప పోలీసులు విచారణ చేపట్టారు,0.0,అనుమాన స్వద మృతిగా నమోదు చేసుకున్వ పోలీసులు విచారణ చేపట్టారు,0.0,అనుమాన స్సద మృతిగా నమోదు చేసుకున్ప పోలీసులు విచారణ చేపట్టారు,0.0,అనుమాన స్వద మృతిగా నమోదు చేసుకున్ప పోలీసులు విచారణ చేపట్టారు
ఒక చెంచా లో కార్న్ పిండి,0.0,ఒక చెంచా లో కార్ప్ పిండి,0.0,ఒక చెంచా లో కార్వ్ పిండి,0.0,ఒక చెంచా లో కార్ప్ పిండి,0.0,ఒక చెంచా లో కార్ప్ పిండి
దిల్లీ ఈరోజు బంగారం ధర రూ,0.0,దిల్ధీ ఈరోజు బంగారం ధర రూ,0.0,దిల్గీ ఈరోజు బంగారం ధర రూ,0.0,దిల్ధీ ఈరోజు బంగారం ధర రూ,0.0,దిల్తీ ఈరోజు బంగారం ధర రూ
చెన్నై తమిళనాడులోని తిరుచరాపల్లి జిల్లాలో రెండేళ్ల బాలుడు బోరుబావిలో పడ్డాడు,0.0,చెన్వై తమిళనాడులోని తిరుచరాపల్గి జిల్ధాలో రెండేళ్త బాలుడు బోరుబావిలో పడ్ధాడు,0.0,చెన్వై తమిళనాడులోని తిరుచరాపల్తి జిల్తాలో రెండేళ్త బాలుడు బోరుబావిలో పడ్ధాడు,0.0,చెన్పై తమిళనాడులోని తిరుచరాపల్గి జిల్తాలో రెండేళ్గ బాలుడు బోరుబావిలో పడ్ధాడు,0.0,చెన్వై తమిళనాడులోని తిరుచరాపల్గి జిల్ధాలో రెండేళ్ధ బాలుడు బోరుబావిలో పడ్ధాడు
కానీ నిరాశే ఎదురైంది,0.0,కానీ నిరాశే ఎదురైంది,0.0,కానీ నిరాశే ఎదురైంది,0.0,కానీ నిరాశే ఎదురైంది,0.0,కానీ నిరాశే ఎదురైంది
అయితే ఇప్పటికీ అక్కడ లోపాలను,0.0,అయితే ఇప్సటికీ అక్కడ లోపాలను,0.0,అయితే ఇప్యటికీ అక్కడ లోపాలను,0.0,అయితే ఇప్యటికీ అక్కడ లోపాలను,0.0,అయితే ఇప్సటికీ అక్కడ లోపాలను
వేడి కూడా పెరుగుతోంది,0.0,వేడి కూడా పెరుగుతోంది,0.0,వేడి కూడా పెరుగుతోంది,0.0,వేడి కూడా పెరుగుతోంది,0.0,వేడి కూడా పెరుగుతోంది
హత్యయత్నం చేసింది ఎవరు,0.0,హత్యయత్పం చేసింది ఎవరు,0.0,హత్యయత్పం చేసింది ఎవరు,0.0,హత్యయత్వం చేసింది ఎవరు,0.0,హత్యయత్పం చేసింది ఎవరు
దీంతో రెండో మ్యాచ్లో భారత్ గెలుపు తప్పనిసరైంది,0.0,దీంతో రెండో మ్యాచ్గో భారత్ గెలుపు తప్యనిసరైంది,0.0,దీంతో రెండో మ్యాచ్ధో భారత్ గెలుపు తప్సనిసరైంది,0.0,దీంతో రెండో మ్యాచ్ధో భారత్ గెలుపు తప్యనిసరైంది,0.0,దీంతో రెండో మ్యాచ్తో భారత్ గెలుపు తప్సనిసరైంది
తెలివిగా ప్రవర్తిస్తారు,0.0,తెలివిగా ప్రవర్లిస్లారు,0.0,తెలివిగా ప్రవర్లిస్లారు,0.0,తెలివిగా ప్రవర్లిస్లారు,0.0,తెలివిగా ప్రవర్లిస్లారు
ఈ చివరిరోజుల్లో కొన్ని బ్యాంకులు దివాలా తీశాయి మరికొన్ని దేశాల్లో ఆర్థిక సంక్షోభం వచ్చింది,0.0,ఈ చివరిరోజుల్గో కొన్వి బ్యాంకులు దివాలా తీశాయి మరికొన్వి దేశాల్గో ఆర్థిక సంక్షోభం వచ్సింది,0.0,ఈ చివరిరోజుల్తో కొన్వి బ్యాంకులు దివాలా తీశాయి మరికొన్పి దేశాల్తో ఆర్థిక సంక్షోభం వచ్వింది,0.0,ఈ చివరిరోజుల్ధో కొన్వి బ్యాంకులు దివాలా తీశాయి మరికొన్పి దేశాల్గో ఆర్థిక సంక్షోభం వచ్సింది,0.0,ఈ చివరిరోజుల్గో కొన్వి బ్యాంకులు దివాలా తీశాయి మరికొన్పి దేశాల్ధో ఆర్థిక సంక్షోభం వచ్సింది
బరువు తగ్గొచ్చు,0.0,బరువు తగ్ధొచ్సు,0.0,బరువు తగ్ఠొచ్సు,0.0,బరువు తగ్ఠొచ్వు,0.0,బరువు తగ్లొచ్వు
ముగ్గురి చేతులుకాళ్లు కట్టేసి నోటికి టేప్ వేసి ఉన్న మృతదేహాలను గుర్తించారు,0.0,ముగ్ఠురి చేతులుకాళ్గు కట్టేసి నోటికి టేప్ వేసి ఉన్ప మృతదేహాలను గుర్లించారు,0.0,ముగ్ఠురి చేతులుకాళ్ధు కట్టేసి నోటికి టేప్ వేసి ఉన్వ మృతదేహాలను గుర్లించారు,0.0,ముగ్ఠురి చేతులుకాళ్ధు కట్టేసి నోటికి టేప్ వేసి ఉన్వ మృతదేహాలను గుర్లించారు,0.0,ముగ్లురి చేతులుకాళ్గు కట్టేసి నోటికి టేప్ వేసి ఉన్ప మృతదేహాలను గుర్లించారు
ట్రిబ్యునల్ ప్రత్యేక ధర్మాసనం,0.0,ట్రిబ్యునల్ ప్రత్యేక ధర్శాసనం,0.0,ట్రిబ్యునల్ ప్రత్యేక ధర్శాసనం,0.0,ట్రిబ్యునల్ ప్రత్యేక ధర్శాసనం,0.0,ట్రిబ్యునల్ ప్రత్యేక ధర్శాసనం
ఈ రైలు ఇండోర్ కోచింగ్ డిపో చేత నిర్వహించబడుతుంది,0.0,ఈ రైలు ఇండోర్ కోచింగ్ డిపో చేత నిర్పహించబడుతుంది,0.0,ఈ రైలు ఇండోర్ కోచింగ్ డిపో చేత నిర్పహించబడుతుంది,0.0,ఈ రైలు ఇండోర్ కోచింగ్ డిపో చేత నిర్యహించబడుతుంది,0.0,ఈ రైలు ఇండోర్ కోచింగ్ డిపో చేత నిర్సహించబడుతుంది
పైగా బాగా పీలగా పొట్టిగా ఉండేవాడు,0.0,పైగా బాగా పీలగా పొట్టిగా ఉండేవాడు,0.0,పైగా బాగా పీలగా పొట్టిగా ఉండేవాడు,0.0,పైగా బాగా పీలగా పొట్టిగా ఉండేవాడు,0.0,పైగా బాగా పీలగా పొట్టిగా ఉండేవాడు
కోట్లకు పైగా రుణం ఉంది,0.0,కోట్తకు పైగా రుణం ఉంది,0.0,కోట్గకు పైగా రుణం ఉంది,0.0,కోట్ధకు పైగా రుణం ఉంది,0.0,కోట్తకు పైగా రుణం ఉంది
రెండు సంవత్సరాల తర్వాత మా అమ్మ మమ్మల్ని వదిలి వెళ్లిపోయింది,0.0,రెండు సంవత్చరాల తర్యాత మా అమ్శ మమ్శల్పి వదిలి వెళ్తిపోయింది,0.0,రెండు సంవత్పరాల తర్సాత మా అమ్శ మమ్శల్పి వదిలి వెళ్తిపోయింది,0.0,రెండు సంవత్పరాల తర్చాత మా అమ్శ మమ్శల్పి వదిలి వెళ్తిపోయింది,0.0,రెండు సంవత్చరాల తర్యాత మా అమ్శ మమ్శల్వి వదిలి వెళ్తిపోయింది
జాతీయ సగటు కన్నా కొన్ని జిల్లాల్లో ఎక్కువ స్థాయిలో మరణాల రేటు ఉండడం బాధిస్తోందని ఆయన అన్నారు,0.0,జాతీయ సగటు కన్పా కొన్వి జిల్తాల్గో ఎక్కువ స్థాయిలో మరణాల రేటు ఉండడం బాధిస్లోందని ఆయన అన్పారు,0.0,జాతీయ సగటు కన్వా కొన్వి జిల్ధాల్గో ఎక్కువ స్థాయిలో మరణాల రేటు ఉండడం బాధిస్లోందని ఆయన అన్పారు,0.0,జాతీయ సగటు కన్పా కొన్పి జిల్ధాల్తో ఎక్కువ స్థాయిలో మరణాల రేటు ఉండడం బాధిస్లోందని ఆయన అన్వారు,0.0,జాతీయ సగటు కన్వా కొన్పి జిల్ధాల్గో ఎక్కువ స్థాయిలో మరణాల రేటు ఉండడం బాధిస్లోందని ఆయన అన్పారు
హీరో అయ్యింది,0.0,హీరో అయ్యింది,0.0,హీరో అయ్యింది,0.0,హీరో అయ్యింది,0.0,హీరో అయ్యింది
స్నిపింగ్ అంటే ఏమిటి,0.0,స్నిపింగ్ అంటే ఏమిటి,0.0,స్నిపింగ్ అంటే ఏమిటి,0.0,స్నిపింగ్ అంటే ఏమిటి,0.0,స్నిపింగ్ అంటే ఏమిటి
ఫ్యామిలీ అందరూ వెళ్ళాల్సిన మూవీ,0.0,ఫ్యామిలీ అందరూ వెళ్ళాల్పిన మూవీ,0.0,ఫ్యామిలీ అందరూ వెళ్ళాల్విన మూవీ,0.0,ఫ్యామిలీ అందరూ వెళ్ళాల్విన మూవీ,0.0,ఫ్యామిలీ అందరూ వెళ్ళాల్చిన మూవీ
సంస్కృతాన్ని అభ్యసించాడు,0.0,సంస్కృతాన్పి అభ్యసించాడు,0.0,సంస్కృతాన్వి అభ్యసించాడు,0.0,సంస్కృతాన్వి అభ్యసించాడు,0.0,సంస్కృతాన్వి అభ్యసించాడు
దాని గురించి మరింత తెలుసుకోవడానికి మీరు వ్యాసాన్ని చదవవచ్చు,0.0,దాని గురించి మరింత తెలుసుకోవడానికి మీరు వ్యాసాన్వి చదవవచ్సు,0.0,దాని గురించి మరింత తెలుసుకోవడానికి మీరు వ్యాసాన్వి చదవవచ్సు,0.0,దాని గురించి మరింత తెలుసుకోవడానికి మీరు వ్యాసాన్వి చదవవచ్వు,0.0,దాని గురించి మరింత తెలుసుకోవడానికి మీరు వ్యాసాన్పి చదవవచ్సు
కానీ ఆ తర్వాత మళ్ళీ ఇంకో అతను వచ్చాడు,0.0,కానీ ఆ తర్చాత మళ్ళీ ఇంకో అతను వచ్వాడు,0.0,కానీ ఆ తర్పాత మళ్ళీ ఇంకో అతను వచ్వాడు,0.0,కానీ ఆ తర్చాత మళ్ళీ ఇంకో అతను వచ్వాడు,0.0,కానీ ఆ తర్సాత మళ్ళీ ఇంకో అతను వచ్వాడు
ఇలాంటి ధోరణి ఏమాత్రం సబబు కాదు,0.0,ఇలాంటి ధోరణి ఏమాత్రం సబబు కాదు,0.0,ఇలాంటి ధోరణి ఏమాత్రం సబబు కాదు,0.0,ఇలాంటి ధోరణి ఏమాత్రం సబబు కాదు,0.0,ఇలాంటి ధోరణి ఏమాత్రం సబబు కాదు
పిల్లలు ఉదాహరణకు తీపి పాప్కార్న్ ప్రేమ,0.0,పిల్తలు ఉదాహరణకు తీపి పాప్కార్వ్ ప్రేమ,0.0,పిల్తలు ఉదాహరణకు తీపి పాప్కార్వ్ ప్రేమ,0.0,పిల్గలు ఉదాహరణకు తీపి పాప్కార్ప్ ప్రేమ,0.0,పిల్గలు ఉదాహరణకు తీపి పాప్కార్ప్ ప్రేమ
ఆధారాలు లభించలేదు,0.0,ఆధారాలు లభించలేదు,0.0,ఆధారాలు లభించలేదు,0.0,ఆధారాలు లభించలేదు,0.0,ఆధారాలు లభించలేదు
తననెవరూ బలవంతపెట్టలేరు,0.0,తననెవరూ బలవంతపెట్టలేరు,0.0,తననెవరూ బలవంతపెట్టలేరు,0.0,తననెవరూ బలవంతపెట్టలేరు,0.0,తననెవరూ బలవంతపెట్టలేరు
నేను దానికి నిరాకరించాను,0.0,నేను దానికి నిరాకరించాను,0.0,నేను దానికి నిరాకరించాను,0.0,నేను దానికి నిరాకరించాను,0.0,నేను దానికి నిరాకరించాను
పోలవరం బాధితులపై ఎన్హెచ్ఆర్సిని ఆదేశించిన ఢిల్లీ హైకోర్టు,0.0,పోలవరం బాధితులపై ఎన్హెచ్ఆర్నిని ఆదేశించిన ఢిల్గీ హైకోర్టు,0.0,పోలవరం బాధితులపై ఎన్హెచ్ఆర్చిని ఆదేశించిన ఢిల్ధీ హైకోర్టు,0.0,పోలవరం బాధితులపై ఎన్హెచ్ఆర్నిని ఆదేశించిన ఢిల్ధీ హైకోర్టు,0.0,పోలవరం బాధితులపై ఎన్హెచ్ఆర్చిని ఆదేశించిన ఢిల్గీ హైకోర్టు
కొరకు కీబోర్డు లఘువును ఎంచుకోండి,0.0,కొరకు కీబోర్దు లఘువును ఎంచుకోండి,0.0,కొరకు కీబోర్దు లఘువును ఎంచుకోండి,0.0,కొరకు కీబోర్ధు లఘువును ఎంచుకోండి,0.0,కొరకు కీబోర్దు లఘువును ఎంచుకోండి
లక్షలు వచ్చాయి,0.0,లక్షలు వచ్వాయి,0.0,లక్షలు వచ్వాయి,0.0,లక్షలు వచ్సాయి,0.0,లక్షలు వచ్వాయి
అదే జరిగితే నిజంగా పశ్చాత్తాపపడినవారిని యెహోవా బహుగా క్షమించును అనే విషయాన్ని మరచిపోకండి,0.0,అదే జరిగితే నిజంగా పశ్వాత్లాపపడినవారిని యెహోవా బహుగా క్షమించును అనే విషయాన్పి మరచిపోకండి,0.0,అదే జరిగితే నిజంగా పశ్వాత్లాపపడినవారిని యెహోవా బహుగా క్షమించును అనే విషయాన్వి మరచిపోకండి,0.0,అదే జరిగితే నిజంగా పశ్వాత్లాపపడినవారిని యెహోవా బహుగా క్షమించును అనే విషయాన్వి మరచిపోకండి,0.0,అదే జరిగితే నిజంగా పశ్వాత్లాపపడినవారిని యెహోవా బహుగా క్షమించును అనే విషయాన్పి మరచిపోకండి
తనకు రాజకీయాలపై అవగాహన లేదని ఆసక్తి కూడా లేదని,0.0,తనకు రాజకీయాలపై అవగాహన లేదని ఆసక్లి కూడా లేదని,0.0,తనకు రాజకీయాలపై అవగాహన లేదని ఆసక్లి కూడా లేదని,0.0,తనకు రాజకీయాలపై అవగాహన లేదని ఆసక్లి కూడా లేదని,0.0,తనకు రాజకీయాలపై అవగాహన లేదని ఆసక్లి కూడా లేదని
కనుక భయపడకండి,0.0,కనుక భయపడకండి,0.0,కనుక భయపడకండి,0.0,కనుక భయపడకండి,0.0,కనుక భయపడకండి
మౌనమెందుకో,0.0,మౌనమెందుకో,0.0,మౌనమెందుకో,0.0,మౌనమెందుకో,0.0,మౌనమెందుకో
ఈ స్థూపాల ప్రణాళిక సమయంలో మొదట అద్భుతమైన ద్వారాలు చేర్చబడలేదు అనేది వాస్తవం,0.0,ఈ స్థూపాల ప్రణాళిక సమయంలో మొదట అద్భుతమైన ద్పారాలు చేర్వబడలేదు అనేది వాస్లవం,0.0,ఈ స్థూపాల ప్రణాళిక సమయంలో మొదట అద్భుతమైన ద్నారాలు చేర్వబడలేదు అనేది వాస్లవం,0.0,ఈ స్థూపాల ప్రణాళిక సమయంలో మొదట అద్భుతమైన ద్చారాలు చేర్సబడలేదు అనేది వాస్లవం,0.0,ఈ స్థూపాల ప్రణాళిక సమయంలో మొదట అద్భుతమైన ద్పారాలు చేర్సబడలేదు అనేది వాస్లవం
రహదారి మధ్యలో అగ్నికి ఆహుతైపోయిన బజాజ్ పల్సర్ ఆర్ఎస్,0.0,రహదారి మధ్యలో అగ్పికి ఆహుతైపోయిన బజాజ్ పల్నర్ ఆర్ఎస్,0.0,రహదారి మధ్యలో అగ్పికి ఆహుతైపోయిన బజాజ్ పల్చర్ ఆర్ఎస్,0.0,రహదారి మధ్యలో అగ్పికి ఆహుతైపోయిన బజాజ్ పల్నర్ ఆర్ఎస్,0.0,రహదారి మధ్యలో అగ్వికి ఆహుతైపోయిన బజాజ్ పల్నర్ ఆర్ఎస్
మణిపూర్ మహారాష్ట్రలో స్వల్ప భూకంపం,0.0,మణిపూర్ మహారాష్ట్రలో స్నల్స భూకంపం,0.0,మణిపూర్ మహారాష్ట్రలో స్నల్స భూకంపం,0.0,మణిపూర్ మహారాష్ట్రలో స్యల్స భూకంపం,0.0,మణిపూర్ మహారాష్ట్రలో స్పల్య భూకంపం
దీనికోసం ఇండియా పాక్ల మధ్య మధ్యవర్తిత్వానికి అమెరికా సిద్ధంగా ఉందని పేర్కొంది,0.0,దీనికోసం ఇండియా పాక్ధ మధ్య మధ్యవర్లిత్పానికి అమెరికా సిద్దంగా ఉందని పేర్కొంది,0.0,దీనికోసం ఇండియా పాక్గ మధ్య మధ్యవర్లిత్పానికి అమెరికా సిద్లంగా ఉందని పేర్కొంది,0.0,దీనికోసం ఇండియా పాక్త మధ్య మధ్యవర్లిత్యానికి అమెరికా సిద్లంగా ఉందని పేర్కొంది,0.0,దీనికోసం ఇండియా పాక్త మధ్య మధ్యవర్లిత్పానికి అమెరికా సిద్దంగా ఉందని పేర్కొంది
బ్లాక్ డ్రెస్లో అందాలు,0.0,బ్లాక్ డ్రెస్తో అందాలు,0.0,బ్లాక్ డ్రెస్ధో అందాలు,0.0,బ్లాక్ డ్రెస్ధో అందాలు,0.0,బ్లాక్ డ్రెస్ధో అందాలు
కోట్ల వసూళ్లతో మొదటి స్థానంలో ఉంది,0.0,కోట్ధ వసూళ్తతో మొదటి స్థానంలో ఉంది,0.0,కోట్ధ వసూళ్ధతో మొదటి స్థానంలో ఉంది,0.0,కోట్గ వసూళ్తతో మొదటి స్థానంలో ఉంది,0.0,కోట్త వసూళ్ధతో మొదటి స్థానంలో ఉంది
నాకు చేతబడి చేశారు,0.0,నాకు చేతబడి చేశారు,0.0,నాకు చేతబడి చేశారు,0.0,నాకు చేతబడి చేశారు,0.0,నాకు చేతబడి చేశారు
ఓటు బ్యాంక్ కోసమే కాంగ్రెస్ కుయుక్తులుమోదీ,0.0,ఓటు బ్యాంక్ కోసమే కాంగ్రెస్ కుయుక్లులుమోదీ,0.0,ఓటు బ్యాంక్ కోసమే కాంగ్రెస్ కుయుక్లులుమోదీ,0.0,ఓటు బ్యాంక్ కోసమే కాంగ్రెస్ కుయుక్లులుమోదీ,0.0,ఓటు బ్యాంక్ కోసమే కాంగ్రెస్ కుయుక్లులుమోదీ
తమ పార్టీ ఎమ్మెల్యేలపై పూర్తి విశ్వాసం ఉన్నట్లు తెలిపారు,0.0,తమ పార్టీ ఎమ్శెల్యేలపై పూర్లి విశ్సాసం ఉన్వట్తు తెలిపారు,0.0,తమ పార్టీ ఎమ్శెల్యేలపై పూర్లి విశ్సాసం ఉన్పట్ధు తెలిపారు,0.0,తమ పార్టీ ఎమ్శెల్యేలపై పూర్లి విశ్పాసం ఉన్వట్తు తెలిపారు,0.0,తమ పార్టీ ఎమ్శెల్యేలపై పూర్లి విశ్యాసం ఉన్పట్గు తెలిపారు
ఈ ఘటనలో దోషులను కఠినంగా శిక్షిస్తామని పేర్కొన్నారు,0.0,ఈ ఘటనలో దోషులను కఠినంగా శిక్షిస్లామని పేర్కొన్వారు,0.0,ఈ ఘటనలో దోషులను కఠినంగా శిక్షిస్లామని పేర్కొన్వారు,0.0,ఈ ఘటనలో దోషులను కఠినంగా శిక్షిస్లామని పేర్కొన్వారు,0.0,ఈ ఘటనలో దోషులను కఠినంగా శిక్షిస్లామని పేర్కొన్పారు
అయితే భారత రైల్వే ఆ విధంగా పని చేయదు,0.0,అయితే భారత రైల్సే ఆ విధంగా పని చేయదు,0.0,అయితే భారత రైల్సే ఆ విధంగా పని చేయదు,0.0,అయితే భారత రైల్యే ఆ విధంగా పని చేయదు,0.0,అయితే భారత రైల్చే ఆ విధంగా పని చేయదు
ఇందుకు వీలుగా పేద కుటుంబాలకు ఏడాదికి రూ,0.0,ఇందుకు వీలుగా పేద కుటుంబాలకు ఏడాదికి రూ,0.0,ఇందుకు వీలుగా పేద కుటుంబాలకు ఏడాదికి రూ,0.0,ఇందుకు వీలుగా పేద కుటుంబాలకు ఏడాదికి రూ,0.0,ఇందుకు వీలుగా పేద కుటుంబాలకు ఏడాదికి రూ
మీడియం ఆకుకూరల కొమ్మలు చిన్న ముక్కలుగా కత్తిరించి ఉంటాయి,0.0,మీడియం ఆకుకూరల కొమ్శలు చిన్వ ముక్కలుగా కత్లిరించి ఉంటాయి,0.0,మీడియం ఆకుకూరల కొమ్శలు చిన్వ ముక్కలుగా కత్లిరించి ఉంటాయి,0.0,మీడియం ఆకుకూరల కొమ్శలు చిన్ప ముక్కలుగా కత్లిరించి ఉంటాయి,0.0,మీడియం ఆకుకూరల కొమ్శలు చిన్ప ముక్కలుగా కత్లిరించి ఉంటాయి
ఇలాంటి సందర్భంలో హోలీ పండుగ వచ్చింది,0.0,ఇలాంటి సందర్భంలో హోలీ పండుగ వచ్వింది,0.0,ఇలాంటి సందర్భంలో హోలీ పండుగ వచ్వింది,0.0,ఇలాంటి సందర్భంలో హోలీ పండుగ వచ్వింది,0.0,ఇలాంటి సందర్భంలో హోలీ పండుగ వచ్వింది
భారత్లో ఆకలి కేకలు,0.0,భారత్తో ఆకలి కేకలు,0.0,భారత్గో ఆకలి కేకలు,0.0,భారత్గో ఆకలి కేకలు,0.0,భారత్గో ఆకలి కేకలు
పిల్లలకు అక్కర్లేదా,0.0,పిల్ధలకు అక్కర్ధేదా,0.0,పిల్ధలకు అక్కర్గేదా,0.0,పిల్ధలకు అక్కర్ధేదా,0.0,పిల్తలకు అక్కర్తేదా
ఫాన్సీ లేదా కంట్రైవ్డ్ ఏమీ లేదు,0.0,ఫాన్నీ లేదా కంట్రైవ్ద్ ఏమీ లేదు,0.0,ఫాన్వీ లేదా కంట్రైవ్ద్ ఏమీ లేదు,0.0,ఫాన్చీ లేదా కంట్రైవ్ద్ ఏమీ లేదు,0.0,ఫాన్నీ లేదా కంట్రైవ్ద్ ఏమీ లేదు
అధికారపత్రములు మరియు సంబందిత మీటలు,0.0,అధికారపత్రములు మరియు సంబందిత మీటలు,0.0,అధికారపత్రములు మరియు సంబందిత మీటలు,0.0,అధికారపత్రములు మరియు సంబందిత మీటలు,0.0,అధికారపత్రములు మరియు సంబందిత మీటలు
బాహుబలితో ప్రభాస్కి జాతీయ స్థాయి గుర్తింపు వచ్చి వుండొచ్చు గాక,0.0,బాహుబలితో ప్రభాస్కి జాతీయ స్థాయి గుర్లింపు వచ్వి వుండొచ్వు గాక,0.0,బాహుబలితో ప్రభాస్కి జాతీయ స్థాయి గుర్లింపు వచ్సి వుండొచ్సు గాక,0.0,బాహుబలితో ప్రభాస్కి జాతీయ స్థాయి గుర్లింపు వచ్వి వుండొచ్సు గాక,0.0,బాహుబలితో ప్రభాస్కి జాతీయ స్థాయి గుర్లింపు వచ్వి వుండొచ్సు గాక
లక్షలు ఉంటుందని తెలిపారు,0.0,లక్షలు ఉంటుందని తెలిపారు,0.0,లక్షలు ఉంటుందని తెలిపారు,0.0,లక్షలు ఉంటుందని తెలిపారు,0.0,లక్షలు ఉంటుందని తెలిపారు
అతని పై అంత్రిక్స్ దెవాస్ ఒప్పందం చేసాడని ఆరోపించబడుతున్న సమయంలో స్వచ్ఛందంగా దిగిపోయారు,0.0,అతని పై అంత్రిక్న్ దెవాస్ ఒప్నందం చేసాడని ఆరోపించబడుతున్ప సమయంలో స్చచ్ఛందంగా దిగిపోయారు,0.0,అతని పై అంత్రిక్వ్ దెవాస్ ఒప్నందం చేసాడని ఆరోపించబడుతున్వ సమయంలో స్పచ్ఛందంగా దిగిపోయారు,0.0,అతని పై అంత్రిక్చ్ దెవాస్ ఒప్సందం చేసాడని ఆరోపించబడుతున్వ సమయంలో స్సచ్ఛందంగా దిగిపోయారు,0.0,అతని పై అంత్రిక్ప్ దెవాస్ ఒప్యందం చేసాడని ఆరోపించబడుతున్ప సమయంలో స్పచ్ఛందంగా దిగిపోయారు
కానీ ప్రభుత్వమే రెచ్చగొట్టే విధంగా ప్రవర్తిస్తోందన్నారు,0.0,కానీ ప్రభుత్యమే రెచ్వగొట్టే విధంగా ప్రవర్లిస్లోందన్వారు,0.0,కానీ ప్రభుత్యమే రెచ్సగొట్టే విధంగా ప్రవర్లిస్లోందన్పారు,0.0,కానీ ప్రభుత్యమే రెచ్వగొట్టే విధంగా ప్రవర్లిస్లోందన్వారు,0.0,కానీ ప్రభుత్పమే రెచ్సగొట్టే విధంగా ప్రవర్లిస్లోందన్పారు
కేబినెట్ పదవికి నవజ్యోత్ సింగ్ సిద్ధు రాజీనామా,0.0,కేబినెట్ పదవికి నవజ్యోత్ సింగ్ సిద్డు రాజీనామా,0.0,కేబినెట్ పదవికి నవజ్యోత్ సింగ్ సిద్గు రాజీనామా,0.0,కేబినెట్ పదవికి నవజ్యోత్ సింగ్ సిద్లు రాజీనామా,0.0,కేబినెట్ పదవికి నవజ్యోత్ సింగ్ సిద్లు రాజీనామా
పిడికిలి తెరచి వేళ్ళను సాగతీయండి,0.0,పిడికిలి తెరచి వేళ్ళను సాగతీయండి,0.0,పిడికిలి తెరచి వేళ్ళను సాగతీయండి,0.0,పిడికిలి తెరచి వేళ్ళను సాగతీయండి,0.0,పిడికిలి తెరచి వేళ్ళను సాగతీయండి
అదే సమయంలో పర్షియా మధ్య ఆసియా నుండి పెద్ద సంఖ్యలో సున్నీ సూఫీ మిషనరీలు సింధులోకి ప్రవేశించారు,0.0,అదే సమయంలో పర్షియా మధ్య ఆసియా నుండి పెద్డ సంఖ్యలో సున్వీ సూఫీ మిషనరీలు సింధులోకి ప్రవేశించారు,0.0,అదే సమయంలో పర్షియా మధ్య ఆసియా నుండి పెద్  సంఖ్యలో సున్వీ సూఫీ మిషనరీలు సింధులోకి ప్రవేశించారు,0.0,అదే సమయంలో పర్షియా మధ్య ఆసియా నుండి పెద్ధ సంఖ్యలో సున్వీ సూఫీ మిషనరీలు సింధులోకి ప్రవేశించారు,0.0,అదే సమయంలో పర్షియా మధ్య ఆసియా నుండి పెద్ధ సంఖ్యలో సున్పీ సూఫీ మిషనరీలు సింధులోకి ప్రవేశించారు
ానీ చాలా సంతోషంగా ఉంది అంటూ పొంగిపోతాడు,0.0,ానీ చాలా సంతోషంగా ఉంది అంటూ పొంగిపోతాడు,0.0,ానీ చాలా సంతోషంగా ఉంది అంటూ పొంగిపోతాడు,0.0,ానీ చాలా సంతోషంగా ఉంది అంటూ పొంగిపోతాడు,0.0,ానీ చాలా సంతోషంగా ఉంది అంటూ పొంగిపోతాడు
ఎంపిక ప్రవేశ పరీక్ష ఆధారంగా జరుగుతుంది,0.0,ఎంపిక ప్రవేశ పరీక్ష ఆధారంగా జరుగుతుంది,0.0,ఎంపిక ప్రవేశ పరీక్ష ఆధారంగా జరుగుతుంది,0.0,ఎంపిక ప్రవేశ పరీక్ష ఆధారంగా జరుగుతుంది,0.0,ఎంపిక ప్రవేశ పరీక్ష ఆధారంగా జరుగుతుంది
అదే కారణమా మరింకేదైనా జరిగిందా,0.0,అదే కారణమా మరింకేదైనా జరిగిందా,0.0,అదే కారణమా మరింకేదైనా జరిగిందా,0.0,అదే కారణమా మరింకేదైనా జరిగిందా,0.0,అదే కారణమా మరింకేదైనా జరిగిందా
ప్రతీ వ్యక్తికి పేరు కలిగివుండే హక్కు ఉంది,0.0,ప్రతీ వ్యక్లికి పేరు కలిగివుండే హక్కు ఉంది,0.0,ప్రతీ వ్యక్లికి పేరు కలిగివుండే హక్కు ఉంది,0.0,ప్రతీ వ్యక్లికి పేరు కలిగివుండే హక్కు ఉంది,0.0,ప్రతీ వ్యక్లికి పేరు కలిగివుండే హక్కు ఉంది
అగర్వాల్,0.0,అగర్పాల్,0.0,అగర్సాల్,0.0,అగర్యాల్,0.0,అగర్యాల్
చాలా కంపెనీలు ఉన్నాయి,0.0,చాలా కంపెనీలు ఉన్పాయి,0.0,చాలా కంపెనీలు ఉన్వాయి,0.0,చాలా కంపెనీలు ఉన్వాయి,0.0,చాలా కంపెనీలు ఉన్వాయి
చాలాసార్లు యూరప్ మధ్య ఆసియా దేశాల్లో పర్యటించాడు,0.0,చాలాసార్గు యూరప్ మధ్య ఆసియా దేశాల్తో పర్యటించాడు,0.0,చాలాసార్ధు యూరప్ మధ్య ఆసియా దేశాల్తో పర్యటించాడు,0.0,చాలాసార్గు యూరప్ మధ్య ఆసియా దేశాల్గో పర్యటించాడు,0.0,చాలాసార్గు యూరప్ మధ్య ఆసియా దేశాల్తో పర్యటించాడు
యేసు ఏ సంఘానికి పునాదిగా ఉన్నాడు,0.0,యేసు ఏ సంఘానికి పునాదిగా ఉన్పాడు,0.0,యేసు ఏ సంఘానికి పునాదిగా ఉన్పాడు,0.0,యేసు ఏ సంఘానికి పునాదిగా ఉన్వాడు,0.0,యేసు ఏ సంఘానికి పునాదిగా ఉన్వాడు
బంతుల్లో పరుగులు మాత్రమే చేశాడు,0.0,బంతుల్తో పరుగులు మాత్రమే చేశాడు,0.0,బంతుల్ధో పరుగులు మాత్రమే చేశాడు,0.0,బంతుల్తో పరుగులు మాత్రమే చేశాడు,0.0,బంతుల్తో పరుగులు మాత్రమే చేశాడు
తాజాగా ఈ నెలాఖరులోపు రూ,0.0,తాజాగా ఈ నెలాఖరులోపు రూ,0.0,తాజాగా ఈ నెలాఖరులోపు రూ,0.0,తాజాగా ఈ నెలాఖరులోపు రూ,0.0,తాజాగా ఈ నెలాఖరులోపు రూ
ఇదే సినిమాతో ఇషాన్ ఖత్తర్ హీరోగా పరిచయం అవుతున్నాడు,0.0,ఇదే సినిమాతో ఇషాన్ ఖత్లర్ హీరోగా పరిచయం అవుతున్వాడు,0.0,ఇదే సినిమాతో ఇషాన్ ఖత్లర్ హీరోగా పరిచయం అవుతున్పాడు,0.0,ఇదే సినిమాతో ఇషాన్ ఖత్లర్ హీరోగా పరిచయం అవుతున్పాడు,0.0,ఇదే సినిమాతో ఇషాన్ ఖత్లర్ హీరోగా పరిచయం అవుతున్పాడు
నేను అబద్ధాలకోరునా,0.0,నేను అబద్గాలకోరునా,0.0,నేను అబద్డాలకోరునా,0.0,నేను అబద్డాలకోరునా,0.0,నేను అబద్దాలకోరునా
వారు తమపై దాడికి దిగినందునే ఆత్మరక్షణార్థం పోలీసులు కాల్పులు జరిపారని ఆయన అన్నారు,0.0,వారు తమపై దాడికి దిగినందునే ఆత్శరక్షణార్థం పోలీసులు కాల్వులు జరిపారని ఆయన అన్పారు,0.0,వారు తమపై దాడికి దిగినందునే ఆత్శరక్షణార్థం పోలీసులు కాల్వులు జరిపారని ఆయన అన్పారు,0.0,వారు తమపై దాడికి దిగినందునే ఆత్శరక్షణార్థం పోలీసులు కాల్యులు జరిపారని ఆయన అన్పారు,0.0,వారు తమపై దాడికి దిగినందునే ఆత్శరక్షణార్థం పోలీసులు కాల్వులు జరిపారని ఆయన అన్వారు
ఈ సినిమా సూపర్బ్ ఓపెనింగ్స్ రాబట్టుకుంది మరియు సినిమా కూడా మంచి టాక్ తెచ్చుకుంది,0.0,ఈ సినిమా సూపర్బ్ ఓపెనింగ్న్ రాబట్టుకుంది మరియు సినిమా కూడా మంచి టాక్ తెచ్సుకుంది,0.0,ఈ సినిమా సూపర్బ్ ఓపెనింగ్ప్ రాబట్టుకుంది మరియు సినిమా కూడా మంచి టాక్ తెచ్వుకుంది,0.0,ఈ సినిమా సూపర్బ్ ఓపెనింగ్చ్ రాబట్టుకుంది మరియు సినిమా కూడా మంచి టాక్ తెచ్వుకుంది,0.0,ఈ సినిమా సూపర్బ్ ఓపెనింగ్న్ రాబట్టుకుంది మరియు సినిమా కూడా మంచి టాక్ తెచ్సుకుంది
కోర్సు యొక్క ఇది అన్ని నగరాల్లో సమస్యలు ఉన్నాయి,0.0,కోర్చు యొక్క ఇది అన్వి నగరాల్ధో సమస్యలు ఉన్పాయి,0.0,కోర్పు యొక్క ఇది అన్పి నగరాల్ధో సమస్యలు ఉన్పాయి,0.0,కోర్చు యొక్క ఇది అన్వి నగరాల్తో సమస్యలు ఉన్పాయి,0.0,కోర్వు యొక్క ఇది అన్పి నగరాల్ధో సమస్యలు ఉన్వాయి
అనంతరం శివసేన ఎన్సీపీ కాంగ్రెస్ పార్టీలు మహా వికాస్ అఘాడీ కూటమిగా ఏర్పడి ప్రభుత్వాన్ని ఏర్పాటు చేశాయి,0.0,అనంతరం శివసేన ఎన్పీపీ కాంగ్రెస్ పార్టీలు మహా వికాస్ అఘాడీ కూటమిగా ఏర్నడి ప్రభుత్నాన్వి ఏర్యాటు చేశాయి,0.0,అనంతరం శివసేన ఎన్వీపీ కాంగ్రెస్ పార్టీలు మహా వికాస్ అఘాడీ కూటమిగా ఏర్నడి ప్రభుత్సాన్వి ఏర్సాటు చేశాయి,0.0,అనంతరం శివసేన ఎన్నీపీ కాంగ్రెస్ పార్టీలు మహా వికాస్ అఘాడీ కూటమిగా ఏర్వడి ప్రభుత్పాన్పి ఏర్సాటు చేశాయి,0.0,అనంతరం శివసేన ఎన్నీపీ కాంగ్రెస్ పార్టీలు మహా వికాస్ అఘాడీ కూటమిగా ఏర్నడి ప్రభుత్నాన్పి ఏర్సాటు చేశాయి
కేంద్ర దర్యాప్తు సంస్థ లేదా సెంట్రల్ బ్యూరో ఆఫ్ ఇన్వెస్టిగేషన్ అనేది భారతదేశంలో ఒక అగ్రగామి పోలీస్ విచారణ సంస్థ,0.0,కేంద్ర దర్యాప్లు సంస్థ లేదా సెంట్రల్ బ్యూరో ఆఫ్ ఇన్సెస్టిగేషన్ అనేది భారతదేశంలో ఒక అగ్రగామి పోలీస్ విచారణ సంస్థ,0.0,కేంద్ర దర్యాప్లు సంస్థ లేదా సెంట్రల్ బ్యూరో ఆఫ్ ఇన్నెస్టిగేషన్ అనేది భారతదేశంలో ఒక అగ్రగామి పోలీస్ విచారణ సంస్థ,0.0,కేంద్ర దర్యాప్లు సంస్థ లేదా సెంట్రల్ బ్యూరో ఆఫ్ ఇన్యెస్టిగేషన్ అనేది భారతదేశంలో ఒక అగ్రగామి పోలీస్ విచారణ సంస్థ,0.0,కేంద్ర దర్యాప్లు సంస్థ లేదా సెంట్రల్ బ్యూరో ఆఫ్ ఇన్సెస్టిగేషన్ అనేది భారతదేశంలో ఒక అగ్రగామి పోలీస్ విచారణ సంస్థ
అది రాజ్యాంగ వ్యతిరేకం,0.0,అది రాజ్యాంగ వ్యతిరేకం,0.0,అది రాజ్యాంగ వ్యతిరేకం,0.0,అది రాజ్యాంగ వ్యతిరేకం,0.0,అది రాజ్యాంగ వ్యతిరేకం
మృతులంతా ఒకే కుటుంబానికి చెందినట్లుగా ఆయన తెలిపారు,0.0,మృతులంతా ఒకే కుటుంబానికి చెందినట్గుగా ఆయన తెలిపారు,0.0,మృతులంతా ఒకే కుటుంబానికి చెందినట్గుగా ఆయన తెలిపారు,0.0,మృతులంతా ఒకే కుటుంబానికి చెందినట్గుగా ఆయన తెలిపారు,0.0,మృతులంతా ఒకే కుటుంబానికి చెందినట్తుగా ఆయన తెలిపారు
చివరకు శవయాత్ర కూడా అలాగే సాగింది,0.0,చివరకు శవయాత్ర కూడా అలాగే సాగింది,0.0,చివరకు శవయాత్ర కూడా అలాగే సాగింది,0.0,చివరకు శవయాత్ర కూడా అలాగే సాగింది,0.0,చివరకు శవయాత్ర కూడా అలాగే సాగింది
కొత్తగా అదనపు ఆదాయాన్ని పొందుతున్నారు,0.0,కొత్లగా అదనపు ఆదాయాన్వి పొందుతున్వారు,0.0,కొత్లగా అదనపు ఆదాయాన్పి పొందుతున్వారు,0.0,కొత్లగా అదనపు ఆదాయాన్వి పొందుతున్వారు,0.0,కొత్లగా అదనపు ఆదాయాన్పి పొందుతున్వారు
అందుకు రాష్ట్ర ప్రభుత్వం అధిక ప్రాధాన్యతనిస్తుందని చెప్పారు,0.0,అందుకు రాష్ట్ర ప్రభుత్యం అధిక ప్రాధాన్యతనిస్లుందని చెప్నారు,0.0,అందుకు రాష్ట్ర ప్రభుత్చం అధిక ప్రాధాన్యతనిస్లుందని చెప్వారు,0.0,అందుకు రాష్ట్ర ప్రభుత్పం అధిక ప్రాధాన్యతనిస్లుందని చెప్నారు,0.0,అందుకు రాష్ట్ర ప్రభుత్యం అధిక ప్రాధాన్యతనిస్లుందని చెప్సారు
ఏ స్థానంలో ఆడతాననే విషయంపై అభద్రతాభావం లేదు అని కోహ్లీ చెప్పుకొచ్చాడు,0.0,ఏ స్థానంలో ఆడతాననే విషయంపై అభద్రతాభావం లేదు అని కోహ్గీ చెప్సుకొచ్సాడు,0.0,ఏ స్థానంలో ఆడతాననే విషయంపై అభద్రతాభావం లేదు అని కోహ్ధీ చెప్వుకొచ్సాడు,0.0,ఏ స్థానంలో ఆడతాననే విషయంపై అభద్రతాభావం లేదు అని కోహ్తీ చెప్యుకొచ్సాడు,0.0,ఏ స్థానంలో ఆడతాననే విషయంపై అభద్రతాభావం లేదు అని కోహ్తీ చెప్సుకొచ్సాడు
ప్రవేశపరీక్ష ద్వారా ప్రవేశాలు కల్పించనున్నారు,0.0,ప్రవేశపరీక్ష ద్సారా ప్రవేశాలు కల్నించనున్పారు,0.0,ప్రవేశపరీక్ష ద్నారా ప్రవేశాలు కల్నించనున్పారు,0.0,ప్రవేశపరీక్ష ద్పారా ప్రవేశాలు కల్వించనున్పారు,0.0,ప్రవేశపరీక్ష ద్సారా ప్రవేశాలు కల్నించనున్పారు
బాధిత బాలికల తల్లిదండ్రుల ఫిర్యాదు మేరకు పోలీసులు కేసు నమోదు చేసి దర్యాప్తు చేస్తున్నారు,0.0,బాధిత బాలికల తల్గిదండ్రుల ఫిర్యాదు మేరకు పోలీసులు కేసు నమోదు చేసి దర్యాప్లు చేస్లున్వారు,0.0,బాధిత బాలికల తల్తిదండ్రుల ఫిర్యాదు మేరకు పోలీసులు కేసు నమోదు చేసి దర్యాప్లు చేస్లున్పారు,0.0,బాధిత బాలికల తల్తిదండ్రుల ఫిర్యాదు మేరకు పోలీసులు కేసు నమోదు చేసి దర్యాప్లు చేస్లున్వారు,0.0,బాధిత బాలికల తల్ధిదండ్రుల ఫిర్యాదు మేరకు పోలీసులు కేసు నమోదు చేసి దర్యాప్లు చేస్లున్వారు
భారత్ పై ద్వేషాన్ని మరింతగా పెంచుకుంది,0.0,భారత్ పై ద్యేషాన్వి మరింతగా పెంచుకుంది,0.0,భారత్ పై ద్చేషాన్పి మరింతగా పెంచుకుంది,0.0,భారత్ పై ద్పేషాన్వి మరింతగా పెంచుకుంది,0.0,భారత్ పై ద్సేషాన్పి మరింతగా పెంచుకుంది
ఈ ఫీచర్ ఎప్పటి నుంచి అమలులోకి రాబోతుందనే దానిపై మాత్రం కంపెనీ నుంచి స్పష్టమైన సమాచారం లేదు,0.0,ఈ ఫీచర్ ఎప్సటి నుంచి అమలులోకి రాబోతుందనే దానిపై మాత్రం కంపెనీ నుంచి స్సష్టమైన సమాచారం లేదు,0.0,ఈ ఫీచర్ ఎప్యటి నుంచి అమలులోకి రాబోతుందనే దానిపై మాత్రం కంపెనీ నుంచి స్నష్టమైన సమాచారం లేదు,0.0,ఈ ఫీచర్ ఎప్యటి నుంచి అమలులోకి రాబోతుందనే దానిపై మాత్రం కంపెనీ నుంచి స్సష్టమైన సమాచారం లేదు,0.0,ఈ ఫీచర్ ఎప్నటి నుంచి అమలులోకి రాబోతుందనే దానిపై మాత్రం కంపెనీ నుంచి స్నష్టమైన సమాచారం లేదు
ఈ ప్రమాదంలో డ్రైవర్ చనిపోయాడని అధికారులు తెలిపారు,0.0,ఈ ప్రమాదంలో డ్రైవర్ చనిపోయాడని అధికారులు తెలిపారు,0.0,ఈ ప్రమాదంలో డ్రైవర్ చనిపోయాడని అధికారులు తెలిపారు,0.0,ఈ ప్రమాదంలో డ్రైవర్ చనిపోయాడని అధికారులు తెలిపారు,0.0,ఈ ప్రమాదంలో డ్రైవర్ చనిపోయాడని అధికారులు తెలిపారు
ఎన్టీఆర్ రకుల్ ప్రీత్ సింగ్ జంటగా సుకుమార్ దర్శకత్వంలో రూపొందిన చిత్రం నాన్నకు ప్రేమతో,0.0,ఎన్టీఆర్ రకుల్ ప్రీత్ సింగ్ జంటగా సుకుమార్ దర్మకత్నంలో రూపొందిన చిత్రం నాన్వకు ప్రేమతో,0.0,ఎన్టీఆర్ రకుల్ ప్రీత్ సింగ్ జంటగా సుకుమార్ దర్మకత్నంలో రూపొందిన చిత్రం నాన్పకు ప్రేమతో,0.0,ఎన్టీఆర్ రకుల్ ప్రీత్ సింగ్ జంటగా సుకుమార్ దర్మకత్సంలో రూపొందిన చిత్రం నాన్పకు ప్రేమతో,0.0,ఎన్టీఆర్ రకుల్ ప్రీత్ సింగ్ జంటగా సుకుమార్ దర్మకత్నంలో రూపొందిన చిత్రం నాన్పకు ప్రేమతో
మరోసారి ఆల్టైమ్ గరిష్టానికి బంగారం ధరలు చేరుకున్నాయి,0.0,మరోసారి ఆల్టైమ్ గరిష్టానికి బంగారం ధరలు చేరుకున్వాయి,0.0,మరోసారి ఆల్టైమ్ గరిష్టానికి బంగారం ధరలు చేరుకున్పాయి,0.0,మరోసారి ఆల్టైమ్ గరిష్టానికి బంగారం ధరలు చేరుకున్పాయి,0.0,మరోసారి ఆల్టైమ్ గరిష్టానికి బంగారం ధరలు చేరుకున్పాయి
షూటింగ్ ఆలస్యమైనా ఈ సినిమాకి ఇంకా మ్యూజిక్ దర్శకుడిని ఫైనల్ చేయలేదు,0.0,షూటింగ్ ఆలస్యమైనా ఈ సినిమాకి ఇంకా మ్యూజిక్ దర్మకుడిని ఫైనల్ చేయలేదు,0.0,షూటింగ్ ఆలస్యమైనా ఈ సినిమాకి ఇంకా మ్యూజిక్ దర్మకుడిని ఫైనల్ చేయలేదు,0.0,షూటింగ్ ఆలస్యమైనా ఈ సినిమాకి ఇంకా మ్యూజిక్ దర్మకుడిని ఫైనల్ చేయలేదు,0.0,షూటింగ్ ఆలస్యమైనా ఈ సినిమాకి ఇంకా మ్యూజిక్ దర్మకుడిని ఫైనల్ చేయలేదు
నలుపుతెలుపు లేదా బూడిదతెలుపు రంగు,0.0,నలుపుతెలుపు లేదా బూడిదతెలుపు రంగు,0.0,నలుపుతెలుపు లేదా బూడిదతెలుపు రంగు,0.0,నలుపుతెలుపు లేదా బూడిదతెలుపు రంగు,0.0,నలుపుతెలుపు లేదా బూడిదతెలుపు రంగు
ఇన్ డైరెక్టుగా పెళ్లి ఎప్పుడు,0.0,ఇన్ డైరెక్టుగా పెళ్గి ఎప్యుడు,0.0,ఇన్ డైరెక్టుగా పెళ్గి ఎప్యుడు,0.0,ఇన్ డైరెక్టుగా పెళ్ధి ఎప్యుడు,0.0,ఇన్ డైరెక్టుగా పెళ్ధి ఎప్సుడు
చరిత్రను చాలామంది పుస్తకాల్లోనే చదువుతారు,0.0,చరిత్రను చాలామంది పుస్లకాల్తోనే చదువుతారు,0.0,చరిత్రను చాలామంది పుస్లకాల్గోనే చదువుతారు,0.0,చరిత్రను చాలామంది పుస్లకాల్తోనే చదువుతారు,0.0,చరిత్రను చాలామంది పుస్లకాల్ధోనే చదువుతారు
ఎవరూ ప్రజాస్వామ్యం సంపూర్ణ లేదా అన్ని జ్ఞానం అని నటిస్తాడు,0.0,ఎవరూ ప్రజాస్నామ్యం సంపూర్ణ లేదా అన్వి జ్ఞానం అని నటిస్లాడు,0.0,ఎవరూ ప్రజాస్పామ్యం సంపూర్ణ లేదా అన్వి జ్ఞానం అని నటిస్లాడు,0.0,ఎవరూ ప్రజాస్సామ్యం సంపూర్ణ లేదా అన్పి జ్ఞానం అని నటిస్లాడు,0.0,ఎవరూ ప్రజాస్సామ్యం సంపూర్ణ లేదా అన్వి జ్ఞానం అని నటిస్లాడు
దర్యాప్తు జరుగుతుందిు అని ఆమె చెప్పారు,0.0,దర్యాప్లు జరుగుతుందిు అని ఆమె చెప్యారు,0.0,దర్యాప్లు జరుగుతుందిు అని ఆమె చెప్యారు,0.0,దర్యాప్లు జరుగుతుందిు అని ఆమె చెప్వారు,0.0,దర్యాప్లు జరుగుతుందిు అని ఆమె చెప్నారు
శారీరక శ్రమ లోపించడం వల్ల రోగనిరోధక శక్తి తగ్గుతుంది,0.0,శారీరక శ్రమ లోపించడం వల్త రోగనిరోధక శక్లి తగ్లుతుంది,0.0,శారీరక శ్రమ లోపించడం వల్త రోగనిరోధక శక్లి తగ్ధుతుంది,0.0,శారీరక శ్రమ లోపించడం వల్గ రోగనిరోధక శక్లి తగ్ఠుతుంది,0.0,శారీరక శ్రమ లోపించడం వల్ధ రోగనిరోధక శక్లి తగ్ధుతుంది
ఈ ప్రమాద దృశ్యాలు అక్కడున్న సీసీ కెమెరాలలో రికార్డు అయ్యాయి,0.0,ఈ ప్రమాద దృశ్యాలు అక్కడున్వ సీసీ కెమెరాలలో రికార్ధు అయ్యాయి,0.0,ఈ ప్రమాద దృశ్యాలు అక్కడున్ప సీసీ కెమెరాలలో రికార్దు అయ్యాయి,0.0,ఈ ప్రమాద దృశ్యాలు అక్కడున్ప సీసీ కెమెరాలలో రికార్ధు అయ్యాయి,0.0,ఈ ప్రమాద దృశ్యాలు అక్కడున్వ సీసీ కెమెరాలలో రికార్ధు అయ్యాయి
కవితలూ చదివారు,0.0,కవితలూ చదివారు,0.0,కవితలూ చదివారు,0.0,కవితలూ చదివారు,0.0,కవితలూ చదివారు
వీరిద్దరూ కలిసి నటించటం ఇదే తొలిసారి,0.0,వీరిద్ రూ కలిసి నటించటం ఇదే తొలిసారి,0.0,వీరిద్డరూ కలిసి నటించటం ఇదే తొలిసారి,0.0,వీరిద్ రూ కలిసి నటించటం ఇదే తొలిసారి,0.0,వీరిద్ రూ కలిసి నటించటం ఇదే తొలిసారి
ఈ ఫోన్ కేవలం ఒక్క వేరియంట్ లో మాత్రమే అందుబాటులో ఉంది,0.0,ఈ ఫోన్ కేవలం ఒక్క వేరియంట్ లో మాత్రమే అందుబాటులో ఉంది,0.0,ఈ ఫోన్ కేవలం ఒక్క వేరియంట్ లో మాత్రమే అందుబాటులో ఉంది,0.0,ఈ ఫోన్ కేవలం ఒక్క వేరియంట్ లో మాత్రమే అందుబాటులో ఉంది,0.0,ఈ ఫోన్ కేవలం ఒక్క వేరియంట్ లో మాత్రమే అందుబాటులో ఉంది
ఊళ్ళు లేవు,0.0,ఊళ్ళు లేవు,0.0,ఊళ్ళు లేవు,0.0,ఊళ్ళు లేవు,0.0,ఊళ్ళు లేవు
అదేవిధంగా డీజిల్ కూడా రూ,0.0,అదేవిధంగా డీజిల్ కూడా రూ,0.0,అదేవిధంగా డీజిల్ కూడా రూ,0.0,అదేవిధంగా డీజిల్ కూడా రూ,0.0,అదేవిధంగా డీజిల్ కూడా రూ
ఈ ఘటన రంగారెడ్డి జిల్లా పూడూరు మండలంలో జరిగింది,0.0,ఈ ఘటన రంగారెడ్ది జిల్ధా పూడూరు మండలంలో జరిగింది,0.0,ఈ ఘటన రంగారెడ్ది జిల్గా పూడూరు మండలంలో జరిగింది,0.0,ఈ ఘటన రంగారెడ్ది జిల్ధా పూడూరు మండలంలో జరిగింది,0.0,ఈ ఘటన రంగారెడ్ది జిల్ధా పూడూరు మండలంలో జరిగింది
సందేశం స్పష్టంగా ఉంది,0.0,సందేశం స్వష్టంగా ఉంది,0.0,సందేశం స్యష్టంగా ఉంది,0.0,సందేశం స్నష్టంగా ఉంది,0.0,సందేశం స్వష్టంగా ఉంది
కాగా పాండ్య రాహుల్ వ్యాఖ్యలు ఎంతమాత్రం సమర్థనీయం కావని వీటిని టీమిండియా ఎంతమాత్రం సహించబోదని కెప్టెన్ విరాట్ కోహ్లీ పేర్కొన్నాడు,0.0,కాగా పాండ్య రాహుల్ వ్యాఖ్యలు ఎంతమాత్రం సమర్థనీయం కావని వీటిని టీమిండియా ఎంతమాత్రం సహించబోదని కెప్టెన్ విరాట్ కోహ్తీ పేర్కొన్పాడు,0.0,కాగా పాండ్య రాహుల్ వ్యాఖ్యలు ఎంతమాత్రం సమర్థనీయం కావని వీటిని టీమిండియా ఎంతమాత్రం సహించబోదని కెప్టెన్ విరాట్ కోహ్గీ పేర్కొన్పాడు,0.0,కాగా పాండ్య రాహుల్ వ్యాఖ్యలు ఎంతమాత్రం సమర్థనీయం కావని వీటిని టీమిండియా ఎంతమాత్రం సహించబోదని కెప్టెన్ విరాట్ కోహ్తీ పేర్కొన్పాడు,0.0,కాగా పాండ్య రాహుల్ వ్యాఖ్యలు ఎంతమాత్రం సమర్థనీయం కావని వీటిని టీమిండియా ఎంతమాత్రం సహించబోదని కెప్టెన్ విరాట్ కోహ్గీ పేర్కొన్వాడు
ఆమె మనసు అర్దమైంది,0.0,ఆమె మనసు అర్డమైంది,0.0,ఆమె మనసు అర్ధమైంది,0.0,ఆమె మనసు అర్ మైంది,0.0,ఆమె మనసు అర్ధమైంది
వాతావరణమంతా బాగా చల్లబడిపోతోంది,0.0,వాతావరణమంతా బాగా చల్గబడిపోతోంది,0.0,వాతావరణమంతా బాగా చల్ధబడిపోతోంది,0.0,వాతావరణమంతా బాగా చల్గబడిపోతోంది,0.0,వాతావరణమంతా బాగా చల్ధబడిపోతోంది
పఠాన్ పాల్హాలాన్ సింగ్పోరా బారాముల్లా సోపోర్లలో ఆంక్షలను సడలించలేదు,0.0,పఠాన్ పాల్హాలాన్ సింగ్నోరా బారాముల్గా సోపోర్ధలో ఆంక్షలను సడలించలేదు,0.0,పఠాన్ పాల్హాలాన్ సింగ్నోరా బారాముల్గా సోపోర్ధలో ఆంక్షలను సడలించలేదు,0.0,పఠాన్ పాల్హాలాన్ సింగ్సోరా బారాముల్ధా సోపోర్ధలో ఆంక్షలను సడలించలేదు,0.0,పఠాన్ పాల్హాలాన్ సింగ్వోరా బారాముల్తా సోపోర్గలో ఆంక్షలను సడలించలేదు
నటుడు దర్శకుడు రచయిత కూడా అయిన తనికెళ్ళ భరణి శివభక్తుడు,0.0,నటుడు దర్మకుడు రచయిత కూడా అయిన తనికెళ్ళ భరణి శివభక్లుడు,0.0,నటుడు దర్మకుడు రచయిత కూడా అయిన తనికెళ్ళ భరణి శివభక్లుడు,0.0,నటుడు దర్మకుడు రచయిత కూడా అయిన తనికెళ్ళ భరణి శివభక్లుడు,0.0,నటుడు దర్మకుడు రచయిత కూడా అయిన తనికెళ్ళ భరణి శివభక్లుడు
వేసవేమో రోడ్డుమీద జనం తక్కువగానే వున్నారు,0.0,వేసవేమో రోడ్దుమీద జనం తక్కువగానే వున్పారు,0.0,వేసవేమో రోడ్దుమీద జనం తక్కువగానే వున్పారు,0.0,వేసవేమో రోడ్ధుమీద జనం తక్కువగానే వున్వారు,0.0,వేసవేమో రోడ్ధుమీద జనం తక్కువగానే వున్వారు
ఉప్పు మరియు మిరియాలు మరియు బే ఆకు జోడించండి,0.0,ఉప్యు మరియు మిరియాలు మరియు బే ఆకు జోడించండి,0.0,ఉప్యు మరియు మిరియాలు మరియు బే ఆకు జోడించండి,0.0,ఉప్వు మరియు మిరియాలు మరియు బే ఆకు జోడించండి,0.0,ఉప్ను మరియు మిరియాలు మరియు బే ఆకు జోడించండి
కురు రాజు ధృతరాష్ట్రుడు కురుక్షేత్ర యుద్ధం ముగిసిన తరువాత పాండవ రాజు యుధిష్ఠిరుడు కురురాజధాని హస్థినాపుర సింహాసనం అధిష్టించాడు,0.0,కురు రాజు ధృతరాష్ట్రుడు కురుక్షేత్ర యుద్గం ముగిసిన తరువాత పాండవ రాజు యుధిష్లిరుడు కురురాజధాని హస్థినాపుర సింహాసనం అధిష్టించాడు,0.0,కురు రాజు ధృతరాష్ట్రుడు కురుక్షేత్ర యుద్దం ముగిసిన తరువాత పాండవ రాజు యుధిష్గిరుడు కురురాజధాని హస్థినాపుర సింహాసనం అధిష్టించాడు,0.0,కురు రాజు ధృతరాష్ట్రుడు కురుక్షేత్ర యుద్డం ముగిసిన తరువాత పాండవ రాజు యుధిష్గిరుడు కురురాజధాని హస్థినాపుర సింహాసనం అధిష్టించాడు,0.0,కురు రాజు ధృతరాష్ట్రుడు కురుక్షేత్ర యుద్దం ముగిసిన తరువాత పాండవ రాజు యుధిష్గిరుడు కురురాజధాని హస్థినాపుర సింహాసనం అధిష్టించాడు
అనంతరం వారికి ఉచితంగా మందులు పంపిణీ చేశారు,0.0,అనంతరం వారికి ఉచితంగా మందులు పంపిణీ చేశారు,0.0,అనంతరం వారికి ఉచితంగా మందులు పంపిణీ చేశారు,0.0,అనంతరం వారికి ఉచితంగా మందులు పంపిణీ చేశారు,0.0,అనంతరం వారికి ఉచితంగా మందులు పంపిణీ చేశారు
ఇది సజావుగా మరియు అకారణంగా పనిచేస్తుంది,0.0,ఇది సజావుగా మరియు అకారణంగా పనిచేస్లుంది,0.0,ఇది సజావుగా మరియు అకారణంగా పనిచేస్లుంది,0.0,ఇది సజావుగా మరియు అకారణంగా పనిచేస్లుంది,0.0,ఇది సజావుగా మరియు అకారణంగా పనిచేస్లుంది
కోట్లు ఏపీ రహదారుల శాఖకు రూ,0.0,కోట్తు ఏపీ రహదారుల శాఖకు రూ,0.0,కోట్గు ఏపీ రహదారుల శాఖకు రూ,0.0,కోట్తు ఏపీ రహదారుల శాఖకు రూ,0.0,కోట్గు ఏపీ రహదారుల శాఖకు రూ
కోట్ల మేర వృధా జరుగుతోంది,0.0,కోట్ధ మేర వృధా జరుగుతోంది,0.0,కోట్గ మేర వృధా జరుగుతోంది,0.0,కోట్ధ మేర వృధా జరుగుతోంది,0.0,కోట్ధ మేర వృధా జరుగుతోంది
ఇతర లక్షణాలు గుర్తించారు తలనొప్పి మైకము తీవ్రమైన వికారం మధ్య,0.0,ఇతర లక్షణాలు గుర్లించారు తలనొప్సి మైకము తీవ్రమైన వికారం మధ్య,0.0,ఇతర లక్షణాలు గుర్లించారు తలనొప్సి మైకము తీవ్రమైన వికారం మధ్య,0.0,ఇతర లక్షణాలు గుర్లించారు తలనొప్వి మైకము తీవ్రమైన వికారం మధ్య,0.0,ఇతర లక్షణాలు గుర్లించారు తలనొప్వి మైకము తీవ్రమైన వికారం మధ్య
పోథాని చంద్రశేఖర్,0.0,పోథాని చంద్రశేఖర్,0.0,పోథాని చంద్రశేఖర్,0.0,పోథాని చంద్రశేఖర్,0.0,పోథాని చంద్రశేఖర్
ఇది ఒకేరాయి,0.0,ఇది ఒకేరాయి,0.0,ఇది ఒకేరాయి,0.0,ఇది ఒకేరాయి,0.0,ఇది ఒకేరాయి
కిశోర్ తిరుమల తెరకెక్కిస్తున్న ఈ చిత్రంలో కళ్యాణి ప్రియదర్శన్ నివేత పేతురాజ్ హీరోయిన్లుగా నటిస్తున్నారు,0.0,కిశోర్ తిరుమల తెరకెక్కిస్లున్వ ఈ చిత్రంలో కళ్యాణి ప్రియదర్మన్ నివేత పేతురాజ్ హీరోయిన్తుగా నటిస్లున్పారు,0.0,కిశోర్ తిరుమల తెరకెక్కిస్లున్ప ఈ చిత్రంలో కళ్యాణి ప్రియదర్మన్ నివేత పేతురాజ్ హీరోయిన్తుగా నటిస్లున్పారు,0.0,కిశోర్ తిరుమల తెరకెక్కిస్లున్ప ఈ చిత్రంలో కళ్యాణి ప్రియదర్మన్ నివేత పేతురాజ్ హీరోయిన్గుగా నటిస్లున్పారు,0.0,కిశోర్ తిరుమల తెరకెక్కిస్లున్వ ఈ చిత్రంలో కళ్యాణి ప్రియదర్మన్ నివేత పేతురాజ్ హీరోయిన్ధుగా నటిస్లున్వారు
ఈ యుద్ధంలో భారత సైనికులు మంది అమరులయ్యారు,0.0,ఈ యుద్గంలో భారత సైనికులు మంది అమరులయ్యారు,0.0,ఈ యుద్లంలో భారత సైనికులు మంది అమరులయ్యారు,0.0,ఈ యుద్గంలో భారత సైనికులు మంది అమరులయ్యారు,0.0,ఈ యుద్గంలో భారత సైనికులు మంది అమరులయ్యారు
ఈ ఘటనపై పోలీసులు ఎలాంటి చర్యలు తీసుకున్నారనే వివరాలు తెలియరాలేదు,0.0,ఈ ఘటనపై పోలీసులు ఎలాంటి చర్యలు తీసుకున్పారనే వివరాలు తెలియరాలేదు,0.0,ఈ ఘటనపై పోలీసులు ఎలాంటి చర్యలు తీసుకున్పారనే వివరాలు తెలియరాలేదు,0.0,ఈ ఘటనపై పోలీసులు ఎలాంటి చర్యలు తీసుకున్వారనే వివరాలు తెలియరాలేదు,0.0,ఈ ఘటనపై పోలీసులు ఎలాంటి చర్యలు తీసుకున్పారనే వివరాలు తెలియరాలేదు
కచ్చితంగా నేను మాత్రం కాదు,0.0,కచ్సితంగా నేను మాత్రం కాదు,0.0,కచ్వితంగా నేను మాత్రం కాదు,0.0,కచ్సితంగా నేను మాత్రం కాదు,0.0,కచ్వితంగా నేను మాత్రం కాదు
తరువాతి ఓవర్ వేసిన బుమ్రా తొలి బంతికే వార్నర్ వికెట్ తీసేవాడే,0.0,తరువాతి ఓవర్ వేసిన బుమ్రా తొలి బంతికే వార్పర్ వికెట్ తీసేవాడే,0.0,తరువాతి ఓవర్ వేసిన బుమ్రా తొలి బంతికే వార్వర్ వికెట్ తీసేవాడే,0.0,తరువాతి ఓవర్ వేసిన బుమ్రా తొలి బంతికే వార్పర్ వికెట్ తీసేవాడే,0.0,తరువాతి ఓవర్ వేసిన బుమ్రా తొలి బంతికే వార్వర్ వికెట్ తీసేవాడే
పని అరుదుగా సులభం,0.0,పని అరుదుగా సులభం,0.0,పని అరుదుగా సులభం,0.0,పని అరుదుగా సులభం,0.0,పని అరుదుగా సులభం
పసిడి నిల్వలలో మార్పులు ఏమి లేకుండా బిలయన్ డాలర్లుగా ఉన్నాయి,0.0,పసిడి నిల్సలలో మార్నులు ఏమి లేకుండా బిలయన్ డాలర్తుగా ఉన్వాయి,0.0,పసిడి నిల్పలలో మార్సులు ఏమి లేకుండా బిలయన్ డాలర్తుగా ఉన్పాయి,0.0,పసిడి నిల్పలలో మార్సులు ఏమి లేకుండా బిలయన్ డాలర్ధుగా ఉన్పాయి,0.0,పసిడి నిల్చలలో మార్నులు ఏమి లేకుండా బిలయన్ డాలర్తుగా ఉన్పాయి
వీటిలో ఫిర్యాదుల్ని పరిష్కరించగా పరిష్కరించాల్సి ఉంది,0.0,వీటిలో ఫిర్యాదుల్పి పరిష్కరించగా పరిష్కరించాల్చి ఉంది,0.0,వీటిలో ఫిర్యాదుల్పి పరిష్కరించగా పరిష్కరించాల్వి ఉంది,0.0,వీటిలో ఫిర్యాదుల్పి పరిష్కరించగా పరిష్కరించాల్ని ఉంది,0.0,వీటిలో ఫిర్యాదుల్వి పరిష్కరించగా పరిష్కరించాల్ని ఉంది
వాటిని నివృత్తి చేసుకోవడానికి టైం పడుతుంది,0.0,వాటిని నివృత్లి చేసుకోవడానికి టైం పడుతుంది,0.0,వాటిని నివృత్లి చేసుకోవడానికి టైం పడుతుంది,0.0,వాటిని నివృత్లి చేసుకోవడానికి టైం పడుతుంది,0.0,వాటిని నివృత్లి చేసుకోవడానికి టైం పడుతుంది
జడ్చర్ల తెలంగాణ రాష్ట్రంలోని మహబూబ్ నగర్ జిల్లాజడ్చర్ల మండలానికి చెందిన జనగణన పట్టణం,0.0,జడ్వర్ధ తెలంగాణ రాష్ట్రంలోని మహబూబ్ నగర్ జిల్గాజడ్వర్ధ మండలానికి చెందిన జనగణన పట్టణం,0.0,జడ్సర్గ తెలంగాణ రాష్ట్రంలోని మహబూబ్ నగర్ జిల్ధాజడ్వర్గ మండలానికి చెందిన జనగణన పట్టణం,0.0,జడ్సర్ధ తెలంగాణ రాష్ట్రంలోని మహబూబ్ నగర్ జిల్గాజడ్సర్త మండలానికి చెందిన జనగణన పట్టణం,0.0,జడ్వర్గ తెలంగాణ రాష్ట్రంలోని మహబూబ్ నగర్ జిల్తాజడ్వర్ధ మండలానికి చెందిన జనగణన పట్టణం
ఇరువురు కలిసి సామాజికరంగంలో చాలా పనులు చేశారు,0.0,ఇరువురు కలిసి సామాజికరంగంలో చాలా పనులు చేశారు,0.0,ఇరువురు కలిసి సామాజికరంగంలో చాలా పనులు చేశారు,0.0,ఇరువురు కలిసి సామాజికరంగంలో చాలా పనులు చేశారు,0.0,ఇరువురు కలిసి సామాజికరంగంలో చాలా పనులు చేశారు
మృతదేహాలను పోస్టుమార్టం నిమిత్తం నగరంలోని ఉస్మానియా ఆసుపత్రికి తరలించారు,0.0,మృతదేహాలను పోస్టుమార్టం నిమిత్లం నగరంలోని ఉస్శానియా ఆసుపత్రికి తరలించారు,0.0,మృతదేహాలను పోస్టుమార్టం నిమిత్లం నగరంలోని ఉస్శానియా ఆసుపత్రికి తరలించారు,0.0,మృతదేహాలను పోస్టుమార్టం నిమిత్లం నగరంలోని ఉస్శానియా ఆసుపత్రికి తరలించారు,0.0,మృతదేహాలను పోస్టుమార్టం నిమిత్లం నగరంలోని ఉస్శానియా ఆసుపత్రికి తరలించారు
ఈ ప్రశ్న చాలాకాలంగా వినిపిస్తున్నదే,0.0,ఈ ప్రశ్ప చాలాకాలంగా వినిపిస్లున్వదే,0.0,ఈ ప్రశ్వ చాలాకాలంగా వినిపిస్లున్పదే,0.0,ఈ ప్రశ్ప చాలాకాలంగా వినిపిస్లున్పదే,0.0,ఈ ప్రశ్వ చాలాకాలంగా వినిపిస్లున్పదే
పలు నగరాల్లో రహదారులను నిర్బంధించిన ఆందోళనకారులను చెదరగొట్టేందుకు స్థానిక పోలీసులు భద్రతా సిబ్బంది ప్రయత్నించగా భారీ స్థాయిలో ఘర్షణలు చోటుచేసుకున్నాయి,0.0,పలు నగరాల్తో రహదారులను నిర్బంధించిన ఆందోళనకారులను చెదరగొట్టేందుకు స్థానిక పోలీసులు భద్రతా సిబ్బంది ప్రయత్వించగా భారీ స్థాయిలో ఘర్షణలు చోటుచేసుకున్పాయి,0.0,పలు నగరాల్గో రహదారులను నిర్బంధించిన ఆందోళనకారులను చెదరగొట్టేందుకు స్థానిక పోలీసులు భద్రతా సిబ్బంది ప్రయత్వించగా భారీ స్థాయిలో ఘర్షణలు చోటుచేసుకున్వాయి,0.0,పలు నగరాల్గో రహదారులను నిర్బంధించిన ఆందోళనకారులను చెదరగొట్టేందుకు స్థానిక పోలీసులు భద్రతా సిబ్బంది ప్రయత్వించగా భారీ స్థాయిలో ఘర్షణలు చోటుచేసుకున్వాయి,0.0,పలు నగరాల్ధో రహదారులను నిర్బంధించిన ఆందోళనకారులను చెదరగొట్టేందుకు స్థానిక పోలీసులు భద్రతా సిబ్బంది ప్రయత్వించగా భారీ స్థాయిలో ఘర్షణలు చోటుచేసుకున్వాయి
అడ్డుకోబోయిన పోలీసులపైనా దాడికి దిగారు,0.0,అడ్దుకోబోయిన పోలీసులపైనా దాడికి దిగారు,0.0,అడ్ధుకోబోయిన పోలీసులపైనా దాడికి దిగారు,0.0,అడ్ధుకోబోయిన పోలీసులపైనా దాడికి దిగారు,0.0,అడ్ధుకోబోయిన పోలీసులపైనా దాడికి దిగారు
నేను ఆయనతో మాట్లాడాను సమస్యల్లో ఉన్నప్పుడు నాకు సహాయం చేయమని అడిగాను,0.0,నేను ఆయనతో మాట్ధాడాను సమస్యల్తో ఉన్పప్వుడు నాకు సహాయం చేయమని అడిగాను,0.0,నేను ఆయనతో మాట్తాడాను సమస్యల్తో ఉన్వప్వుడు నాకు సహాయం చేయమని అడిగాను,0.0,నేను ఆయనతో మాట్తాడాను సమస్యల్తో ఉన్పప్సుడు నాకు సహాయం చేయమని అడిగాను,0.0,నేను ఆయనతో మాట్తాడాను సమస్యల్తో ఉన్వప్యుడు నాకు సహాయం చేయమని అడిగాను
ప్రయాణికుల రద్దీని దృష్టిలో పెట్టుకుని ఈ నిర్ణయం తీసుకున్నట్టు తెలిపింది,0.0,ప్రయాణికుల రద్డీని దృష్టిలో పెట్టుకుని ఈ నిర్ణయం తీసుకున్వట్టు తెలిపింది,0.0,ప్రయాణికుల రద్డీని దృష్టిలో పెట్టుకుని ఈ నిర్ణయం తీసుకున్పట్టు తెలిపింది,0.0,ప్రయాణికుల రద్ధీని దృష్టిలో పెట్టుకుని ఈ నిర్ణయం తీసుకున్వట్టు తెలిపింది,0.0,ప్రయాణికుల రద్ధీని దృష్టిలో పెట్టుకుని ఈ నిర్ణయం తీసుకున్పట్టు తెలిపింది
హుందయ్ ఇండియా సరికొత్త టక్సన్ ఎస్యూవీని మార్కెట్లోకి విడుదల చేసింది,0.0,హుందయ్ ఇండియా సరికొత్ల టక్పన్ ఎస్యూవీని మార్కెట్ధోకి విడుదల చేసింది,0.0,హుందయ్ ఇండియా సరికొత్ల టక్చన్ ఎస్యూవీని మార్కెట్గోకి విడుదల చేసింది,0.0,హుందయ్ ఇండియా సరికొత్ల టక్చన్ ఎస్యూవీని మార్కెట్గోకి విడుదల చేసింది,0.0,హుందయ్ ఇండియా సరికొత్ల టక్పన్ ఎస్యూవీని మార్కెట్ధోకి విడుదల చేసింది
కే వీడియో రికార్డింగ్ ను ఈ ఫోన్ సపోర్ట్ చేయనుంది,0.0,కే వీడియో రికార్దింగ్ ను ఈ ఫోన్ సపోర్ట్ చేయనుంది,0.0,కే వీడియో రికార్ధింగ్ ను ఈ ఫోన్ సపోర్ట్ చేయనుంది,0.0,కే వీడియో రికార్ధింగ్ ను ఈ ఫోన్ సపోర్ట్ చేయనుంది,0.0,కే వీడియో రికార్దింగ్ ను ఈ ఫోన్ సపోర్ట్ చేయనుంది
ఈ వివాదం అప్పట్లో ముఖ్యమంత్రి వద్దకు చేరింది,0.0,ఈ వివాదం అప్సట్ధో ముఖ్యమంత్రి వద్ కు చేరింది,0.0,ఈ వివాదం అప్సట్ధో ముఖ్యమంత్రి వద్డకు చేరింది,0.0,ఈ వివాదం అప్సట్తో ముఖ్యమంత్రి వద్ కు చేరింది,0.0,ఈ వివాదం అప్నట్ధో ముఖ్యమంత్రి వద్ కు చేరింది
మీరు సిద్ధపరచువాటి లెక్కనుబట్టి వాటి లెక్కలో ప్రతిదానికిని అట్లు చేయవలెను,0.0,మీరు సిద్గపరచువాటి లెక్కనుబట్టి వాటి లెక్కలో ప్రతిదానికిని అట్తు చేయవలెను,0.0,మీరు సిద్గపరచువాటి లెక్కనుబట్టి వాటి లెక్కలో ప్రతిదానికిని అట్తు చేయవలెను,0.0,మీరు సిద్లపరచువాటి లెక్కనుబట్టి వాటి లెక్కలో ప్రతిదానికిని అట్ధు చేయవలెను,0.0,మీరు సిద్గపరచువాటి లెక్కనుబట్టి వాటి లెక్కలో ప్రతిదానికిని అట్గు చేయవలెను
నల్లమలుపు శ్రీనివాస్ బుజ్జి డా కె వెంకటేశ్వరరావు నిర్మాతలు,0.0,నల్తమలుపు శ్రీనివాస్ బుజ్జి డా కె వెంకటేశ్చరరావు నిర్శాతలు,0.0,నల్ధమలుపు శ్రీనివాస్ బుజ్జి డా కె వెంకటేశ్చరరావు నిర్శాతలు,0.0,నల్ధమలుపు శ్రీనివాస్ బుజ్జి డా కె వెంకటేశ్సరరావు నిర్శాతలు,0.0,నల్తమలుపు శ్రీనివాస్ బుజ్జి డా కె వెంకటేశ్నరరావు నిర్శాతలు
విషయం తెలుసుకొన్న పోలీసులు సంఘటనాస్థలికి చేరుకొని దర్యాప్తు చేస్తున్నారు,0.0,విషయం తెలుసుకొన్వ పోలీసులు సంఘటనాస్థలికి చేరుకొని దర్యాప్లు చేస్లున్పారు,0.0,విషయం తెలుసుకొన్ప పోలీసులు సంఘటనాస్థలికి చేరుకొని దర్యాప్లు చేస్లున్పారు,0.0,విషయం తెలుసుకొన్ప పోలీసులు సంఘటనాస్థలికి చేరుకొని దర్యాప్లు చేస్లున్పారు,0.0,విషయం తెలుసుకొన్వ పోలీసులు సంఘటనాస్థలికి చేరుకొని దర్యాప్లు చేస్లున్పారు
కేంద్ర ప్రభుత్వ ఉద్యోగుల కనీస వేతనాన్ని రూ,0.0,కేంద్ర ప్రభుత్ప ఉద్యోగుల కనీస వేతనాన్పి రూ,0.0,కేంద్ర ప్రభుత్య ఉద్యోగుల కనీస వేతనాన్వి రూ,0.0,కేంద్ర ప్రభుత్న ఉద్యోగుల కనీస వేతనాన్వి రూ,0.0,కేంద్ర ప్రభుత్ప ఉద్యోగుల కనీస వేతనాన్పి రూ
బుల్లెట్ ట్రైన్ ప్రాజెక్టు వ్యయం రూ,0.0,బుల్తెట్ ట్రైన్ ప్రాజెక్టు వ్యయం రూ,0.0,బుల్ధెట్ ట్రైన్ ప్రాజెక్టు వ్యయం రూ,0.0,బుల్తెట్ ట్రైన్ ప్రాజెక్టు వ్యయం రూ,0.0,బుల్గెట్ ట్రైన్ ప్రాజెక్టు వ్యయం రూ
గ్రామం పేరు,0.0,గ్రామం పేరు,0.0,గ్రామం పేరు,0.0,గ్రామం పేరు,0.0,గ్రామం పేరు
ఒక ఆడ శిశువుకు జన్మనిచ్చింది,0.0,ఒక ఆడ శిశువుకు జన్శనిచ్వింది,0.0,ఒక ఆడ శిశువుకు జన్శనిచ్వింది,0.0,ఒక ఆడ శిశువుకు జన్శనిచ్వింది,0.0,ఒక ఆడ శిశువుకు జన్శనిచ్వింది
నురుగు అది కట్ లేదు,0.0,నురుగు అది కట్ లేదు,0.0,నురుగు అది కట్ లేదు,0.0,నురుగు అది కట్ లేదు,0.0,నురుగు అది కట్ లేదు
మీ గురించి ఎంతో విన్నాను,0.0,మీ గురించి ఎంతో విన్పాను,0.0,మీ గురించి ఎంతో విన్వాను,0.0,మీ గురించి ఎంతో విన్వాను,0.0,మీ గురించి ఎంతో విన్పాను
శైలి పాప్ కళ,0.0,శైలి పాప్ కళ,0.0,శైలి పాప్ కళ,0.0,శైలి పాప్ కళ,0.0,శైలి పాప్ కళ
కోపం వస్తుంది,0.0,కోపం వస్లుంది,0.0,కోపం వస్లుంది,0.0,కోపం వస్లుంది,0.0,కోపం వస్లుంది
టెన్షన్ డిప్రెషన్ బద్దకాన్ని దూరం చేస్తుంది,0.0,టెన్షన్ డిప్రెషన్ బద్డకాన్పి దూరం చేస్లుంది,0.0,టెన్షన్ డిప్రెషన్ బద్డకాన్పి దూరం చేస్లుంది,0.0,టెన్షన్ డిప్రెషన్ బద్ధకాన్వి దూరం చేస్లుంది,0.0,టెన్షన్ డిప్రెషన్ బద్డకాన్వి దూరం చేస్లుంది
మీకు జ్ఞాపకమున్నాయా,0.0,మీకు జ్ఞాపకమున్పాయా,0.0,మీకు జ్ఞాపకమున్పాయా,0.0,మీకు జ్ఞాపకమున్పాయా,0.0,మీకు జ్ఞాపకమున్వాయా
నివేదిక వచ్చిన అనంతరం బాధ్యులపై కఠిన చర్యలు తీసుకుంటామని తెలిపారు,0.0,నివేదిక వచ్విన అనంతరం బాధ్యులపై కఠిన చర్యలు తీసుకుంటామని తెలిపారు,0.0,నివేదిక వచ్సిన అనంతరం బాధ్యులపై కఠిన చర్యలు తీసుకుంటామని తెలిపారు,0.0,నివేదిక వచ్విన అనంతరం బాధ్యులపై కఠిన చర్యలు తీసుకుంటామని తెలిపారు,0.0,నివేదిక వచ్సిన అనంతరం బాధ్యులపై కఠిన చర్యలు తీసుకుంటామని తెలిపారు
పడమరదక్షిణాలలో గృహనికి ఫ్లోరింగ్ లెవెల్ కన్నా అరుగులు ఎత్తుగా ఉండాలి పల్లంగా ఉండ కూడదు,0.0,పడమరదక్షిణాలలో గృహనికి ఫ్ధోరింగ్ లెవెల్ కన్పా అరుగులు ఎత్లుగా ఉండాలి పల్గంగా ఉండ కూడదు,0.0,పడమరదక్షిణాలలో గృహనికి ఫ్ధోరింగ్ లెవెల్ కన్పా అరుగులు ఎత్లుగా ఉండాలి పల్గంగా ఉండ కూడదు,0.0,పడమరదక్షిణాలలో గృహనికి ఫ్ధోరింగ్ లెవెల్ కన్వా అరుగులు ఎత్లుగా ఉండాలి పల్ధంగా ఉండ కూడదు,0.0,పడమరదక్షిణాలలో గృహనికి ఫ్గోరింగ్ లెవెల్ కన్వా అరుగులు ఎత్లుగా ఉండాలి పల్గంగా ఉండ కూడదు
ఆయన మరణ వార్త వినగానే బాధపడ్డాను,0.0,ఆయన మరణ వార్ల వినగానే బాధపడ్దాను,0.0,ఆయన మరణ వార్ల వినగానే బాధపడ్దాను,0.0,ఆయన మరణ వార్ల వినగానే బాధపడ్ధాను,0.0,ఆయన మరణ వార్ల వినగానే బాధపడ్ధాను
ఈ ఉదంతం ఉత్తరప్రదేశ్ రాష్ట్రంలో సంచలనం రేపింది,0.0,ఈ ఉదంతం ఉత్లరప్రదేశ్ రాష్ట్రంలో సంచలనం రేపింది,0.0,ఈ ఉదంతం ఉత్లరప్రదేశ్ రాష్ట్రంలో సంచలనం రేపింది,0.0,ఈ ఉదంతం ఉత్లరప్రదేశ్ రాష్ట్రంలో సంచలనం రేపింది,0.0,ఈ ఉదంతం ఉత్లరప్రదేశ్ రాష్ట్రంలో సంచలనం రేపింది
నరపుత్రుడా నీ ముఖమును ఐగుప్తురాజైన ఫరోవైపు త్రిప్పుకొని అతనిగూర్చియు ఐగుప్తు దేశ మంతటినిగూర్చియు ఈ సమాచారమెత్తి ప్రవచింపుముప్రభువగు యెహోవా సెలవిచ్చునదేమనగా,0.0,నరపుత్రుడా నీ ముఖమును ఐగుప్లురాజైన ఫరోవైపు త్రిప్నుకొని అతనిగూర్వియు ఐగుప్లు దేశ మంతటినిగూర్సియు ఈ సమాచారమెత్లి ప్రవచింపుముప్రభువగు యెహోవా సెలవిచ్సునదేమనగా,0.0,నరపుత్రుడా నీ ముఖమును ఐగుప్లురాజైన ఫరోవైపు త్రిప్సుకొని అతనిగూర్సియు ఐగుప్లు దేశ మంతటినిగూర్వియు ఈ సమాచారమెత్లి ప్రవచింపుముప్రభువగు యెహోవా సెలవిచ్సునదేమనగా,0.0,నరపుత్రుడా నీ ముఖమును ఐగుప్లురాజైన ఫరోవైపు త్రిప్యుకొని అతనిగూర్సియు ఐగుప్లు దేశ మంతటినిగూర్వియు ఈ సమాచారమెత్లి ప్రవచింపుముప్రభువగు యెహోవా సెలవిచ్సునదేమనగా,0.0,నరపుత్రుడా నీ ముఖమును ఐగుప్లురాజైన ఫరోవైపు త్రిప్యుకొని అతనిగూర్సియు ఐగుప్లు దేశ మంతటినిగూర్సియు ఈ సమాచారమెత్లి ప్రవచింపుముప్రభువగు యెహోవా సెలవిచ్వునదేమనగా
సల్మాన్ ఖాన్ దబాంగ్ టూర్లో భాగంగా యూఎస్ఏ కెనడాలో పర్యటిస్తున్నారు,0.0,సల్శాన్ ఖాన్ దబాంగ్ టూర్తో భాగంగా యూఎస్ఏ కెనడాలో పర్యటిస్లున్పారు,0.0,సల్శాన్ ఖాన్ దబాంగ్ టూర్ధో భాగంగా యూఎస్ఏ కెనడాలో పర్యటిస్లున్వారు,0.0,సల్శాన్ ఖాన్ దబాంగ్ టూర్ధో భాగంగా యూఎస్ఏ కెనడాలో పర్యటిస్లున్వారు,0.0,సల్శాన్ ఖాన్ దబాంగ్ టూర్తో భాగంగా యూఎస్ఏ కెనడాలో పర్యటిస్లున్వారు
చాలా నాటకాల్లో నటించి సత్తా చాటింది,0.0,చాలా నాటకాల్ధో నటించి సత్లా చాటింది,0.0,చాలా నాటకాల్తో నటించి సత్లా చాటింది,0.0,చాలా నాటకాల్తో నటించి సత్లా చాటింది,0.0,చాలా నాటకాల్ధో నటించి సత్లా చాటింది
కరోనా కారణంగా పరీక్షలన్నీ క్యాన్సిల్ అయ్యాయి,0.0,కరోనా కారణంగా పరీక్షలన్పీ క్యాన్చిల్ అయ్యాయి,0.0,కరోనా కారణంగా పరీక్షలన్పీ క్యాన్చిల్ అయ్యాయి,0.0,కరోనా కారణంగా పరీక్షలన్పీ క్యాన్చిల్ అయ్యాయి,0.0,కరోనా కారణంగా పరీక్షలన్వీ క్యాన్పిల్ అయ్యాయి
స్థానికులు దీనిని ఒంటిగుండు అని పిలుస్తారు,0.0,స్థానికులు దీనిని ఒంటిగుండు అని పిలుస్లారు,0.0,స్థానికులు దీనిని ఒంటిగుండు అని పిలుస్లారు,0.0,స్థానికులు దీనిని ఒంటిగుండు అని పిలుస్లారు,0.0,స్థానికులు దీనిని ఒంటిగుండు అని పిలుస్లారు
కోట్లు కేటాయించారు,0.0,కోట్తు కేటాయించారు,0.0,కోట్తు కేటాయించారు,0.0,కోట్గు కేటాయించారు,0.0,కోట్ధు కేటాయించారు
కార్యక్రమంలో నాయకులు విద్యార్థులు పాల్గొన్నారు,0.0,కార్యక్రమంలో నాయకులు విద్యార్థులు పాల్ధొన్పారు,0.0,కార్యక్రమంలో నాయకులు విద్యార్థులు పాల్ఠొన్వారు,0.0,కార్యక్రమంలో నాయకులు విద్యార్థులు పాల్ధొన్వారు,0.0,కార్యక్రమంలో నాయకులు విద్యార్థులు పాల్ధొన్వారు
పరిశ్రమలో పని లేకపోవడం అనేది లేదు,0.0,పరిశ్రమలో పని లేకపోవడం అనేది లేదు,0.0,పరిశ్రమలో పని లేకపోవడం అనేది లేదు,0.0,పరిశ్రమలో పని లేకపోవడం అనేది లేదు,0.0,పరిశ్రమలో పని లేకపోవడం అనేది లేదు
క్కడ పెట్టకండి,0.0,క్కడ పెట్టకండి,0.0,క్కడ పెట్టకండి,0.0,క్కడ పెట్టకండి,0.0,క్కడ పెట్టకండి
తన గొర్రెలపట్ల శ్రద్ధ వహించేందుకు తాను నియమించిన వారికి యెహోవా ఎలా సహాయం చేస్తాడు,0.0,తన గొర్రెలపట్ధ శ్రద్గ వహించేందుకు తాను నియమించిన వారికి యెహోవా ఎలా సహాయం చేస్లాడు,0.0,తన గొర్రెలపట్గ శ్రద్గ వహించేందుకు తాను నియమించిన వారికి యెహోవా ఎలా సహాయం చేస్లాడు,0.0,తన గొర్రెలపట్ధ శ్రద్ద వహించేందుకు తాను నియమించిన వారికి యెహోవా ఎలా సహాయం చేస్లాడు,0.0,తన గొర్రెలపట్గ శ్రద్డ వహించేందుకు తాను నియమించిన వారికి యెహోవా ఎలా సహాయం చేస్లాడు
అన్నది ఇంకా స్పష్టత లేదు,0.0,అన్వది ఇంకా స్యష్టత లేదు,0.0,అన్వది ఇంకా స్నష్టత లేదు,0.0,అన్పది ఇంకా స్నష్టత లేదు,0.0,అన్వది ఇంకా స్నష్టత లేదు
గాంధీ ఆస్పత్రిలో మరో రోగి మృతి,0.0,గాంధీ ఆస్నత్రిలో మరో రోగి మృతి,0.0,గాంధీ ఆస్నత్రిలో మరో రోగి మృతి,0.0,గాంధీ ఆస్నత్రిలో మరో రోగి మృతి,0.0,గాంధీ ఆస్యత్రిలో మరో రోగి మృతి
ఏ పని చేపట్టినా విజయం సాధిస్తారు,0.0,ఏ పని చేపట్టినా విజయం సాధిస్లారు,0.0,ఏ పని చేపట్టినా విజయం సాధిస్లారు,0.0,ఏ పని చేపట్టినా విజయం సాధిస్లారు,0.0,ఏ పని చేపట్టినా విజయం సాధిస్లారు
అపుడు నెంబర్ ఎక్సేంజ్ చేసుకున్నాము,0.0,అపుడు నెంబర్ ఎక్పేంజ్ చేసుకున్పాము,0.0,అపుడు నెంబర్ ఎక్చేంజ్ చేసుకున్పాము,0.0,అపుడు నెంబర్ ఎక్చేంజ్ చేసుకున్వాము,0.0,అపుడు నెంబర్ ఎక్నేంజ్ చేసుకున్వాము
ఎంపిక విధానం రాతపరీక్ష ఆధారంగా,0.0,ఎంపిక విధానం రాతపరీక్ష ఆధారంగా,0.0,ఎంపిక విధానం రాతపరీక్ష ఆధారంగా,0.0,ఎంపిక విధానం రాతపరీక్ష ఆధారంగా,0.0,ఎంపిక విధానం రాతపరీక్ష ఆధారంగా
భువీ బుమ్రా చాహాల్ కూడా మిస్సయ్యారు,0.0,భువీ బుమ్రా చాహాల్ కూడా మిస్వయ్యారు,0.0,భువీ బుమ్రా చాహాల్ కూడా మిస్చయ్యారు,0.0,భువీ బుమ్రా చాహాల్ కూడా మిస్పయ్యారు,0.0,భువీ బుమ్రా చాహాల్ కూడా మిస్నయ్యారు
ఈ మ్యాచ్కు భారత జట్టు నాలుగు మార్పులతో బరిలోకి దిగింది,0.0,ఈ మ్యాచ్కు భారత జట్టు నాలుగు మార్సులతో బరిలోకి దిగింది,0.0,ఈ మ్యాచ్కు భారత జట్టు నాలుగు మార్సులతో బరిలోకి దిగింది,0.0,ఈ మ్యాచ్కు భారత జట్టు నాలుగు మార్నులతో బరిలోకి దిగింది,0.0,ఈ మ్యాచ్కు భారత జట్టు నాలుగు మార్యులతో బరిలోకి దిగింది
అలా నటించిన చిత్రాలు సక్సెస్ కావడం లేదు,0.0,అలా నటించిన చిత్రాలు సక్చెస్ కావడం లేదు,0.0,అలా నటించిన చిత్రాలు సక్పెస్ కావడం లేదు,0.0,అలా నటించిన చిత్రాలు సక్చెస్ కావడం లేదు,0.0,అలా నటించిన చిత్రాలు సక్వెస్ కావడం లేదు
త్వరలోనే ఈ సంఖ్య మరింత పెరిగే అవకాశం ఉందని కంపెనీ తెలిపింది,0.0,త్వరలోనే ఈ సంఖ్య మరింత పెరిగే అవకాశం ఉందని కంపెనీ తెలిపింది,0.0,త్వరలోనే ఈ సంఖ్య మరింత పెరిగే అవకాశం ఉందని కంపెనీ తెలిపింది,0.0,త్వరలోనే ఈ సంఖ్య మరింత పెరిగే అవకాశం ఉందని కంపెనీ తెలిపింది,0.0,త్వరలోనే ఈ సంఖ్య మరింత పెరిగే అవకాశం ఉందని కంపెనీ తెలిపింది
భారత్లో వేతనాల సమస్యే ఉంది నిరుద్యోగ సమస్యలేదు అని పేర్కొన్నారు,0.0,భారత్ధో వేతనాల సమస్యే ఉంది నిరుద్యోగ సమస్యలేదు అని పేర్కొన్వారు,0.0,భారత్గో వేతనాల సమస్యే ఉంది నిరుద్యోగ సమస్యలేదు అని పేర్కొన్పారు,0.0,భారత్తో వేతనాల సమస్యే ఉంది నిరుద్యోగ సమస్యలేదు అని పేర్కొన్పారు,0.0,భారత్ధో వేతనాల సమస్యే ఉంది నిరుద్యోగ సమస్యలేదు అని పేర్కొన్వారు
మీరూ ఓ సారి చదివేయండి ఈ పోస్టును,0.0,మీరూ ఓ సారి చదివేయండి ఈ పోస్టును,0.0,మీరూ ఓ సారి చదివేయండి ఈ పోస్టును,0.0,మీరూ ఓ సారి చదివేయండి ఈ పోస్టును,0.0,మీరూ ఓ సారి చదివేయండి ఈ పోస్టును
కానీ అది కనిపించలేదు,0.0,కానీ అది కనిపించలేదు,0.0,కానీ అది కనిపించలేదు,0.0,కానీ అది కనిపించలేదు,0.0,కానీ అది కనిపించలేదు
ఆస్ట్రేలియా జరగనున్న వన్డే మ్యాచ్ లు చెన్నై బెంగళూరు నాగ్ పూర్ ఇండోర్ కోల్ కతా లలో జరగనున్నాయి,0.0,ఆస్ట్రేలియా జరగనున్ప వన్ధే మ్యాచ్ లు చెన్పై బెంగళూరు నాగ్ పూర్ ఇండోర్ కోల్ కతా లలో జరగనున్వాయి,0.0,ఆస్ట్రేలియా జరగనున్ప వన్దే మ్యాచ్ లు చెన్పై బెంగళూరు నాగ్ పూర్ ఇండోర్ కోల్ కతా లలో జరగనున్వాయి,0.0,ఆస్ట్రేలియా జరగనున్ప వన్ధే మ్యాచ్ లు చెన్వై బెంగళూరు నాగ్ పూర్ ఇండోర్ కోల్ కతా లలో జరగనున్పాయి,0.0,ఆస్ట్రేలియా జరగనున్ప వన్ధే మ్యాచ్ లు చెన్వై బెంగళూరు నాగ్ పూర్ ఇండోర్ కోల్ కతా లలో జరగనున్వాయి
న్యూఢిల్లీ భారత జాతీయ భద్రతా సలహాదారు ఎన్ఎస్ఏ అజిత్ దోవల్ ఈ నెలాఖరులో చైనా వెళ్లనున్నారు,0.0,న్యూఢిల్తీ భారత జాతీయ భద్రతా సలహాదారు ఎన్ఎస్ఏ అజిత్ దోవల్ ఈ నెలాఖరులో చైనా వెళ్గనున్పారు,0.0,న్యూఢిల్తీ భారత జాతీయ భద్రతా సలహాదారు ఎన్ఎస్ఏ అజిత్ దోవల్ ఈ నెలాఖరులో చైనా వెళ్తనున్వారు,0.0,న్యూఢిల్తీ భారత జాతీయ భద్రతా సలహాదారు ఎన్ఎస్ఏ అజిత్ దోవల్ ఈ నెలాఖరులో చైనా వెళ్గనున్వారు,0.0,న్యూఢిల్గీ భారత జాతీయ భద్రతా సలహాదారు ఎన్ఎస్ఏ అజిత్ దోవల్ ఈ నెలాఖరులో చైనా వెళ్తనున్వారు
గ్వెన్ కూడా ఎడ్వర్డ్ పట్ల ఆకర్షితురాలైంది,0.0,గ్వెన్ కూడా ఎడ్నర్ద్ పట్త ఆకర్షితురాలైంది,0.0,గ్వెన్ కూడా ఎడ్యర్ధ్ పట్గ ఆకర్షితురాలైంది,0.0,గ్వెన్ కూడా ఎడ్సర్ధ్ పట్ధ ఆకర్షితురాలైంది,0.0,గ్వెన్ కూడా ఎడ్సర్ధ్ పట్త ఆకర్షితురాలైంది
దేశంలో విద్య నాణ్యతను పెంపొందించాల్సిన అవసరముంది,0.0,దేశంలో విద్య నాణ్యతను పెంపొందించాల్చిన అవసరముంది,0.0,దేశంలో విద్య నాణ్యతను పెంపొందించాల్పిన అవసరముంది,0.0,దేశంలో విద్య నాణ్యతను పెంపొందించాల్విన అవసరముంది,0.0,దేశంలో విద్య నాణ్యతను పెంపొందించాల్విన అవసరముంది
మీ దగ్గర చాలా సత్యాలు నేర్చుకోవాలి,0.0,మీ దగ్లర చాలా సత్యాలు నేర్సుకోవాలి,0.0,మీ దగ్ధర చాలా సత్యాలు నేర్వుకోవాలి,0.0,మీ దగ్ధర చాలా సత్యాలు నేర్సుకోవాలి,0.0,మీ దగ్లర చాలా సత్యాలు నేర్వుకోవాలి
ఇందుకోసం సుహేల్ కౌన్సిలేజ్ ఇండియా అనే కన్సల్టెన్సీకి మేనేజింగ్ పార్ట్ నర్ గా ఉన్నారు,0.0,ఇందుకోసం సుహేల్ కౌన్విలేజ్ ఇండియా అనే కన్పల్టెన్పీకి మేనేజింగ్ పార్ట్ నర్ గా ఉన్పారు,0.0,ఇందుకోసం సుహేల్ కౌన్చిలేజ్ ఇండియా అనే కన్వల్టెన్చీకి మేనేజింగ్ పార్ట్ నర్ గా ఉన్పారు,0.0,ఇందుకోసం సుహేల్ కౌన్పిలేజ్ ఇండియా అనే కన్చల్టెన్పీకి మేనేజింగ్ పార్ట్ నర్ గా ఉన్వారు,0.0,ఇందుకోసం సుహేల్ కౌన్నిలేజ్ ఇండియా అనే కన్చల్టెన్పీకి మేనేజింగ్ పార్ట్ నర్ గా ఉన్పారు
అంచేత ఆయన మొదటిసారి కెమేరా ముందు నటించిన సినిమా మనదేశం అయింది,0.0,అంచేత ఆయన మొదటిసారి కెమేరా ముందు నటించిన సినిమా మనదేశం అయింది,0.0,అంచేత ఆయన మొదటిసారి కెమేరా ముందు నటించిన సినిమా మనదేశం అయింది,0.0,అంచేత ఆయన మొదటిసారి కెమేరా ముందు నటించిన సినిమా మనదేశం అయింది,0.0,అంచేత ఆయన మొదటిసారి కెమేరా ముందు నటించిన సినిమా మనదేశం అయింది
కోట్ల అభివృద్ధి పనులు జరిగాయన్నారు,0.0,కోట్గ అభివృద్లి పనులు జరిగాయన్పారు,0.0,కోట్ధ అభివృద్డి పనులు జరిగాయన్వారు,0.0,కోట్గ అభివృద్గి పనులు జరిగాయన్వారు,0.0,కోట్గ అభివృద్ది పనులు జరిగాయన్పారు
అన్న ప్రశ్న నెలకొంది,0.0,అన్ప ప్రశ్ప నెలకొంది,0.0,అన్వ ప్రశ్ప నెలకొంది,0.0,అన్ప ప్రశ్వ నెలకొంది,0.0,అన్వ ప్రశ్ప నెలకొంది
నేను ఎవరు అని అడిగాను,0.0,నేను ఎవరు అని అడిగాను,0.0,నేను ఎవరు అని అడిగాను,0.0,నేను ఎవరు అని అడిగాను,0.0,నేను ఎవరు అని అడిగాను
కే లభిస్తుంది,0.0,కే లభిస్లుంది,0.0,కే లభిస్లుంది,0.0,కే లభిస్లుంది,0.0,కే లభిస్లుంది
ఇది రక్త నాళాలు శుద్ధి,0.0,ఇది రక్ల నాళాలు శుద్డి,0.0,ఇది రక్ల నాళాలు శుద్ది,0.0,ఇది రక్ల నాళాలు శుద్ది,0.0,ఇది రక్ల నాళాలు శుద్ది
పాన్ఆధార్ లింక్ గడువును పొడిగించిన కేంద్ర ప్రభుత్వం,0.0,పాన్ఆధార్ లింక్ గడువును పొడిగించిన కేంద్ర ప్రభుత్నం,0.0,పాన్ఆధార్ లింక్ గడువును పొడిగించిన కేంద్ర ప్రభుత్పం,0.0,పాన్ఆధార్ లింక్ గడువును పొడిగించిన కేంద్ర ప్రభుత్పం,0.0,పాన్ఆధార్ లింక్ గడువును పొడిగించిన కేంద్ర ప్రభుత్సం
అమెజాన్కు హైదరాబాద్ అతిపెద్ద క్యాంపస్,0.0,అమెజాన్కు హైదరాబాద్ అతిపెద్ధ క్యాంపస్,0.0,అమెజాన్కు హైదరాబాద్ అతిపెద్  క్యాంపస్,0.0,అమెజాన్కు హైదరాబాద్ అతిపెద్  క్యాంపస్,0.0,అమెజాన్కు హైదరాబాద్ అతిపెద్ధ క్యాంపస్
వీటిని స్ధానికులు బవోరి లు అంటారు,0.0,వీటిని స్లానికులు బవోరి లు అంటారు,0.0,వీటిని స్డానికులు బవోరి లు అంటారు,0.0,వీటిని స్డానికులు బవోరి లు అంటారు,0.0,వీటిని స్లానికులు బవోరి లు అంటారు
లక్షల జరిమానా విధించింది,0.0,లక్షల జరిమానా విధించింది,0.0,లక్షల జరిమానా విధించింది,0.0,లక్షల జరిమానా విధించింది,0.0,లక్షల జరిమానా విధించింది
న్యూఢిల్లీకర్ణాటక కాంగ్రెస్ కీలక నేత డీకే శివకుమార్ కు ఢిల్లీ హైకోర్టులో ఊరట లభించింది,0.0,న్యూఢిల్తీకర్ణాటక కాంగ్రెస్ కీలక నేత డీకే శివకుమార్ కు ఢిల్ధీ హైకోర్టులో ఊరట లభించింది,0.0,న్యూఢిల్తీకర్ణాటక కాంగ్రెస్ కీలక నేత డీకే శివకుమార్ కు ఢిల్ధీ హైకోర్టులో ఊరట లభించింది,0.0,న్యూఢిల్ధీకర్ణాటక కాంగ్రెస్ కీలక నేత డీకే శివకుమార్ కు ఢిల్ధీ హైకోర్టులో ఊరట లభించింది,0.0,న్యూఢిల్తీకర్ణాటక కాంగ్రెస్ కీలక నేత డీకే శివకుమార్ కు ఢిల్తీ హైకోర్టులో ఊరట లభించింది
భారత జనగణన గణాంకాల ప్రకారం ఈ గ్రామం ఇళ్లతో జనాభాతో హెక్టార్లలో విస్తరించి ఉంది,0.0,భారత జనగణన గణాంకాల ప్రకారం ఈ గ్రామం ఇళ్ధతో జనాభాతో హెక్టార్ధలో విస్లరించి ఉంది,0.0,భారత జనగణన గణాంకాల ప్రకారం ఈ గ్రామం ఇళ్ధతో జనాభాతో హెక్టార్ధలో విస్లరించి ఉంది,0.0,భారత జనగణన గణాంకాల ప్రకారం ఈ గ్రామం ఇళ్ధతో జనాభాతో హెక్టార్ధలో విస్లరించి ఉంది,0.0,భారత జనగణన గణాంకాల ప్రకారం ఈ గ్రామం ఇళ్గతో జనాభాతో హెక్టార్తలో విస్లరించి ఉంది
నియోజకవర్గం వ్యాప్తంగా సెక్షన్ అమలు చేస్తున్నారు,0.0,నియోజకవర్లం వ్యాప్లంగా సెక్షన్ అమలు చేస్లున్వారు,0.0,నియోజకవర్లం వ్యాప్లంగా సెక్షన్ అమలు చేస్లున్వారు,0.0,నియోజకవర్లం వ్యాప్లంగా సెక్షన్ అమలు చేస్లున్పారు,0.0,నియోజకవర్లం వ్యాప్లంగా సెక్షన్ అమలు చేస్లున్వారు
ఫలితం మాత్రం కనిపించలేదు,0.0,ఫలితం మాత్రం కనిపించలేదు,0.0,ఫలితం మాత్రం కనిపించలేదు,0.0,ఫలితం మాత్రం కనిపించలేదు,0.0,ఫలితం మాత్రం కనిపించలేదు
సత్యవతి రాథోడ్ స్త్రీ శిశు గిరిజన సంక్షేమం,0.0,సత్యవతి రాథోడ్ స్ల్రీ శిశు గిరిజన సంక్షేమం,0.0,సత్యవతి రాథోడ్ స్ల్రీ శిశు గిరిజన సంక్షేమం,0.0,సత్యవతి రాథోడ్ స్ల్రీ శిశు గిరిజన సంక్షేమం,0.0,సత్యవతి రాథోడ్ స్ల్రీ శిశు గిరిజన సంక్షేమం
ఈ రేటు రోజురోజుకు పెరుగుతోంది,0.0,ఈ రేటు రోజురోజుకు పెరుగుతోంది,0.0,ఈ రేటు రోజురోజుకు పెరుగుతోంది,0.0,ఈ రేటు రోజురోజుకు పెరుగుతోంది,0.0,ఈ రేటు రోజురోజుకు పెరుగుతోంది
బాట్మాన్ సూపర్మ్యాన్ గురించి డాన్ అఫ్ జస్టిస్,0.0,బాట్శాన్ సూపర్శ్యాన్ గురించి డాన్ అఫ్ జస్టిస్,0.0,బాట్శాన్ సూపర్శ్యాన్ గురించి డాన్ అఫ్ జస్టిస్,0.0,బాట్శాన్ సూపర్శ్యాన్ గురించి డాన్ అఫ్ జస్టిస్,0.0,బాట్శాన్ సూపర్శ్యాన్ గురించి డాన్ అఫ్ జస్టిస్
బిల్లును మరింత బలోపేతం చేసేందుకే తాము సెలెక్ట్ కమిటీకి పంపించాలని కోరుతున్నామని కాంగ్రెస్ తెలిపింది,0.0,బిల్ధును మరింత బలోపేతం చేసేందుకే తాము సెలెక్ట్ కమిటీకి పంపించాలని కోరుతున్పామని కాంగ్రెస్ తెలిపింది,0.0,బిల్ధును మరింత బలోపేతం చేసేందుకే తాము సెలెక్ట్ కమిటీకి పంపించాలని కోరుతున్పామని కాంగ్రెస్ తెలిపింది,0.0,బిల్గును మరింత బలోపేతం చేసేందుకే తాము సెలెక్ట్ కమిటీకి పంపించాలని కోరుతున్పామని కాంగ్రెస్ తెలిపింది,0.0,బిల్తును మరింత బలోపేతం చేసేందుకే తాము సెలెక్ట్ కమిటీకి పంపించాలని కోరుతున్పామని కాంగ్రెస్ తెలిపింది
ఆమె త్వరలోనే పెళ్లి చేసుకోబోతోంది,0.0,ఆమె త్యరలోనే పెళ్తి చేసుకోబోతోంది,0.0,ఆమె త్చరలోనే పెళ్తి చేసుకోబోతోంది,0.0,ఆమె త్యరలోనే పెళ్గి చేసుకోబోతోంది,0.0,ఆమె త్నరలోనే పెళ్ధి చేసుకోబోతోంది
యేసు జనన వృత్తాంతాన్ని వినగానే అనేకమంది క్రైస్తవేతరులు అలా అంటారు,0.0,యేసు జనన వృత్లాంతాన్వి వినగానే అనేకమంది క్రైస్లవేతరులు అలా అంటారు,0.0,యేసు జనన వృత్లాంతాన్పి వినగానే అనేకమంది క్రైస్లవేతరులు అలా అంటారు,0.0,యేసు జనన వృత్లాంతాన్పి వినగానే అనేకమంది క్రైస్లవేతరులు అలా అంటారు,0.0,యేసు జనన వృత్లాంతాన్వి వినగానే అనేకమంది క్రైస్లవేతరులు అలా అంటారు
కోర్సులు పూర్తి చేసిన తర్వాత ప్రతి విద్యార్థి పూర్తి ప్రమాణపత్రం అందుకుంటారు,0.0,కోర్వులు పూర్లి చేసిన తర్నాత ప్రతి విద్యార్థి పూర్లి ప్రమాణపత్రం అందుకుంటారు,0.0,కోర్చులు పూర్లి చేసిన తర్సాత ప్రతి విద్యార్థి పూర్లి ప్రమాణపత్రం అందుకుంటారు,0.0,కోర్వులు పూర్లి చేసిన తర్యాత ప్రతి విద్యార్థి పూర్లి ప్రమాణపత్రం అందుకుంటారు,0.0,కోర్పులు పూర్లి చేసిన తర్చాత ప్రతి విద్యార్థి పూర్లి ప్రమాణపత్రం అందుకుంటారు
అతని ప్రేమ కథ ఏంటి,0.0,అతని ప్రేమ కథ ఏంటి,0.0,అతని ప్రేమ కథ ఏంటి,0.0,అతని ప్రేమ కథ ఏంటి,0.0,అతని ప్రేమ కథ ఏంటి
టాటా జెస్ట్ ఎక్స్టిఏ సేఫ్టీ ఫీచర్లు,0.0,టాటా జెస్ట్ ఎక్న్టిఏ సేఫ్టీ ఫీచర్గు,0.0,టాటా జెస్ట్ ఎక్న్టిఏ సేఫ్టీ ఫీచర్తు,0.0,టాటా జెస్ట్ ఎక్చ్టిఏ సేఫ్టీ ఫీచర్గు,0.0,టాటా జెస్ట్ ఎక్వ్టిఏ సేఫ్టీ ఫీచర్ధు
వారికి సెలవులు లేవు,0.0,వారికి సెలవులు లేవు,0.0,వారికి సెలవులు లేవు,0.0,వారికి సెలవులు లేవు,0.0,వారికి సెలవులు లేవు
ఆమె పెళ్లి ఫిక్స్ అయింది,0.0,ఆమె పెళ్గి ఫిక్ప్ అయింది,0.0,ఆమె పెళ్గి ఫిక్వ్ అయింది,0.0,ఆమె పెళ్తి ఫిక్చ్ అయింది,0.0,ఆమె పెళ్తి ఫిక్న్ అయింది
వీడియో గేమ్ లో ఏమేమి ఉన్నాయి,0.0,వీడియో గేమ్ లో ఏమేమి ఉన్పాయి,0.0,వీడియో గేమ్ లో ఏమేమి ఉన్పాయి,0.0,వీడియో గేమ్ లో ఏమేమి ఉన్వాయి,0.0,వీడియో గేమ్ లో ఏమేమి ఉన్పాయి
గోడలు చెట్లు కూలి మీద పడడం వల్లే ఎక్కువ మంది మృత్యువాత పడ్డారు,0.0,గోడలు చెట్తు కూలి మీద పడడం వల్ధే ఎక్కువ మంది మృత్యువాత పడ్ధారు,0.0,గోడలు చెట్గు కూలి మీద పడడం వల్గే ఎక్కువ మంది మృత్యువాత పడ్ధారు,0.0,గోడలు చెట్తు కూలి మీద పడడం వల్గే ఎక్కువ మంది మృత్యువాత పడ్ధారు,0.0,గోడలు చెట్తు కూలి మీద పడడం వల్తే ఎక్కువ మంది మృత్యువాత పడ్దారు
శివ అంటే శుభప్రదమైనది మంగళకరమైనది,0.0,శివ అంటే శుభప్రదమైనది మంగళకరమైనది,0.0,శివ అంటే శుభప్రదమైనది మంగళకరమైనది,0.0,శివ అంటే శుభప్రదమైనది మంగళకరమైనది,0.0,శివ అంటే శుభప్రదమైనది మంగళకరమైనది
అధ్యయన ప్రశ్నలు,0.0,అధ్యయన ప్రశ్వలు,0.0,అధ్యయన ప్రశ్పలు,0.0,అధ్యయన ప్రశ్వలు,0.0,అధ్యయన ప్రశ్పలు
ఈ అంశాన్ని పార్టీ అధినేత వైఎస్ జగన్మోహన్రెడ్డి దృష్టికి తీసుకు వెళ్లామని వారు తెలిపారు,0.0,ఈ అంశాన్పి పార్టీ అధినేత వైఎస్ జగన్శోహన్రెడ్ధి దృష్టికి తీసుకు వెళ్తామని వారు తెలిపారు,0.0,ఈ అంశాన్వి పార్టీ అధినేత వైఎస్ జగన్శోహన్రెడ్ది దృష్టికి తీసుకు వెళ్తామని వారు తెలిపారు,0.0,ఈ అంశాన్పి పార్టీ అధినేత వైఎస్ జగన్శోహన్రెడ్ది దృష్టికి తీసుకు వెళ్గామని వారు తెలిపారు,0.0,ఈ అంశాన్పి పార్టీ అధినేత వైఎస్ జగన్శోహన్రెడ్ది దృష్టికి తీసుకు వెళ్ధామని వారు తెలిపారు
ఈ విషయమై తరచూ,0.0,ఈ విషయమై తరచూ,0.0,ఈ విషయమై తరచూ,0.0,ఈ విషయమై తరచూ,0.0,ఈ విషయమై తరచూ
దానికి ప్రతీకారంగా జైష్ ఎ మహ్మద్ ఉగ్రస్థావరాలపై భారత్ వైమానిక దాడులు చేసింది,0.0,దానికి ప్రతీకారంగా జైష్ ఎ మహ్శద్ ఉగ్రస్థావరాలపై భారత్ వైమానిక దాడులు చేసింది,0.0,దానికి ప్రతీకారంగా జైష్ ఎ మహ్శద్ ఉగ్రస్థావరాలపై భారత్ వైమానిక దాడులు చేసింది,0.0,దానికి ప్రతీకారంగా జైష్ ఎ మహ్శద్ ఉగ్రస్థావరాలపై భారత్ వైమానిక దాడులు చేసింది,0.0,దానికి ప్రతీకారంగా జైష్ ఎ మహ్శద్ ఉగ్రస్థావరాలపై భారత్ వైమానిక దాడులు చేసింది
ఈ విషయాన్ని ట్విట్టర్ ద్వారా వెల్లడించారు మంత్రి కేటీఆర్,0.0,ఈ విషయాన్వి ట్నిట్టర్ ద్చారా వెల్ధడించారు మంత్రి కేటీఆర్,0.0,ఈ విషయాన్పి ట్నిట్టర్ ద్సారా వెల్గడించారు మంత్రి కేటీఆర్,0.0,ఈ విషయాన్పి ట్నిట్టర్ ద్యారా వెల్ధడించారు మంత్రి కేటీఆర్,0.0,ఈ విషయాన్పి ట్నిట్టర్ ద్చారా వెల్తడించారు మంత్రి కేటీఆర్
ఇశ్రాయేలులో కొంతకాలంగా న్యాయాధిపతులు పరిపాలిస్తున్నారు ఆ సమయంలో ఇశ్రాయేలీయులు దుర్భర స్థితిలో ఉన్నారు,0.0,ఇశ్రాయేలులో కొంతకాలంగా న్యాయాధిపతులు పరిపాలిస్లున్పారు ఆ సమయంలో ఇశ్రాయేలీయులు దుర్భర స్థితిలో ఉన్పారు,0.0,ఇశ్రాయేలులో కొంతకాలంగా న్యాయాధిపతులు పరిపాలిస్లున్పారు ఆ సమయంలో ఇశ్రాయేలీయులు దుర్భర స్థితిలో ఉన్వారు,0.0,ఇశ్రాయేలులో కొంతకాలంగా న్యాయాధిపతులు పరిపాలిస్లున్వారు ఆ సమయంలో ఇశ్రాయేలీయులు దుర్భర స్థితిలో ఉన్వారు,0.0,ఇశ్రాయేలులో కొంతకాలంగా న్యాయాధిపతులు పరిపాలిస్లున్పారు ఆ సమయంలో ఇశ్రాయేలీయులు దుర్భర స్థితిలో ఉన్పారు
ఈ ప్రాంతం చుట్టూ కనిపించే కుమోని హిల్స్ ఈ ప్రాంతపు అందాలని రెట్టింపు చేస్తాయి,0.0,ఈ ప్రాంతం చుట్టూ కనిపించే కుమోని హిల్వ్ ఈ ప్రాంతపు అందాలని రెట్టింపు చేస్లాయి,0.0,ఈ ప్రాంతం చుట్టూ కనిపించే కుమోని హిల్ప్ ఈ ప్రాంతపు అందాలని రెట్టింపు చేస్లాయి,0.0,ఈ ప్రాంతం చుట్టూ కనిపించే కుమోని హిల్ప్ ఈ ప్రాంతపు అందాలని రెట్టింపు చేస్లాయి,0.0,ఈ ప్రాంతం చుట్టూ కనిపించే కుమోని హిల్ప్ ఈ ప్రాంతపు అందాలని రెట్టింపు చేస్లాయి
అయితే విదేశీ వలస కార్మికుల జమలు తగ్గుతాయి,0.0,అయితే విదేశీ వలస కార్శికుల జమలు తగ్ధుతాయి,0.0,అయితే విదేశీ వలస కార్శికుల జమలు తగ్ఠుతాయి,0.0,అయితే విదేశీ వలస కార్శికుల జమలు తగ్లుతాయి,0.0,అయితే విదేశీ వలస కార్శికుల జమలు తగ్లుతాయి
కాజల్ అగర్వాల్ అందాల చందమామ,0.0,కాజల్ అగర్నాల్ అందాల చందమామ,0.0,కాజల్ అగర్నాల్ అందాల చందమామ,0.0,కాజల్ అగర్చాల్ అందాల చందమామ,0.0,కాజల్ అగర్యాల్ అందాల చందమామ
లీగల్ కమర్షియల్,0.0,లీగల్ కమర్షియల్,0.0,లీగల్ కమర్షియల్,0.0,లీగల్ కమర్షియల్,0.0,లీగల్ కమర్షియల్
క్రీ శ లో బెంజాంటియం రోమన్ సామ్రాజ్యానికి రాజధానిని చేసి న్యూ రోం అని పేరు మార్చారు,0.0,క్రీ శ లో బెంజాంటియం రోమన్ సామ్రాజ్యానికి రాజధానిని చేసి న్యూ రోం అని పేరు మార్వారు,0.0,క్రీ శ లో బెంజాంటియం రోమన్ సామ్రాజ్యానికి రాజధానిని చేసి న్యూ రోం అని పేరు మార్సారు,0.0,క్రీ శ లో బెంజాంటియం రోమన్ సామ్రాజ్యానికి రాజధానిని చేసి న్యూ రోం అని పేరు మార్వారు,0.0,క్రీ శ లో బెంజాంటియం రోమన్ సామ్రాజ్యానికి రాజధానిని చేసి న్యూ రోం అని పేరు మార్వారు
యోగనందీశ్వర మరియు భోగ నందీశ్వర విగ్రహాలు ఈ దేవాలయంలో ప్రధాన దేవతలు,0.0,యోగనందీశ్పర మరియు భోగ నందీశ్చర విగ్రహాలు ఈ దేవాలయంలో ప్రధాన దేవతలు,0.0,యోగనందీశ్పర మరియు భోగ నందీశ్సర విగ్రహాలు ఈ దేవాలయంలో ప్రధాన దేవతలు,0.0,యోగనందీశ్చర మరియు భోగ నందీశ్యర విగ్రహాలు ఈ దేవాలయంలో ప్రధాన దేవతలు,0.0,యోగనందీశ్యర మరియు భోగ నందీశ్యర విగ్రహాలు ఈ దేవాలయంలో ప్రధాన దేవతలు
సో ప్రింటర్ దేనిని,0.0,సో ప్రింటర్ దేనిని,0.0,సో ప్రింటర్ దేనిని,0.0,సో ప్రింటర్ దేనిని,0.0,సో ప్రింటర్ దేనిని
వన్నీ ఆయన దగ్గరే నేర్చుకున్నా,0.0,వన్పీ ఆయన దగ్ధరే నేర్వుకున్పా,0.0,వన్వీ ఆయన దగ్ధరే నేర్వుకున్వా,0.0,వన్పీ ఆయన దగ్ధరే నేర్వుకున్వా,0.0,వన్వీ ఆయన దగ్ధరే నేర్సుకున్పా
దీంతో భారత మెడల్స్ సంఖ్య కి చేరింది,0.0,దీంతో భారత మెడల్ప్ సంఖ్య కి చేరింది,0.0,దీంతో భారత మెడల్వ్ సంఖ్య కి చేరింది,0.0,దీంతో భారత మెడల్చ్ సంఖ్య కి చేరింది,0.0,దీంతో భారత మెడల్చ్ సంఖ్య కి చేరింది
ప్రీచింగ్ ఎక్కువ చేయడం వల్ల మీరు బలం పొందుతారు మార్పులకు త్వరగా అలవాటుపడతారు,0.0,ప్రీచింగ్ ఎక్కువ చేయడం వల్గ మీరు బలం పొందుతారు మార్వులకు త్చరగా అలవాటుపడతారు,0.0,ప్రీచింగ్ ఎక్కువ చేయడం వల్ధ మీరు బలం పొందుతారు మార్వులకు త్చరగా అలవాటుపడతారు,0.0,ప్రీచింగ్ ఎక్కువ చేయడం వల్త మీరు బలం పొందుతారు మార్యులకు త్యరగా అలవాటుపడతారు,0.0,ప్రీచింగ్ ఎక్కువ చేయడం వల్గ మీరు బలం పొందుతారు మార్వులకు త్చరగా అలవాటుపడతారు
మొత్తం ఖాళీలను ప్రకటించింది,0.0,మొత్లం ఖాళీలను ప్రకటించింది,0.0,మొత్లం ఖాళీలను ప్రకటించింది,0.0,మొత్లం ఖాళీలను ప్రకటించింది,0.0,మొత్లం ఖాళీలను ప్రకటించింది
వరుసగా హిట్ మ్యూజిక్ ఇస్తున్న దేవిశ్రీ ప్రసాద్ ఈ చిత్రానికి సంగీతం అందిస్తున్నారు,0.0,వరుసగా హిట్ మ్యూజిక్ ఇస్లున్వ దేవిశ్రీ ప్రసాద్ ఈ చిత్రానికి సంగీతం అందిస్లున్పారు,0.0,వరుసగా హిట్ మ్యూజిక్ ఇస్లున్వ దేవిశ్రీ ప్రసాద్ ఈ చిత్రానికి సంగీతం అందిస్లున్వారు,0.0,వరుసగా హిట్ మ్యూజిక్ ఇస్లున్ప దేవిశ్రీ ప్రసాద్ ఈ చిత్రానికి సంగీతం అందిస్లున్వారు,0.0,వరుసగా హిట్ మ్యూజిక్ ఇస్లున్వ దేవిశ్రీ ప్రసాద్ ఈ చిత్రానికి సంగీతం అందిస్లున్వారు
కానీ భయపడటం లేదు అని రూపాలీ మీడియాతో పేర్కొంది,0.0,కానీ భయపడటం లేదు అని రూపాలీ మీడియాతో పేర్కొంది,0.0,కానీ భయపడటం లేదు అని రూపాలీ మీడియాతో పేర్కొంది,0.0,కానీ భయపడటం లేదు అని రూపాలీ మీడియాతో పేర్కొంది,0.0,కానీ భయపడటం లేదు అని రూపాలీ మీడియాతో పేర్కొంది
ఇప్పటికీ ఆయనంటే ఎంతో గౌరవం ప్రేమ,0.0,ఇప్వటికీ ఆయనంటే ఎంతో గౌరవం ప్రేమ,0.0,ఇప్వటికీ ఆయనంటే ఎంతో గౌరవం ప్రేమ,0.0,ఇప్సటికీ ఆయనంటే ఎంతో గౌరవం ప్రేమ,0.0,ఇప్వటికీ ఆయనంటే ఎంతో గౌరవం ప్రేమ
ీనిని చాలా మంది చూశారని తెలిపారు,0.0,ీనిని చాలా మంది చూశారని తెలిపారు,0.0,ీనిని చాలా మంది చూశారని తెలిపారు,0.0,ీనిని చాలా మంది చూశారని తెలిపారు,0.0,ీనిని చాలా మంది చూశారని తెలిపారు
ఒక ద్రోహి ఒక బద్ధకం ఒక కుక్క పిల్ల,0.0,ఒక ద్రోహి ఒక బద్లకం ఒక కుక్క పిల్త,0.0,ఒక ద్రోహి ఒక బద్లకం ఒక కుక్క పిల్ధ,0.0,ఒక ద్రోహి ఒక బద్దకం ఒక కుక్క పిల్త,0.0,ఒక ద్రోహి ఒక బద్గకం ఒక కుక్క పిల్ధ
మీరు లిఫ్ట్ బరువులు కాదు,0.0,మీరు లిఫ్ట్ బరువులు కాదు,0.0,మీరు లిఫ్ట్ బరువులు కాదు,0.0,మీరు లిఫ్ట్ బరువులు కాదు,0.0,మీరు లిఫ్ట్ బరువులు కాదు
వాటి రూపు కూడా మారిపోతుంది దాంతో అవి కూడా అత్యంత అందమైన అరణ్యవాసులుగా తయారౌతాయి,0.0,వాటి రూపు కూడా మారిపోతుంది దాంతో అవి కూడా అత్యంత అందమైన అరణ్యవాసులుగా తయారౌతాయి,0.0,వాటి రూపు కూడా మారిపోతుంది దాంతో అవి కూడా అత్యంత అందమైన అరణ్యవాసులుగా తయారౌతాయి,0.0,వాటి రూపు కూడా మారిపోతుంది దాంతో అవి కూడా అత్యంత అందమైన అరణ్యవాసులుగా తయారౌతాయి,0.0,వాటి రూపు కూడా మారిపోతుంది దాంతో అవి కూడా అత్యంత అందమైన అరణ్యవాసులుగా తయారౌతాయి
పార్వన్ నది ఒడ్డున ఉన్న ఈ స్థలం దేవాలయాలకు ప్రసిద్ది చెందింది,0.0,పార్చన్ నది ఒడ్ధున ఉన్ప ఈ స్థలం దేవాలయాలకు ప్రసిద్డి చెందింది,0.0,పార్సన్ నది ఒడ్ధున ఉన్వ ఈ స్థలం దేవాలయాలకు ప్రసిద్డి చెందింది,0.0,పార్పన్ నది ఒడ్దున ఉన్వ ఈ స్థలం దేవాలయాలకు ప్రసిద్డి చెందింది,0.0,పార్సన్ నది ఒడ్ధున ఉన్ప ఈ స్థలం దేవాలయాలకు ప్రసిద్డి చెందింది
ఈ కోర్సు యొక్క సగటు డేటా,0.0,ఈ కోర్వు యొక్క సగటు డేటా,0.0,ఈ కోర్వు యొక్క సగటు డేటా,0.0,ఈ కోర్పు యొక్క సగటు డేటా,0.0,ఈ కోర్పు యొక్క సగటు డేటా
గుజరాత్కు చెందిన సూరత్ నియోజకవర్గంకు చెందిన బీజేపీమహిళా ఎంపీ దర్శన విక్రమ్ జర్దోష్ ఎక్కువ ఓట్ల తేడాతో నెగ్గారు,0.0,గుజరాత్కు చెందిన సూరత్ నియోజకవర్ధంకు చెందిన బీజేపీమహిళా ఎంపీ దర్మన విక్రమ్ జర్ధోష్ ఎక్కువ ఓట్త తేడాతో నెగ్లారు,0.0,గుజరాత్కు చెందిన సూరత్ నియోజకవర్లంకు చెందిన బీజేపీమహిళా ఎంపీ దర్మన విక్రమ్ జర్ ోష్ ఎక్కువ ఓట్ధ తేడాతో నెగ్ఠారు,0.0,గుజరాత్కు చెందిన సూరత్ నియోజకవర్లంకు చెందిన బీజేపీమహిళా ఎంపీ దర్మన విక్రమ్ జర్డోష్ ఎక్కువ ఓట్ధ తేడాతో నెగ్ఠారు,0.0,గుజరాత్కు చెందిన సూరత్ నియోజకవర్ఠంకు చెందిన బీజేపీమహిళా ఎంపీ దర్మన విక్రమ్ జర్డోష్ ఎక్కువ ఓట్గ తేడాతో నెగ్ధారు
ప్రాథమిక కార్యాచరణ లక్షణాలు,0.0,ప్రాథమిక కార్యాచరణ లక్షణాలు,0.0,ప్రాథమిక కార్యాచరణ లక్షణాలు,0.0,ప్రాథమిక కార్యాచరణ లక్షణాలు,0.0,ప్రాథమిక కార్యాచరణ లక్షణాలు
గుజరాత్లో ముఖ్యమంత్రిగా నాడు నరేంద్ర మోడీ చేసింది ఇదే,0.0,గుజరాత్తో ముఖ్యమంత్రిగా నాడు నరేంద్ర మోడీ చేసింది ఇదే,0.0,గుజరాత్ధో ముఖ్యమంత్రిగా నాడు నరేంద్ర మోడీ చేసింది ఇదే,0.0,గుజరాత్ధో ముఖ్యమంత్రిగా నాడు నరేంద్ర మోడీ చేసింది ఇదే,0.0,గుజరాత్గో ముఖ్యమంత్రిగా నాడు నరేంద్ర మోడీ చేసింది ఇదే
దేహదార్ఢ్య పరీక్షలు,0.0,దేహదార్ఢ్య పరీక్షలు,0.0,దేహదార్ఢ్య పరీక్షలు,0.0,దేహదార్ఢ్య పరీక్షలు,0.0,దేహదార్ఢ్య పరీక్షలు
మా పట్ల చక్కగా శ్రద్ధ వహించడానికి గాను ఆమె పెళ్ళి చేసుకోకూడదని నిర్ణయించుకుంది,0.0,మా పట్గ చక్కగా శ్రద్ల వహించడానికి గాను ఆమె పెళ్ళి చేసుకోకూడదని నిర్ణయించుకుంది,0.0,మా పట్ధ చక్కగా శ్రద్గ వహించడానికి గాను ఆమె పెళ్ళి చేసుకోకూడదని నిర్ణయించుకుంది,0.0,మా పట్ధ చక్కగా శ్రద్ద వహించడానికి గాను ఆమె పెళ్ళి చేసుకోకూడదని నిర్ణయించుకుంది,0.0,మా పట్గ చక్కగా శ్రద్ల వహించడానికి గాను ఆమె పెళ్ళి చేసుకోకూడదని నిర్ణయించుకుంది
పాములు ఎందుకు భయపడ్డారు,0.0,పాములు ఎందుకు భయపడ్ధారు,0.0,పాములు ఎందుకు భయపడ్దారు,0.0,పాములు ఎందుకు భయపడ్ధారు,0.0,పాములు ఎందుకు భయపడ్ధారు
ఇతను వాళ్ల అమ్మమ్మ ఇంటికి తరుచుగా వెళ్లేవాడు,0.0,ఇతను వాళ్త అమ్శమ్శ ఇంటికి తరుచుగా వెళ్ధేవాడు,0.0,ఇతను వాళ్గ అమ్శమ్శ ఇంటికి తరుచుగా వెళ్గేవాడు,0.0,ఇతను వాళ్గ అమ్శమ్శ ఇంటికి తరుచుగా వెళ్గేవాడు,0.0,ఇతను వాళ్గ అమ్శమ్శ ఇంటికి తరుచుగా వెళ్ధేవాడు
పైగా నిజంగా ఇదేమైనా కొత్త కథా అంటే అదీ కాదు,0.0,పైగా నిజంగా ఇదేమైనా కొత్ల కథా అంటే అదీ కాదు,0.0,పైగా నిజంగా ఇదేమైనా కొత్ల కథా అంటే అదీ కాదు,0.0,పైగా నిజంగా ఇదేమైనా కొత్ల కథా అంటే అదీ కాదు,0.0,పైగా నిజంగా ఇదేమైనా కొత్ల కథా అంటే అదీ కాదు
నోరు జారకండి,0.0,నోరు జారకండి,0.0,నోరు జారకండి,0.0,నోరు జారకండి,0.0,నోరు జారకండి
బుల్లితెరపై ప్రసారమయ్యే బిగ్ బాస్ షో తెలుగు ప్రేక్షకులను ఎంతగానో ఆకట్టుకున్న సంగతి తెలిసిందే,0.0,బుల్గితెరపై ప్రసారమయ్యే బిగ్ బాస్ షో తెలుగు ప్రేక్షకులను ఎంతగానో ఆకట్టుకున్ప సంగతి తెలిసిందే,0.0,బుల్గితెరపై ప్రసారమయ్యే బిగ్ బాస్ షో తెలుగు ప్రేక్షకులను ఎంతగానో ఆకట్టుకున్వ సంగతి తెలిసిందే,0.0,బుల్తితెరపై ప్రసారమయ్యే బిగ్ బాస్ షో తెలుగు ప్రేక్షకులను ఎంతగానో ఆకట్టుకున్వ సంగతి తెలిసిందే,0.0,బుల్గితెరపై ప్రసారమయ్యే బిగ్ బాస్ షో తెలుగు ప్రేక్షకులను ఎంతగానో ఆకట్టుకున్ప సంగతి తెలిసిందే
ఆయన గెలుపు చాలా ప్రత్యేకమైందే,0.0,ఆయన గెలుపు చాలా ప్రత్యేకమైందే,0.0,ఆయన గెలుపు చాలా ప్రత్యేకమైందే,0.0,ఆయన గెలుపు చాలా ప్రత్యేకమైందే,0.0,ఆయన గెలుపు చాలా ప్రత్యేకమైందే
ముఖ్యమంత్రి కేసీఆర్ ఈ మేరకు ఇవాళ అసెంబ్లీ కార్యదర్శి అధికారులతో సమావేశమయ్యారు,0.0,ముఖ్యమంత్రి కేసీఆర్ ఈ మేరకు ఇవాళ అసెంబ్ధీ కార్యదర్మి అధికారులతో సమావేశమయ్యారు,0.0,ముఖ్యమంత్రి కేసీఆర్ ఈ మేరకు ఇవాళ అసెంబ్తీ కార్యదర్మి అధికారులతో సమావేశమయ్యారు,0.0,ముఖ్యమంత్రి కేసీఆర్ ఈ మేరకు ఇవాళ అసెంబ్గీ కార్యదర్మి అధికారులతో సమావేశమయ్యారు,0.0,ముఖ్యమంత్రి కేసీఆర్ ఈ మేరకు ఇవాళ అసెంబ్తీ కార్యదర్మి అధికారులతో సమావేశమయ్యారు
చాలా వరకు ఆన్లైన్కే మొగ్గు చూపుతున్నారు,0.0,చాలా వరకు ఆన్తైన్కే మొగ్ఠు చూపుతున్పారు,0.0,చాలా వరకు ఆన్తైన్కే మొగ్ధు చూపుతున్పారు,0.0,చాలా వరకు ఆన్గైన్కే మొగ్ఠు చూపుతున్వారు,0.0,చాలా వరకు ఆన్తైన్కే మొగ్లు చూపుతున్వారు
ఇక్కడ అటువంటి అద్భుతాలేవీ జరగలేదు,0.0,ఇక్కడ అటువంటి అద్భుతాలేవీ జరగలేదు,0.0,ఇక్కడ అటువంటి అద్భుతాలేవీ జరగలేదు,0.0,ఇక్కడ అటువంటి అద్భుతాలేవీ జరగలేదు,0.0,ఇక్కడ అటువంటి అద్భుతాలేవీ జరగలేదు
హరికృష్ణకు మూడో గెలుపు,0.0,హరికృష్ణకు మూడో గెలుపు,0.0,హరికృష్ణకు మూడో గెలుపు,0.0,హరికృష్ణకు మూడో గెలుపు,0.0,హరికృష్ణకు మూడో గెలుపు
లెక్క తేలాల్సిందే మోదీ సర్కార్ సంచలన నిర్ణయం,0.0,లెక్క తేలాల్విందే మోదీ సర్కార్ సంచలన నిర్ణయం,0.0,లెక్క తేలాల్విందే మోదీ సర్కార్ సంచలన నిర్ణయం,0.0,లెక్క తేలాల్పిందే మోదీ సర్కార్ సంచలన నిర్ణయం,0.0,లెక్క తేలాల్విందే మోదీ సర్కార్ సంచలన నిర్ణయం
సదరన్ ఎయిర్ కమాండ్ ఆధ్వర్యంలో సులూర్ నుంచి బయలుదేరిన మొదటి ఎల్సిఎ తేజస్ స్క్వాడ్రన్ను కార్యాచరణలో భాగంగా మోహరించినట్టు వెల్లడించాయి,0.0,సదరన్ ఎయిర్ కమాండ్ ఆధ్యర్యంలో సులూర్ నుంచి బయలుదేరిన మొదటి ఎల్చిఎ తేజస్ స్క్సాడ్రన్పు కార్యాచరణలో భాగంగా మోహరించినట్టు వెల్గడించాయి,0.0,సదరన్ ఎయిర్ కమాండ్ ఆధ్యర్యంలో సులూర్ నుంచి బయలుదేరిన మొదటి ఎల్చిఎ తేజస్ స్క్నాడ్రన్వు కార్యాచరణలో భాగంగా మోహరించినట్టు వెల్తడించాయి,0.0,సదరన్ ఎయిర్ కమాండ్ ఆధ్పర్యంలో సులూర్ నుంచి బయలుదేరిన మొదటి ఎల్విఎ తేజస్ స్క్యాడ్రన్పు కార్యాచరణలో భాగంగా మోహరించినట్టు వెల్ధడించాయి,0.0,సదరన్ ఎయిర్ కమాండ్ ఆధ్సర్యంలో సులూర్ నుంచి బయలుదేరిన మొదటి ఎల్విఎ తేజస్ స్క్సాడ్రన్వు కార్యాచరణలో భాగంగా మోహరించినట్టు వెల్తడించాయి
ఏ వ్యాక్సిన్కు ఎంత సమయం,0.0,ఏ వ్యాక్విన్కు ఎంత సమయం,0.0,ఏ వ్యాక్నిన్కు ఎంత సమయం,0.0,ఏ వ్యాక్పిన్కు ఎంత సమయం,0.0,ఏ వ్యాక్నిన్కు ఎంత సమయం
రూ ధరల్లో బెస్ట్ బడ్జెట్ ఫ్రెండ్లీ స్మార్ట్ఫోన్లు,0.0,రూ ధరల్ధో బెస్ట్ బడ్జెట్ ఫ్రెండ్ధీ స్శార్ట్ఫోన్గు,0.0,రూ ధరల్ధో బెస్ట్ బడ్జెట్ ఫ్రెండ్ధీ స్శార్ట్ఫోన్తు,0.0,రూ ధరల్ధో బెస్ట్ బడ్జెట్ ఫ్రెండ్తీ స్శార్ట్ఫోన్తు,0.0,రూ ధరల్తో బెస్ట్ బడ్జెట్ ఫ్రెండ్తీ స్శార్ట్ఫోన్గు
మూన్ ప్రజల భావోద్వేగాలను ప్రభావితం చేస్తుందని మాకు తెలుసు,0.0,మూన్ ప్రజల భావోద్పేగాలను ప్రభావితం చేస్లుందని మాకు తెలుసు,0.0,మూన్ ప్రజల భావోద్చేగాలను ప్రభావితం చేస్లుందని మాకు తెలుసు,0.0,మూన్ ప్రజల భావోద్నేగాలను ప్రభావితం చేస్లుందని మాకు తెలుసు,0.0,మూన్ ప్రజల భావోద్సేగాలను ప్రభావితం చేస్లుందని మాకు తెలుసు
వారి స్నేహం కోసం ఎలాంటి ప్రయత్నం చేయరు,0.0,వారి స్వేహం కోసం ఎలాంటి ప్రయత్వం చేయరు,0.0,వారి స్వేహం కోసం ఎలాంటి ప్రయత్వం చేయరు,0.0,వారి స్పేహం కోసం ఎలాంటి ప్రయత్పం చేయరు,0.0,వారి స్పేహం కోసం ఎలాంటి ప్రయత్వం చేయరు
వారిలో మరో ఇద్దరి పరిస్థితి విషమంగా ఉన్నట్లు తెలుస్తోంది,0.0,వారిలో మరో ఇద్డరి పరిస్థితి విషమంగా ఉన్పట్తు తెలుస్లోంది,0.0,వారిలో మరో ఇద్ రి పరిస్థితి విషమంగా ఉన్వట్ధు తెలుస్లోంది,0.0,వారిలో మరో ఇద్ రి పరిస్థితి విషమంగా ఉన్వట్గు తెలుస్లోంది,0.0,వారిలో మరో ఇద్డరి పరిస్థితి విషమంగా ఉన్వట్ధు తెలుస్లోంది
పాన్ ఇండియా,0.0,పాన్ ఇండియా,0.0,పాన్ ఇండియా,0.0,పాన్ ఇండియా,0.0,పాన్ ఇండియా
ఈ రివిజన్ ను తొలగించు,0.0,ఈ రివిజన్ ను తొలగించు,0.0,ఈ రివిజన్ ను తొలగించు,0.0,ఈ రివిజన్ ను తొలగించు,0.0,ఈ రివిజన్ ను తొలగించు
నేను బయట పడనివ్వలేదు,0.0,నేను బయట పడనివ్నలేదు,0.0,నేను బయట పడనివ్పలేదు,0.0,నేను బయట పడనివ్నలేదు,0.0,నేను బయట పడనివ్పలేదు
నేను పెరుగుతున్నాను,0.0,నేను పెరుగుతున్పాను,0.0,నేను పెరుగుతున్పాను,0.0,నేను పెరుగుతున్పాను,0.0,నేను పెరుగుతున్పాను
మరణం తర్వాత ఆత్మ ఎక్కడకు వెళ్తుంది,0.0,మరణం తర్నాత ఆత్శ ఎక్కడకు వెళ్లుంది,0.0,మరణం తర్నాత ఆత్శ ఎక్కడకు వెళ్లుంది,0.0,మరణం తర్పాత ఆత్శ ఎక్కడకు వెళ్లుంది,0.0,మరణం తర్సాత ఆత్శ ఎక్కడకు వెళ్లుంది
భారతదేశం గొప్పదేశం అయితే దేశానికి కులం ఒక దరిద్రం,0.0,భారతదేశం గొప్యదేశం అయితే దేశానికి కులం ఒక దరిద్రం,0.0,భారతదేశం గొప్వదేశం అయితే దేశానికి కులం ఒక దరిద్రం,0.0,భారతదేశం గొప్నదేశం అయితే దేశానికి కులం ఒక దరిద్రం,0.0,భారతదేశం గొప్యదేశం అయితే దేశానికి కులం ఒక దరిద్రం
ఆయన కూడా వెతకడం మొదలుపెట్టారు,0.0,ఆయన కూడా వెతకడం మొదలుపెట్టారు,0.0,ఆయన కూడా వెతకడం మొదలుపెట్టారు,0.0,ఆయన కూడా వెతకడం మొదలుపెట్టారు,0.0,ఆయన కూడా వెతకడం మొదలుపెట్టారు
కోట్లకు చేరింది,0.0,కోట్ధకు చేరింది,0.0,కోట్తకు చేరింది,0.0,కోట్ధకు చేరింది,0.0,కోట్గకు చేరింది
తాజాగా ప్రధాని మోదీ స్వయంగా ఈ విషయమై క్లారిటీ ఇచ్చారు,0.0,తాజాగా ప్రధాని మోదీ స్చయంగా ఈ విషయమై క్తారిటీ ఇచ్సారు,0.0,తాజాగా ప్రధాని మోదీ స్నయంగా ఈ విషయమై క్గారిటీ ఇచ్వారు,0.0,తాజాగా ప్రధాని మోదీ స్యయంగా ఈ విషయమై క్తారిటీ ఇచ్వారు,0.0,తాజాగా ప్రధాని మోదీ స్చయంగా ఈ విషయమై క్తారిటీ ఇచ్వారు
తాగా ఈ సినిమా నుండి ఒక కొత్త పోస్టర్ను విడుదల చేశారు,0.0,తాగా ఈ సినిమా నుండి ఒక కొత్ల పోస్టర్వు విడుదల చేశారు,0.0,తాగా ఈ సినిమా నుండి ఒక కొత్ల పోస్టర్పు విడుదల చేశారు,0.0,తాగా ఈ సినిమా నుండి ఒక కొత్ల పోస్టర్పు విడుదల చేశారు,0.0,తాగా ఈ సినిమా నుండి ఒక కొత్ల పోస్టర్వు విడుదల చేశారు
పార్థియను సామ్రాజ్యంలో రాజు శక్తి పెద్ద ఎస్టేట్లను పరిపాలించిన గొప్ప కుటుంబాల మద్దతు మీద ఆధారపడింది,0.0,పార్థియను సామ్రాజ్యంలో రాజు శక్లి పెద్ధ ఎస్టేట్తను పరిపాలించిన గొప్య కుటుంబాల మద్ధతు మీద ఆధారపడింది,0.0,పార్థియను సామ్రాజ్యంలో రాజు శక్లి పెద్  ఎస్టేట్ధను పరిపాలించిన గొప్వ కుటుంబాల మద్డతు మీద ఆధారపడింది,0.0,పార్థియను సామ్రాజ్యంలో రాజు శక్లి పెద్ధ ఎస్టేట్గను పరిపాలించిన గొప్న కుటుంబాల మద్ తు మీద ఆధారపడింది,0.0,పార్థియను సామ్రాజ్యంలో రాజు శక్లి పెద్ధ ఎస్టేట్తను పరిపాలించిన గొప్న కుటుంబాల మద్ తు మీద ఆధారపడింది
దానిగురించి వదలేయండి,0.0,దానిగురించి వదలేయండి,0.0,దానిగురించి వదలేయండి,0.0,దానిగురించి వదలేయండి,0.0,దానిగురించి వదలేయండి
వీరిద్దరూ బాల్య స్నేహితులు,0.0,వీరిద్ధరూ బాల్య స్పేహితులు,0.0,వీరిద్డరూ బాల్య స్పేహితులు,0.0,వీరిద్ధరూ బాల్య స్వేహితులు,0.0,వీరిద్ రూ బాల్య స్పేహితులు
ఇంగ్లాండ్ వేదికగా జరిగిన వన్డే ప్రపంచకప్ సెమీస్లో ఓటమి పాలైన తర్వాత ధోనీ నిరవధిక విరామం తీసుకున్న సంగతి తెలిసిందే,0.0,ఇంగ్తాండ్ వేదికగా జరిగిన వన్దే ప్రపంచకప్ సెమీస్గో ఓటమి పాలైన తర్పాత ధోనీ నిరవధిక విరామం తీసుకున్ప సంగతి తెలిసిందే,0.0,ఇంగ్ధాండ్ వేదికగా జరిగిన వన్దే ప్రపంచకప్ సెమీస్గో ఓటమి పాలైన తర్చాత ధోనీ నిరవధిక విరామం తీసుకున్వ సంగతి తెలిసిందే,0.0,ఇంగ్ధాండ్ వేదికగా జరిగిన వన్ధే ప్రపంచకప్ సెమీస్గో ఓటమి పాలైన తర్యాత ధోనీ నిరవధిక విరామం తీసుకున్వ సంగతి తెలిసిందే,0.0,ఇంగ్ధాండ్ వేదికగా జరిగిన వన్దే ప్రపంచకప్ సెమీస్ధో ఓటమి పాలైన తర్నాత ధోనీ నిరవధిక విరామం తీసుకున్ప సంగతి తెలిసిందే
చాలామంది ఆయన ఆహ్వానాన్ని అంగీకరించి ఆయనతోపాటు ప్రకటించడం ప్రారంభించారు,0.0,చాలామంది ఆయన ఆహ్సానాన్వి అంగీకరించి ఆయనతోపాటు ప్రకటించడం ప్రారంభించారు,0.0,చాలామంది ఆయన ఆహ్పానాన్వి అంగీకరించి ఆయనతోపాటు ప్రకటించడం ప్రారంభించారు,0.0,చాలామంది ఆయన ఆహ్చానాన్వి అంగీకరించి ఆయనతోపాటు ప్రకటించడం ప్రారంభించారు,0.0,చాలామంది ఆయన ఆహ్నానాన్వి అంగీకరించి ఆయనతోపాటు ప్రకటించడం ప్రారంభించారు
నిజమైన హీరోలకు తమ జెర్సీల వెనుక పేర్లుండవు,0.0,నిజమైన హీరోలకు తమ జెర్పీల వెనుక పేర్ధుండవు,0.0,నిజమైన హీరోలకు తమ జెర్వీల వెనుక పేర్గుండవు,0.0,నిజమైన హీరోలకు తమ జెర్వీల వెనుక పేర్గుండవు,0.0,నిజమైన హీరోలకు తమ జెర్పీల వెనుక పేర్ధుండవు
ఆ సమస్యను ఎన్ని,0.0,ఆ సమస్యను ఎన్వి,0.0,ఆ సమస్యను ఎన్వి,0.0,ఆ సమస్యను ఎన్వి,0.0,ఆ సమస్యను ఎన్వి
వీరిద్దరూ కలిసి రెండో వికెట్కి పరుగుల భారీ భాగస్వామ్యాన్ని నెలకొల్పారు,0.0,వీరిద్ధరూ కలిసి రెండో వికెట్కి పరుగుల భారీ భాగస్యామ్యాన్వి నెలకొల్సారు,0.0,వీరిద్డరూ కలిసి రెండో వికెట్కి పరుగుల భారీ భాగస్సామ్యాన్వి నెలకొల్నారు,0.0,వీరిద్ రూ కలిసి రెండో వికెట్కి పరుగుల భారీ భాగస్నామ్యాన్వి నెలకొల్నారు,0.0,వీరిద్ధరూ కలిసి రెండో వికెట్కి పరుగుల భారీ భాగస్నామ్యాన్పి నెలకొల్వారు
దయచేసి వేచివుండండి,0.0,దయచేసి వేచివుండండి,0.0,దయచేసి వేచివుండండి,0.0,దయచేసి వేచివుండండి,0.0,దయచేసి వేచివుండండి
నాలుగు రాష్ట్రాలకు కేంద్రం ఉన్నతస్థాయి బృందాలు,0.0,నాలుగు రాష్ట్రాలకు కేంద్రం ఉన్వతస్థాయి బృందాలు,0.0,నాలుగు రాష్ట్రాలకు కేంద్రం ఉన్వతస్థాయి బృందాలు,0.0,నాలుగు రాష్ట్రాలకు కేంద్రం ఉన్వతస్థాయి బృందాలు,0.0,నాలుగు రాష్ట్రాలకు కేంద్రం ఉన్వతస్థాయి బృందాలు
అంతరించిపోతున్న గ్రామీణ క్రీడలు,0.0,అంతరించిపోతున్ప గ్రామీణ క్రీడలు,0.0,అంతరించిపోతున్వ గ్రామీణ క్రీడలు,0.0,అంతరించిపోతున్వ గ్రామీణ క్రీడలు,0.0,అంతరించిపోతున్ప గ్రామీణ క్రీడలు
ఆమెతో పాటు సల్మాన్ సోదరుడు సోహెల్ ఖాన్ తల్లి సల్మా కూడా ఉన్నారు,0.0,ఆమెతో పాటు సల్శాన్ సోదరుడు సోహెల్ ఖాన్ తల్తి సల్శా కూడా ఉన్వారు,0.0,ఆమెతో పాటు సల్శాన్ సోదరుడు సోహెల్ ఖాన్ తల్ధి సల్శా కూడా ఉన్పారు,0.0,ఆమెతో పాటు సల్శాన్ సోదరుడు సోహెల్ ఖాన్ తల్గి సల్శా కూడా ఉన్వారు,0.0,ఆమెతో పాటు సల్శాన్ సోదరుడు సోహెల్ ఖాన్ తల్ధి సల్శా కూడా ఉన్వారు
ఈ ప్రమాదంలో బస్సులో ప్రయాణిస్తున్న ఎనిమిది మందికి స్వల్ప గాయాలు అయ్యాయి,0.0,ఈ ప్రమాదంలో బస్పులో ప్రయాణిస్లున్ప ఎనిమిది మందికి స్నల్వ గాయాలు అయ్యాయి,0.0,ఈ ప్రమాదంలో బస్నులో ప్రయాణిస్లున్ప ఎనిమిది మందికి స్నల్య గాయాలు అయ్యాయి,0.0,ఈ ప్రమాదంలో బస్చులో ప్రయాణిస్లున్వ ఎనిమిది మందికి స్చల్న గాయాలు అయ్యాయి,0.0,ఈ ప్రమాదంలో బస్నులో ప్రయాణిస్లున్వ ఎనిమిది మందికి స్నల్వ గాయాలు అయ్యాయి
దీనిపై పోలీసులు ముందస్తు జాగ్రత్తలు తీసుకున్నారు,0.0,దీనిపై పోలీసులు ముందస్లు జాగ్రత్లలు తీసుకున్వారు,0.0,దీనిపై పోలీసులు ముందస్లు జాగ్రత్లలు తీసుకున్పారు,0.0,దీనిపై పోలీసులు ముందస్లు జాగ్రత్లలు తీసుకున్పారు,0.0,దీనిపై పోలీసులు ముందస్లు జాగ్రత్లలు తీసుకున్పారు
ఒకేలా ఉండేవారు,0.0,ఒకేలా ఉండేవారు,0.0,ఒకేలా ఉండేవారు,0.0,ఒకేలా ఉండేవారు,0.0,ఒకేలా ఉండేవారు
పరీక్ష రాయనిస్తాం అని తెలిపారు,0.0,పరీక్ష రాయనిస్లాం అని తెలిపారు,0.0,పరీక్ష రాయనిస్లాం అని తెలిపారు,0.0,పరీక్ష రాయనిస్లాం అని తెలిపారు,0.0,పరీక్ష రాయనిస్లాం అని తెలిపారు
కొన్నిచోట్ల విద్యుత్ తీగలు తెగి పోయాయి,0.0,కొన్పిచోట్గ విద్యుత్ తీగలు తెగి పోయాయి,0.0,కొన్విచోట్ధ విద్యుత్ తీగలు తెగి పోయాయి,0.0,కొన్విచోట్ధ విద్యుత్ తీగలు తెగి పోయాయి,0.0,కొన్విచోట్ధ విద్యుత్ తీగలు తెగి పోయాయి
ఉంటే మాతోటి ఉండాలె,0.0,ఉంటే మాతోటి ఉండాలె,0.0,ఉంటే మాతోటి ఉండాలె,0.0,ఉంటే మాతోటి ఉండాలె,0.0,ఉంటే మాతోటి ఉండాలె
ఈ దుర్ఘటనకు సంబందించిన వివరాలిలు కింది విదంగా ఉన్నాయి,0.0,ఈ దుర్ఘటనకు సంబందించిన వివరాలిలు కింది విదంగా ఉన్వాయి,0.0,ఈ దుర్ఘటనకు సంబందించిన వివరాలిలు కింది విదంగా ఉన్వాయి,0.0,ఈ దుర్ఘటనకు సంబందించిన వివరాలిలు కింది విదంగా ఉన్పాయి,0.0,ఈ దుర్ఘటనకు సంబందించిన వివరాలిలు కింది విదంగా ఉన్వాయి
సాధారణంగా ఇటువంటి స్వభావం లో ఉనికిలో లేదు,0.0,సాధారణంగా ఇటువంటి స్పభావం లో ఉనికిలో లేదు,0.0,సాధారణంగా ఇటువంటి స్యభావం లో ఉనికిలో లేదు,0.0,సాధారణంగా ఇటువంటి స్నభావం లో ఉనికిలో లేదు,0.0,సాధారణంగా ఇటువంటి స్యభావం లో ఉనికిలో లేదు
ఈ సందర్భంలో గాను చర్య ఈ కింది విధంగా ఉంటుంది,0.0,ఈ సందర్భంలో గాను చర్య ఈ కింది విధంగా ఉంటుంది,0.0,ఈ సందర్భంలో గాను చర్య ఈ కింది విధంగా ఉంటుంది,0.0,ఈ సందర్భంలో గాను చర్య ఈ కింది విధంగా ఉంటుంది,0.0,ఈ సందర్భంలో గాను చర్య ఈ కింది విధంగా ఉంటుంది
మొదటి ఇంద్రధనుస్సులో వృత్తం పై భాగంలో ఎరుపు లోపలి భాగంలో ఊదా రంగులో ఉంటాయి,0.0,మొదటి ఇంద్రధనుస్చులో వృత్లం పై భాగంలో ఎరుపు లోపలి భాగంలో ఊదా రంగులో ఉంటాయి,0.0,మొదటి ఇంద్రధనుస్నులో వృత్లం పై భాగంలో ఎరుపు లోపలి భాగంలో ఊదా రంగులో ఉంటాయి,0.0,మొదటి ఇంద్రధనుస్చులో వృత్లం పై భాగంలో ఎరుపు లోపలి భాగంలో ఊదా రంగులో ఉంటాయి,0.0,మొదటి ఇంద్రధనుస్వులో వృత్లం పై భాగంలో ఎరుపు లోపలి భాగంలో ఊదా రంగులో ఉంటాయి
ఆరు మెట్రో స్టేషన్లను మూసివేశారు,0.0,ఆరు మెట్రో స్టేషన్గను మూసివేశారు,0.0,ఆరు మెట్రో స్టేషన్ధను మూసివేశారు,0.0,ఆరు మెట్రో స్టేషన్తను మూసివేశారు,0.0,ఆరు మెట్రో స్టేషన్ధను మూసివేశారు
వ్యాపార కోసం,0.0,వ్యాపార కోసం,0.0,వ్యాపార కోసం,0.0,వ్యాపార కోసం,0.0,వ్యాపార కోసం
సాంకేతిక కారణాలతో దీన్ని తిరస్కరించవచ్చు,0.0,సాంకేతిక కారణాలతో దీన్వి తిరస్కరించవచ్సు,0.0,సాంకేతిక కారణాలతో దీన్పి తిరస్కరించవచ్సు,0.0,సాంకేతిక కారణాలతో దీన్వి తిరస్కరించవచ్వు,0.0,సాంకేతిక కారణాలతో దీన్వి తిరస్కరించవచ్సు
తయారీ రంగానికి సంబంధించిన పీఎంఐ గణాంకాలు ఈ వారం వెలువడాల్సి వుంది,0.0,తయారీ రంగానికి సంబంధించిన పీఎంఐ గణాంకాలు ఈ వారం వెలువడాల్పి వుంది,0.0,తయారీ రంగానికి సంబంధించిన పీఎంఐ గణాంకాలు ఈ వారం వెలువడాల్చి వుంది,0.0,తయారీ రంగానికి సంబంధించిన పీఎంఐ గణాంకాలు ఈ వారం వెలువడాల్పి వుంది,0.0,తయారీ రంగానికి సంబంధించిన పీఎంఐ గణాంకాలు ఈ వారం వెలువడాల్వి వుంది
ఇది హిమాలయ పర్వత ప్రాంతంలో కారకోరం శ్రేణి లో ఉంది,0.0,ఇది హిమాలయ పర్చత ప్రాంతంలో కారకోరం శ్రేణి లో ఉంది,0.0,ఇది హిమాలయ పర్సత ప్రాంతంలో కారకోరం శ్రేణి లో ఉంది,0.0,ఇది హిమాలయ పర్చత ప్రాంతంలో కారకోరం శ్రేణి లో ఉంది,0.0,ఇది హిమాలయ పర్సత ప్రాంతంలో కారకోరం శ్రేణి లో ఉంది
అనే విషయాలను తెలుసుకుందాం,0.0,అనే విషయాలను తెలుసుకుందాం,0.0,అనే విషయాలను తెలుసుకుందాం,0.0,అనే విషయాలను తెలుసుకుందాం,0.0,అనే విషయాలను తెలుసుకుందాం
మణిరత్నం సినిమా,0.0,మణిరత్పం సినిమా,0.0,మణిరత్పం సినిమా,0.0,మణిరత్పం సినిమా,0.0,మణిరత్వం సినిమా
మూటలు మోసిన ఇంటర్నేషనల్ క్రిమినల్,0.0,మూటలు మోసిన ఇంటర్వేషనల్ క్రిమినల్,0.0,మూటలు మోసిన ఇంటర్పేషనల్ క్రిమినల్,0.0,మూటలు మోసిన ఇంటర్పేషనల్ క్రిమినల్,0.0,మూటలు మోసిన ఇంటర్పేషనల్ క్రిమినల్
మారుతి సియాజ్ ఫేస్లిఫ్ట్లో చోటు చేసుకుంటున్న అతి పెద్ద మార్పు సరికొత్త పెట్రోల్ ఇంజన్ పరిచయం అవ్వడం,0.0,మారుతి సియాజ్ ఫేస్తిఫ్ట్ధో చోటు చేసుకుంటున్ప అతి పెద్  మార్సు సరికొత్ల పెట్రోల్ ఇంజన్ పరిచయం అవ్నడం,0.0,మారుతి సియాజ్ ఫేస్ధిఫ్ట్తో చోటు చేసుకుంటున్ప అతి పెద్  మార్యు సరికొత్ల పెట్రోల్ ఇంజన్ పరిచయం అవ్నడం,0.0,మారుతి సియాజ్ ఫేస్గిఫ్ట్గో చోటు చేసుకుంటున్ప అతి పెద్  మార్ను సరికొత్ల పెట్రోల్ ఇంజన్ పరిచయం అవ్చడం,0.0,మారుతి సియాజ్ ఫేస్తిఫ్ట్గో చోటు చేసుకుంటున్ప అతి పెద్ధ మార్సు సరికొత్ల పెట్రోల్ ఇంజన్ పరిచయం అవ్సడం
దినం తద్దినం ఏంటోయ్,0.0,దినం తద్ధినం ఏంటోయ్,0.0,దినం తద్ ినం ఏంటోయ్,0.0,దినం తద్ధినం ఏంటోయ్,0.0,దినం తద్ధినం ఏంటోయ్
బాలీవుడ్ నటుడు సైఫ్ అలీ ఖాన్ కుమార్తె యువ నటి సారా అలీ ఖాన్ చార్మినార్ వద్ద సందడి చేసింది,0.0,బాలీవుడ్ నటుడు సైఫ్ అలీ ఖాన్ కుమార్లె యువ నటి సారా అలీ ఖాన్ చార్శినార్ వద్  సందడి చేసింది,0.0,బాలీవుడ్ నటుడు సైఫ్ అలీ ఖాన్ కుమార్లె యువ నటి సారా అలీ ఖాన్ చార్శినార్ వద్  సందడి చేసింది,0.0,బాలీవుడ్ నటుడు సైఫ్ అలీ ఖాన్ కుమార్లె యువ నటి సారా అలీ ఖాన్ చార్శినార్ వద్డ సందడి చేసింది,0.0,బాలీవుడ్ నటుడు సైఫ్ అలీ ఖాన్ కుమార్లె యువ నటి సారా అలీ ఖాన్ చార్శినార్ వద్డ సందడి చేసింది
ఏమిటి,0.0,ఏమిటి,0.0,ఏమిటి,0.0,ఏమిటి,0.0,ఏమిటి
ల్యాండ్ రోవర్ రేంజ్ రోవర్ వెలార్ ఎస్యూవీ ఫోటోలను వీక్షించండి,0.0,ల్యాండ్ రోవర్ రేంజ్ రోవర్ వెలార్ ఎస్యూవీ ఫోటోలను వీక్షించండి,0.0,ల్యాండ్ రోవర్ రేంజ్ రోవర్ వెలార్ ఎస్యూవీ ఫోటోలను వీక్షించండి,0.0,ల్యాండ్ రోవర్ రేంజ్ రోవర్ వెలార్ ఎస్యూవీ ఫోటోలను వీక్షించండి,0.0,ల్యాండ్ రోవర్ రేంజ్ రోవర్ వెలార్ ఎస్యూవీ ఫోటోలను వీక్షించండి
అమరావతి టిడిపి అధినేత చంద్రబాబు నాయుడుపై వైయస్ఆర్సిపి నేత విజయసాయిరెడ్డి విమర్శలు గుప్పించారు,0.0,అమరావతి టిడిపి అధినేత చంద్రబాబు నాయుడుపై వైయస్ఆర్పిపి నేత విజయసాయిరెడ్ది విమర్మలు గుప్వించారు,0.0,అమరావతి టిడిపి అధినేత చంద్రబాబు నాయుడుపై వైయస్ఆర్పిపి నేత విజయసాయిరెడ్ది విమర్మలు గుప్వించారు,0.0,అమరావతి టిడిపి అధినేత చంద్రబాబు నాయుడుపై వైయస్ఆర్చిపి నేత విజయసాయిరెడ్ది విమర్మలు గుప్వించారు,0.0,అమరావతి టిడిపి అధినేత చంద్రబాబు నాయుడుపై వైయస్ఆర్పిపి నేత విజయసాయిరెడ్ధి విమర్మలు గుప్యించారు
ఆరంభ లాభాలను స్వల్పంగా పుంజుకున్నప్పటికీ ఇన్ఫోసిస్ టీసీఎస్ టెక్ మహీంద్రా హెచ్సిఎల్ టెక్ ఈ రోజు సెన్సెక్స్ నష్టాల్లో అగ్రస్థానంలో ఉన్నాయి,0.0,ఆరంభ లాభాలను స్చల్వంగా పుంజుకున్పప్నటికీ ఇన్ఫోసిస్ టీసీఎస్ టెక్ మహీంద్రా హెచ్నిఎల్ టెక్ ఈ రోజు సెన్నెక్ప్ నష్టాల్ధో అగ్రస్థానంలో ఉన్వాయి,0.0,ఆరంభ లాభాలను స్చల్నంగా పుంజుకున్వప్వటికీ ఇన్ఫోసిస్ టీసీఎస్ టెక్ మహీంద్రా హెచ్చిఎల్ టెక్ ఈ రోజు సెన్వెక్ప్ నష్టాల్ధో అగ్రస్థానంలో ఉన్వాయి,0.0,ఆరంభ లాభాలను స్యల్సంగా పుంజుకున్వప్సటికీ ఇన్ఫోసిస్ టీసీఎస్ టెక్ మహీంద్రా హెచ్పిఎల్ టెక్ ఈ రోజు సెన్వెక్వ్ నష్టాల్తో అగ్రస్థానంలో ఉన్వాయి,0.0,ఆరంభ లాభాలను స్చల్వంగా పుంజుకున్పప్నటికీ ఇన్ఫోసిస్ టీసీఎస్ టెక్ మహీంద్రా హెచ్చిఎల్ టెక్ ఈ రోజు సెన్పెక్చ్ నష్టాల్తో అగ్రస్థానంలో ఉన్పాయి
ఆ మేరకు పరిహారం కూడా మంజూరు చేశారు,0.0,ఆ మేరకు పరిహారం కూడా మంజూరు చేశారు,0.0,ఆ మేరకు పరిహారం కూడా మంజూరు చేశారు,0.0,ఆ మేరకు పరిహారం కూడా మంజూరు చేశారు,0.0,ఆ మేరకు పరిహారం కూడా మంజూరు చేశారు
దేశంలోనే అతి పెద్ద నగరాల్లో ఒకటైన చెన్నైలో నీటి సమస్య ఏర్పడింది,0.0,దేశంలోనే అతి పెద్ధ నగరాల్తో ఒకటైన చెన్పైలో నీటి సమస్య ఏర్సడింది,0.0,దేశంలోనే అతి పెద్డ నగరాల్ధో ఒకటైన చెన్పైలో నీటి సమస్య ఏర్యడింది,0.0,దేశంలోనే అతి పెద్ధ నగరాల్తో ఒకటైన చెన్వైలో నీటి సమస్య ఏర్వడింది,0.0,దేశంలోనే అతి పెద్  నగరాల్ధో ఒకటైన చెన్వైలో నీటి సమస్య ఏర్వడింది
హోటల్ లో చాలా గదులు రెండు అతిధుల కోసం రూపొందించబడ్డాయి,0.0,హోటల్ లో చాలా గదులు రెండు అతిధుల కోసం రూపొందించబడ్ధాయి,0.0,హోటల్ లో చాలా గదులు రెండు అతిధుల కోసం రూపొందించబడ్ధాయి,0.0,హోటల్ లో చాలా గదులు రెండు అతిధుల కోసం రూపొందించబడ్దాయి,0.0,హోటల్ లో చాలా గదులు రెండు అతిధుల కోసం రూపొందించబడ్దాయి
కాజల్ అగర్వాల్ హీరోయిన్ గా నటిస్తున్న ఈ సినిమాకి బాబి దర్శకత్వం వహిస్తున్నాడు,0.0,కాజల్ అగర్నాల్ హీరోయిన్ గా నటిస్లున్ప ఈ సినిమాకి బాబి దర్మకత్యం వహిస్లున్పాడు,0.0,కాజల్ అగర్చాల్ హీరోయిన్ గా నటిస్లున్ప ఈ సినిమాకి బాబి దర్మకత్నం వహిస్లున్పాడు,0.0,కాజల్ అగర్యాల్ హీరోయిన్ గా నటిస్లున్ప ఈ సినిమాకి బాబి దర్మకత్నం వహిస్లున్వాడు,0.0,కాజల్ అగర్చాల్ హీరోయిన్ గా నటిస్లున్వ ఈ సినిమాకి బాబి దర్మకత్సం వహిస్లున్వాడు
నటుడిగా వివిధ భాషలలో రెండు వందల పైచిలుకు చిత్రాల్లో నటించాడు,0.0,నటుడిగా వివిధ భాషలలో రెండు వందల పైచిలుకు చిత్రాల్తో నటించాడు,0.0,నటుడిగా వివిధ భాషలలో రెండు వందల పైచిలుకు చిత్రాల్తో నటించాడు,0.0,నటుడిగా వివిధ భాషలలో రెండు వందల పైచిలుకు చిత్రాల్ధో నటించాడు,0.0,నటుడిగా వివిధ భాషలలో రెండు వందల పైచిలుకు చిత్రాల్ధో నటించాడు
ఆ సమావేశం తర్వాత ఆయన ప్రవర్తన మరింత ఘోరంగా మారింది,0.0,ఆ సమావేశం తర్చాత ఆయన ప్రవర్లన మరింత ఘోరంగా మారింది,0.0,ఆ సమావేశం తర్నాత ఆయన ప్రవర్లన మరింత ఘోరంగా మారింది,0.0,ఆ సమావేశం తర్యాత ఆయన ప్రవర్లన మరింత ఘోరంగా మారింది,0.0,ఆ సమావేశం తర్నాత ఆయన ప్రవర్లన మరింత ఘోరంగా మారింది
కర్ణాటకలో ఇప్పుడు ఎన్నికలు జరిగితే కాంగ్రెస్ జేడీఎస్ కూటమి ఎక్కువ స్థానాలను గెలుచుకుంటుంది,0.0,కర్ణాటకలో ఇప్నుడు ఎన్పికలు జరిగితే కాంగ్రెస్ జేడీఎస్ కూటమి ఎక్కువ స్థానాలను గెలుచుకుంటుంది,0.0,కర్ణాటకలో ఇప్వుడు ఎన్వికలు జరిగితే కాంగ్రెస్ జేడీఎస్ కూటమి ఎక్కువ స్థానాలను గెలుచుకుంటుంది,0.0,కర్ణాటకలో ఇప్వుడు ఎన్పికలు జరిగితే కాంగ్రెస్ జేడీఎస్ కూటమి ఎక్కువ స్థానాలను గెలుచుకుంటుంది,0.0,కర్ణాటకలో ఇప్వుడు ఎన్వికలు జరిగితే కాంగ్రెస్ జేడీఎస్ కూటమి ఎక్కువ స్థానాలను గెలుచుకుంటుంది
రోళ్లపాడి అభయారణ్యం విభిన్న జంతుజాల జాతులకు నిలయం,0.0,రోళ్ధపాడి అభయారణ్యం విభిన్వ జంతుజాల జాతులకు నిలయం,0.0,రోళ్ధపాడి అభయారణ్యం విభిన్వ జంతుజాల జాతులకు నిలయం,0.0,రోళ్గపాడి అభయారణ్యం విభిన్వ జంతుజాల జాతులకు నిలయం,0.0,రోళ్గపాడి అభయారణ్యం విభిన్వ జంతుజాల జాతులకు నిలయం
వీటి విలువ సుమారు కోట్లుగా నిర్ధారించారు,0.0,వీటి విలువ సుమారు కోట్ధుగా నిర్దారించారు,0.0,వీటి విలువ సుమారు కోట్గుగా నిర్లారించారు,0.0,వీటి విలువ సుమారు కోట్తుగా నిర్డారించారు,0.0,వీటి విలువ సుమారు కోట్ధుగా నిర్దారించారు
సమానత్వం ఒక హక్కే కావచ్చు కానీ భూమ్మీద ఉన్న ఏ ప్రభుత్వము దాన్ని ఎన్నటికీ వాస్తవం చేయలేదు,0.0,సమానత్చం ఒక హక్కే కావచ్సు కానీ భూమ్శీద ఉన్ప ఏ ప్రభుత్సము దాన్పి ఎన్వటికీ వాస్లవం చేయలేదు,0.0,సమానత్చం ఒక హక్కే కావచ్వు కానీ భూమ్శీద ఉన్వ ఏ ప్రభుత్పము దాన్పి ఎన్వటికీ వాస్లవం చేయలేదు,0.0,సమానత్సం ఒక హక్కే కావచ్వు కానీ భూమ్శీద ఉన్ప ఏ ప్రభుత్యము దాన్వి ఎన్పటికీ వాస్లవం చేయలేదు,0.0,సమానత్యం ఒక హక్కే కావచ్సు కానీ భూమ్శీద ఉన్వ ఏ ప్రభుత్సము దాన్పి ఎన్పటికీ వాస్లవం చేయలేదు
ఇది మాకు చాలా ఆశ్చర్యాన్ని కలిగించింది,0.0,ఇది మాకు చాలా ఆశ్వర్యాన్వి కలిగించింది,0.0,ఇది మాకు చాలా ఆశ్సర్యాన్పి కలిగించింది,0.0,ఇది మాకు చాలా ఆశ్వర్యాన్వి కలిగించింది,0.0,ఇది మాకు చాలా ఆశ్సర్యాన్వి కలిగించింది
అంబర్ పాలకులు పృథ్వీరాజ్ చౌహాన్ సైన్యంలో సైనికాధికారులుగా తరువాత బాబరు ఆధ్వర్యంలోని మొఘలుల మీద రాణాసంగా నాయకత్వంలోనూ పోరాడారు,0.0,అంబర్ పాలకులు పృథ్చీరాజ్ చౌహాన్ సైన్యంలో సైనికాధికారులుగా తరువాత బాబరు ఆధ్సర్యంలోని మొఘలుల మీద రాణాసంగా నాయకత్నంలోనూ పోరాడారు,0.0,అంబర్ పాలకులు పృథ్చీరాజ్ చౌహాన్ సైన్యంలో సైనికాధికారులుగా తరువాత బాబరు ఆధ్పర్యంలోని మొఘలుల మీద రాణాసంగా నాయకత్చంలోనూ పోరాడారు,0.0,అంబర్ పాలకులు పృథ్చీరాజ్ చౌహాన్ సైన్యంలో సైనికాధికారులుగా తరువాత బాబరు ఆధ్యర్యంలోని మొఘలుల మీద రాణాసంగా నాయకత్సంలోనూ పోరాడారు,0.0,అంబర్ పాలకులు పృథ్పీరాజ్ చౌహాన్ సైన్యంలో సైనికాధికారులుగా తరువాత బాబరు ఆధ్నర్యంలోని మొఘలుల మీద రాణాసంగా నాయకత్చంలోనూ పోరాడారు
ఇది సవివరమైన పుస్తకం,0.0,ఇది సవివరమైన పుస్లకం,0.0,ఇది సవివరమైన పుస్లకం,0.0,ఇది సవివరమైన పుస్లకం,0.0,ఇది సవివరమైన పుస్లకం
ఎప్పుడూ ఫోన్లో మాట్లాడటమేనా,0.0,ఎప్యుడూ ఫోన్తో మాట్తాడటమేనా,0.0,ఎప్వుడూ ఫోన్గో మాట్ధాడటమేనా,0.0,ఎప్నుడూ ఫోన్ధో మాట్తాడటమేనా,0.0,ఎప్యుడూ ఫోన్తో మాట్తాడటమేనా
అభివృద్ధి కి పేదల కు వారి కి దక్కవలసింది ఇచ్చే శక్తి ఉంది,0.0,అభివృద్లి కి పేదల కు వారి కి దక్కవలసింది ఇచ్వే శక్లి ఉంది,0.0,అభివృద్ది కి పేదల కు వారి కి దక్కవలసింది ఇచ్వే శక్లి ఉంది,0.0,అభివృద్గి కి పేదల కు వారి కి దక్కవలసింది ఇచ్సే శక్లి ఉంది,0.0,అభివృద్లి కి పేదల కు వారి కి దక్కవలసింది ఇచ్వే శక్లి ఉంది
పూర్తి వివరాలు త్వరలో వెళ్లడయ్యే అవకాశాలున్నాయి,0.0,పూర్లి వివరాలు త్సరలో వెళ్గడయ్యే అవకాశాలున్పాయి,0.0,పూర్లి వివరాలు త్సరలో వెళ్ధడయ్యే అవకాశాలున్వాయి,0.0,పూర్లి వివరాలు త్యరలో వెళ్గడయ్యే అవకాశాలున్వాయి,0.0,పూర్లి వివరాలు త్యరలో వెళ్ధడయ్యే అవకాశాలున్వాయి
ఇది అన్ని ఆరోగ్య రోగి స్థితి పై ఆధారపడి ఉంటుంది,0.0,ఇది అన్వి ఆరోగ్య రోగి స్థితి పై ఆధారపడి ఉంటుంది,0.0,ఇది అన్వి ఆరోగ్య రోగి స్థితి పై ఆధారపడి ఉంటుంది,0.0,ఇది అన్పి ఆరోగ్య రోగి స్థితి పై ఆధారపడి ఉంటుంది,0.0,ఇది అన్పి ఆరోగ్య రోగి స్థితి పై ఆధారపడి ఉంటుంది
డోర్సే క్షమాపణ తెలపాలని డిమాండ్ చేశారు,0.0,డోర్చే క్షమాపణ తెలపాలని డిమాండ్ చేశారు,0.0,డోర్వే క్షమాపణ తెలపాలని డిమాండ్ చేశారు,0.0,డోర్నే క్షమాపణ తెలపాలని డిమాండ్ చేశారు,0.0,డోర్చే క్షమాపణ తెలపాలని డిమాండ్ చేశారు
వాటిని మనవాళ్లు ఏక్సెప్ట్ చేయలేరు,0.0,వాటిని మనవాళ్తు ఏక్వెప్ట్ చేయలేరు,0.0,వాటిని మనవాళ్ధు ఏక్నెప్ట్ చేయలేరు,0.0,వాటిని మనవాళ్గు ఏక్చెప్ట్ చేయలేరు,0.0,వాటిని మనవాళ్ధు ఏక్వెప్ట్ చేయలేరు
ఆయనను వెంటనే ఢిల్లీలోని ఆర్ఎల్ఎం ఆసుపత్రికి తరలించారు,0.0,ఆయనను వెంటనే ఢిల్ధీలోని ఆర్ఎల్ఎం ఆసుపత్రికి తరలించారు,0.0,ఆయనను వెంటనే ఢిల్తీలోని ఆర్ఎల్ఎం ఆసుపత్రికి తరలించారు,0.0,ఆయనను వెంటనే ఢిల్గీలోని ఆర్ఎల్ఎం ఆసుపత్రికి తరలించారు,0.0,ఆయనను వెంటనే ఢిల్గీలోని ఆర్ఎల్ఎం ఆసుపత్రికి తరలించారు
కోలి మరియు ఇతరులు,0.0,కోలి మరియు ఇతరులు,0.0,కోలి మరియు ఇతరులు,0.0,కోలి మరియు ఇతరులు,0.0,కోలి మరియు ఇతరులు
నిరోధపు జాబితాను మార్చు,0.0,నిరోధపు జాబితాను మార్సు,0.0,నిరోధపు జాబితాను మార్సు,0.0,నిరోధపు జాబితాను మార్వు,0.0,నిరోధపు జాబితాను మార్వు
వర్షపు నీరు స్వచ్ఛమైనది,0.0,వర్షపు నీరు స్యచ్ఛమైనది,0.0,వర్షపు నీరు స్యచ్ఛమైనది,0.0,వర్షపు నీరు స్చచ్ఛమైనది,0.0,వర్షపు నీరు స్నచ్ఛమైనది
మాండ్య నుంచి కర్ణాటక ముఖ్యమంత్రి హెచ్డీి కుమారస్వామి కుమారుడు నటుడు నిఖిల్ కూడా పోటీచేయడంతో మాండ్యలో పోటీ రసవత్తరంగా మారింది,0.0,మాండ్య నుంచి కర్ణాటక ముఖ్యమంత్రి హెచ్ధీి కుమారస్యామి కుమారుడు నటుడు నిఖిల్ కూడా పోటీచేయడంతో మాండ్యలో పోటీ రసవత్లరంగా మారింది,0.0,మాండ్య నుంచి కర్ణాటక ముఖ్యమంత్రి హెచ్దీి కుమారస్సామి కుమారుడు నటుడు నిఖిల్ కూడా పోటీచేయడంతో మాండ్యలో పోటీ రసవత్లరంగా మారింది,0.0,మాండ్య నుంచి కర్ణాటక ముఖ్యమంత్రి హెచ్ధీి కుమారస్పామి కుమారుడు నటుడు నిఖిల్ కూడా పోటీచేయడంతో మాండ్యలో పోటీ రసవత్లరంగా మారింది,0.0,మాండ్య నుంచి కర్ణాటక ముఖ్యమంత్రి హెచ్దీి కుమారస్సామి కుమారుడు నటుడు నిఖిల్ కూడా పోటీచేయడంతో మాండ్యలో పోటీ రసవత్లరంగా మారింది
చీమలు వెనిగర్ వాసనను ఇష్టపడవు,0.0,చీమలు వెనిగర్ వాసనను ఇష్టపడవు,0.0,చీమలు వెనిగర్ వాసనను ఇష్టపడవు,0.0,చీమలు వెనిగర్ వాసనను ఇష్టపడవు,0.0,చీమలు వెనిగర్ వాసనను ఇష్టపడవు
ఈ నేపథ్యంలో హార్భజన్ సింగ్ స్పందించాడు,0.0,ఈ నేపథ్యంలో హార్భజన్ సింగ్ స్నందించాడు,0.0,ఈ నేపథ్యంలో హార్భజన్ సింగ్ స్యందించాడు,0.0,ఈ నేపథ్యంలో హార్భజన్ సింగ్ స్వందించాడు,0.0,ఈ నేపథ్యంలో హార్భజన్ సింగ్ స్సందించాడు
తంతి అంటే టెలిగ్రామ్ అని నాకు చెప్పారు,0.0,తంతి అంటే టెలిగ్రామ్ అని నాకు చెప్వారు,0.0,తంతి అంటే టెలిగ్రామ్ అని నాకు చెప్సారు,0.0,తంతి అంటే టెలిగ్రామ్ అని నాకు చెప్నారు,0.0,తంతి అంటే టెలిగ్రామ్ అని నాకు చెప్వారు
ప్రజలు వివిధ సమస్యలపై ఫిర్యాదు చేశారు,0.0,ప్రజలు వివిధ సమస్యలపై ఫిర్యాదు చేశారు,0.0,ప్రజలు వివిధ సమస్యలపై ఫిర్యాదు చేశారు,0.0,ప్రజలు వివిధ సమస్యలపై ఫిర్యాదు చేశారు,0.0,ప్రజలు వివిధ సమస్యలపై ఫిర్యాదు చేశారు
ఇంట్లో ఐసోలేషన్కేంద్రాల్లో మంది ఉన్నారు,0.0,ఇంట్తో ఐసోలేషన్కేంద్రాల్తో మంది ఉన్వారు,0.0,ఇంట్గో ఐసోలేషన్కేంద్రాల్గో మంది ఉన్పారు,0.0,ఇంట్ధో ఐసోలేషన్కేంద్రాల్తో మంది ఉన్వారు,0.0,ఇంట్ధో ఐసోలేషన్కేంద్రాల్ధో మంది ఉన్పారు
ముంబై కేంద్ర ఆర్థికమంత్రి నిర్మలా సీతారామన్ బడ్జెట్ ప్రవేశపెట్టిన అనంతరం రూ,0.0,ముంబై కేంద్ర ఆర్థికమంత్రి నిర్శలా సీతారామన్ బడ్జెట్ ప్రవేశపెట్టిన అనంతరం రూ,0.0,ముంబై కేంద్ర ఆర్థికమంత్రి నిర్శలా సీతారామన్ బడ్జెట్ ప్రవేశపెట్టిన అనంతరం రూ,0.0,ముంబై కేంద్ర ఆర్థికమంత్రి నిర్శలా సీతారామన్ బడ్జెట్ ప్రవేశపెట్టిన అనంతరం రూ,0.0,ముంబై కేంద్ర ఆర్థికమంత్రి నిర్శలా సీతారామన్ బడ్జెట్ ప్రవేశపెట్టిన అనంతరం రూ
షేరె కశ్మీర్ ఇంటర్నేషనల్ కన్వెన్షన్ సెంటర్ లో ఈ కార్యక్రమం జరిగింది,0.0,షేరె కశ్శీర్ ఇంటర్వేషనల్ కన్పెన్షన్ సెంటర్ లో ఈ కార్యక్రమం జరిగింది,0.0,షేరె కశ్శీర్ ఇంటర్పేషనల్ కన్యెన్షన్ సెంటర్ లో ఈ కార్యక్రమం జరిగింది,0.0,షేరె కశ్శీర్ ఇంటర్వేషనల్ కన్యెన్షన్ సెంటర్ లో ఈ కార్యక్రమం జరిగింది,0.0,షేరె కశ్శీర్ ఇంటర్పేషనల్ కన్సెన్షన్ సెంటర్ లో ఈ కార్యక్రమం జరిగింది
కాగా పంజాబ్ నేషనల్ బ్యాంకులో మోసానికి పాల్పడిన నీరవ్ మోదీపై విచారణ కొనసాగుతోన్న విషయం తెలిసిందే,0.0,కాగా పంజాబ్ నేషనల్ బ్యాంకులో మోసానికి పాల్వడిన నీరవ్ మోదీపై విచారణ కొనసాగుతోన్ప విషయం తెలిసిందే,0.0,కాగా పంజాబ్ నేషనల్ బ్యాంకులో మోసానికి పాల్నడిన నీరవ్ మోదీపై విచారణ కొనసాగుతోన్ప విషయం తెలిసిందే,0.0,కాగా పంజాబ్ నేషనల్ బ్యాంకులో మోసానికి పాల్యడిన నీరవ్ మోదీపై విచారణ కొనసాగుతోన్వ విషయం తెలిసిందే,0.0,కాగా పంజాబ్ నేషనల్ బ్యాంకులో మోసానికి పాల్యడిన నీరవ్ మోదీపై విచారణ కొనసాగుతోన్ప విషయం తెలిసిందే
కోట్లను అధిగమించింది,0.0,కోట్గను అధిగమించింది,0.0,కోట్గను అధిగమించింది,0.0,కోట్ధను అధిగమించింది,0.0,కోట్తను అధిగమించింది
వీళ్లలో ఎక్కువ మంది దివ్యాంగులే ఉన్నారు,0.0,వీళ్గలో ఎక్కువ మంది దివ్యాంగులే ఉన్వారు,0.0,వీళ్తలో ఎక్కువ మంది దివ్యాంగులే ఉన్వారు,0.0,వీళ్తలో ఎక్కువ మంది దివ్యాంగులే ఉన్పారు,0.0,వీళ్గలో ఎక్కువ మంది దివ్యాంగులే ఉన్పారు
జాతీయ స్థాయి రికవరీ రేటు ఈరోజు శాతంగా ఉ ంది,0.0,జాతీయ స్థాయి రికవరీ రేటు ఈరోజు శాతంగా ఉ ంది,0.0,జాతీయ స్థాయి రికవరీ రేటు ఈరోజు శాతంగా ఉ ంది,0.0,జాతీయ స్థాయి రికవరీ రేటు ఈరోజు శాతంగా ఉ ంది,0.0,జాతీయ స్థాయి రికవరీ రేటు ఈరోజు శాతంగా ఉ ంది
బాలీవుడ్ హీరో సుశాంత్ సింగ్ రాజ్పుత్ ఆత్మహత్య కేసులో వెలుగుచూసిన డ్రగ్స్ వ్యవహారం బాలీవుడ్ను షేక్ చేస్తోంది,0.0,బాలీవుడ్ హీరో సుశాంత్ సింగ్ రాజ్సుత్ ఆత్శహత్య కేసులో వెలుగుచూసిన డ్రగ్న్ వ్యవహారం బాలీవుడ్వు షేక్ చేస్లోంది,0.0,బాలీవుడ్ హీరో సుశాంత్ సింగ్ రాజ్వుత్ ఆత్శహత్య కేసులో వెలుగుచూసిన డ్రగ్చ్ వ్యవహారం బాలీవుడ్పు షేక్ చేస్లోంది,0.0,బాలీవుడ్ హీరో సుశాంత్ సింగ్ రాజ్సుత్ ఆత్శహత్య కేసులో వెలుగుచూసిన డ్రగ్ప్ వ్యవహారం బాలీవుడ్వు షేక్ చేస్లోంది,0.0,బాలీవుడ్ హీరో సుశాంత్ సింగ్ రాజ్నుత్ ఆత్శహత్య కేసులో వెలుగుచూసిన డ్రగ్చ్ వ్యవహారం బాలీవుడ్వు షేక్ చేస్లోంది
తెలంగాణ ప్రభుత్వం ఆధ్వర్యంలో ప్రపంచ తెలుగు మహాసభలు,0.0,తెలంగాణ ప్రభుత్పం ఆధ్యర్యంలో ప్రపంచ తెలుగు మహాసభలు,0.0,తెలంగాణ ప్రభుత్పం ఆధ్యర్యంలో ప్రపంచ తెలుగు మహాసభలు,0.0,తెలంగాణ ప్రభుత్చం ఆధ్యర్యంలో ప్రపంచ తెలుగు మహాసభలు,0.0,తెలంగాణ ప్రభుత్నం ఆధ్యర్యంలో ప్రపంచ తెలుగు మహాసభలు
మానవత్వమే చచ్చిపోయింది,0.0,మానవత్సమే చచ్విపోయింది,0.0,మానవత్నమే చచ్విపోయింది,0.0,మానవత్పమే చచ్విపోయింది,0.0,మానవత్యమే చచ్విపోయింది
రైల్వే బడ్జెట్ ముఖ్యంశాలు,0.0,రైల్సే బడ్జెట్ ముఖ్యంశాలు,0.0,రైల్సే బడ్జెట్ ముఖ్యంశాలు,0.0,రైల్చే బడ్జెట్ ముఖ్యంశాలు,0.0,రైల్చే బడ్జెట్ ముఖ్యంశాలు
పోడు భూములకు పట్టాలిచ్చి రైతులకు హక్కులు కల్పించాలని కోరారు,0.0,పోడు భూములకు పట్టాలిచ్వి రైతులకు హక్కులు కల్వించాలని కోరారు,0.0,పోడు భూములకు పట్టాలిచ్వి రైతులకు హక్కులు కల్సించాలని కోరారు,0.0,పోడు భూములకు పట్టాలిచ్సి రైతులకు హక్కులు కల్నించాలని కోరారు,0.0,పోడు భూములకు పట్టాలిచ్సి రైతులకు హక్కులు కల్నించాలని కోరారు
పదం ప్రపంచం,0.0,పదం ప్రపంచం,0.0,పదం ప్రపంచం,0.0,పదం ప్రపంచం,0.0,పదం ప్రపంచం
నన్నెందుకు మోసం చేశావ్,0.0,నన్వెందుకు మోసం చేశావ్,0.0,నన్వెందుకు మోసం చేశావ్,0.0,నన్వెందుకు మోసం చేశావ్,0.0,నన్పెందుకు మోసం చేశావ్
కేంద్ర హోం శాఖ మంత్రి అమిత్ షా తీర్పును స్వాగతించారు,0.0,కేంద్ర హోం శాఖ మంత్రి అమిత్ షా తీర్వును స్పాగతించారు,0.0,కేంద్ర హోం శాఖ మంత్రి అమిత్ షా తీర్సును స్నాగతించారు,0.0,కేంద్ర హోం శాఖ మంత్రి అమిత్ షా తీర్యును స్యాగతించారు,0.0,కేంద్ర హోం శాఖ మంత్రి అమిత్ షా తీర్యును స్చాగతించారు
ఆపై కాలినడక మొదలవుతుంది,0.0,ఆపై కాలినడక మొదలవుతుంది,0.0,ఆపై కాలినడక మొదలవుతుంది,0.0,ఆపై కాలినడక మొదలవుతుంది,0.0,ఆపై కాలినడక మొదలవుతుంది
సినిమాను మధ్యలోనే నిలిపివేయించారు,0.0,సినిమాను మధ్యలోనే నిలిపివేయించారు,0.0,సినిమాను మధ్యలోనే నిలిపివేయించారు,0.0,సినిమాను మధ్యలోనే నిలిపివేయించారు,0.0,సినిమాను మధ్యలోనే నిలిపివేయించారు
దర్శకుడిగా సుకుమార్ అల్లుఅర్జున్ కాంబినేషన్ లో వచ్చిన సినిమా ఆర్య,0.0,దర్మకుడిగా సుకుమార్ అల్తుఅర్జున్ కాంబినేషన్ లో వచ్సిన సినిమా ఆర్య,0.0,దర్మకుడిగా సుకుమార్ అల్తుఅర్జున్ కాంబినేషన్ లో వచ్విన సినిమా ఆర్య,0.0,దర్మకుడిగా సుకుమార్ అల్ధుఅర్జున్ కాంబినేషన్ లో వచ్విన సినిమా ఆర్య,0.0,దర్మకుడిగా సుకుమార్ అల్గుఅర్జున్ కాంబినేషన్ లో వచ్విన సినిమా ఆర్య
ఇంట్లో ఎవరూ లేరా,0.0,ఇంట్ధో ఎవరూ లేరా,0.0,ఇంట్తో ఎవరూ లేరా,0.0,ఇంట్గో ఎవరూ లేరా,0.0,ఇంట్తో ఎవరూ లేరా
దస్త్రం ఖాళిగా వుంది,0.0,దస్ల్రం ఖాళిగా వుంది,0.0,దస్ల్రం ఖాళిగా వుంది,0.0,దస్ల్రం ఖాళిగా వుంది,0.0,దస్ల్రం ఖాళిగా వుంది
బైబిలు సత్యంపట్ల ఆసక్తిగలవారినెవరినైనా కలిస్తే నాలో ఇప్పటికీ అదే ఆనందం కలుగుతుంది,0.0,బైబిలు సత్యంపట్ధ ఆసక్లిగలవారినెవరినైనా కలిస్లే నాలో ఇప్యటికీ అదే ఆనందం కలుగుతుంది,0.0,బైబిలు సత్యంపట్ధ ఆసక్లిగలవారినెవరినైనా కలిస్లే నాలో ఇప్వటికీ అదే ఆనందం కలుగుతుంది,0.0,బైబిలు సత్యంపట్ధ ఆసక్లిగలవారినెవరినైనా కలిస్లే నాలో ఇప్నటికీ అదే ఆనందం కలుగుతుంది,0.0,బైబిలు సత్యంపట్త ఆసక్లిగలవారినెవరినైనా కలిస్లే నాలో ఇప్సటికీ అదే ఆనందం కలుగుతుంది
అని ఒక పాత్రికేయుడు ప్రశ్నించాడు,0.0,అని ఒక పాత్రికేయుడు ప్రశ్వించాడు,0.0,అని ఒక పాత్రికేయుడు ప్రశ్వించాడు,0.0,అని ఒక పాత్రికేయుడు ప్రశ్వించాడు,0.0,అని ఒక పాత్రికేయుడు ప్రశ్పించాడు
అయితే ఇక మీరు ప్రమాదంలో పడినట్లే,0.0,అయితే ఇక మీరు ప్రమాదంలో పడినట్గే,0.0,అయితే ఇక మీరు ప్రమాదంలో పడినట్తే,0.0,అయితే ఇక మీరు ప్రమాదంలో పడినట్తే,0.0,అయితే ఇక మీరు ప్రమాదంలో పడినట్గే
ఇందుకు సంబంధించిన కార్యకలాపాలను ఇంకా చేపడుతూనే ఉంది,0.0,ఇందుకు సంబంధించిన కార్యకలాపాలను ఇంకా చేపడుతూనే ఉంది,0.0,ఇందుకు సంబంధించిన కార్యకలాపాలను ఇంకా చేపడుతూనే ఉంది,0.0,ఇందుకు సంబంధించిన కార్యకలాపాలను ఇంకా చేపడుతూనే ఉంది,0.0,ఇందుకు సంబంధించిన కార్యకలాపాలను ఇంకా చేపడుతూనే ఉంది
ఎండిన పండ్లు తో కేక్,0.0,ఎండిన పండ్ధు తో కేక్,0.0,ఎండిన పండ్తు తో కేక్,0.0,ఎండిన పండ్ధు తో కేక్,0.0,ఎండిన పండ్గు తో కేక్
ఆ వీడియోను మీరూ చూడండి,0.0,ఆ వీడియోను మీరూ చూడండి,0.0,ఆ వీడియోను మీరూ చూడండి,0.0,ఆ వీడియోను మీరూ చూడండి,0.0,ఆ వీడియోను మీరూ చూడండి
చిదంబరం ఆర్థిక మంత్రి అయ్యారు,0.0,చిదంబరం ఆర్థిక మంత్రి అయ్యారు,0.0,చిదంబరం ఆర్థిక మంత్రి అయ్యారు,0.0,చిదంబరం ఆర్థిక మంత్రి అయ్యారు,0.0,చిదంబరం ఆర్థిక మంత్రి అయ్యారు
వెరీ స్పెషల్ స్టోరీ అని చెప్పారు,0.0,వెరీ స్యెషల్ స్టోరీ అని చెప్యారు,0.0,వెరీ స్నెషల్ స్టోరీ అని చెప్నారు,0.0,వెరీ స్నెషల్ స్టోరీ అని చెప్నారు,0.0,వెరీ స్యెషల్ స్టోరీ అని చెప్యారు
నీటిని ఎత్తిపోసేందుకు పంపుహౌజ్లో నాలుగు మోటార్లు సిద్ధ్దంగా ఉన్నాయి,0.0,నీటిని ఎత్లిపోసేందుకు పంపుహౌజ్తో నాలుగు మోటార్గు సిద్డ్డంగా ఉన్వాయి,0.0,నీటిని ఎత్లిపోసేందుకు పంపుహౌజ్ధో నాలుగు మోటార్తు సిద్ద్ ంగా ఉన్పాయి,0.0,నీటిని ఎత్లిపోసేందుకు పంపుహౌజ్ధో నాలుగు మోటార్గు సిద్ద్డంగా ఉన్వాయి,0.0,నీటిని ఎత్లిపోసేందుకు పంపుహౌజ్గో నాలుగు మోటార్గు సిద్ద్ధంగా ఉన్వాయి
మయాంక్ అగర్వాల్తో పాటు కెఎల్ రాహుల్ కూడా మంచి ఫామ్లో ఉన్నారు,0.0,మయాంక్ అగర్నాల్లో పాటు కెఎల్ రాహుల్ కూడా మంచి ఫామ్ధో ఉన్పారు,0.0,మయాంక్ అగర్చాల్లో పాటు కెఎల్ రాహుల్ కూడా మంచి ఫామ్గో ఉన్పారు,0.0,మయాంక్ అగర్చాల్లో పాటు కెఎల్ రాహుల్ కూడా మంచి ఫామ్తో ఉన్వారు,0.0,మయాంక్ అగర్యాల్లో పాటు కెఎల్ రాహుల్ కూడా మంచి ఫామ్గో ఉన్వారు
ఈ మేరకు ప్రధాని మోడీకి చిరాగ్ లేఖ రాశారు,0.0,ఈ మేరకు ప్రధాని మోడీకి చిరాగ్ లేఖ రాశారు,0.0,ఈ మేరకు ప్రధాని మోడీకి చిరాగ్ లేఖ రాశారు,0.0,ఈ మేరకు ప్రధాని మోడీకి చిరాగ్ లేఖ రాశారు,0.0,ఈ మేరకు ప్రధాని మోడీకి చిరాగ్ లేఖ రాశారు
మీడియం టమోటాలు,0.0,మీడియం టమోటాలు,0.0,మీడియం టమోటాలు,0.0,మీడియం టమోటాలు,0.0,మీడియం టమోటాలు
ది డానిష్ గర్ల్ ప్రొడక్షన్ డిజైన్ ఈవ్ స్టివార్ట్ సెట్ అలంకరణ మైఖేల్ స్టాండ్,0.0,ది డానిష్ గర్ధ్ ప్రొడక్షన్ డిజైన్ ఈవ్ స్టివార్ట్ సెట్ అలంకరణ మైఖేల్ స్టాండ్,0.0,ది డానిష్ గర్గ్ ప్రొడక్షన్ డిజైన్ ఈవ్ స్టివార్ట్ సెట్ అలంకరణ మైఖేల్ స్టాండ్,0.0,ది డానిష్ గర్గ్ ప్రొడక్షన్ డిజైన్ ఈవ్ స్టివార్ట్ సెట్ అలంకరణ మైఖేల్ స్టాండ్,0.0,ది డానిష్ గర్త్ ప్రొడక్షన్ డిజైన్ ఈవ్ స్టివార్ట్ సెట్ అలంకరణ మైఖేల్ స్టాండ్
ఆ కళానైఫుణ్యం ఇప్పటికీ కొనసాగుతూనే ఉంది,0.0,ఆ కళానైఫుణ్యం ఇప్వటికీ కొనసాగుతూనే ఉంది,0.0,ఆ కళానైఫుణ్యం ఇప్నటికీ కొనసాగుతూనే ఉంది,0.0,ఆ కళానైఫుణ్యం ఇప్సటికీ కొనసాగుతూనే ఉంది,0.0,ఆ కళానైఫుణ్యం ఇప్సటికీ కొనసాగుతూనే ఉంది
ఇప్పటికే ఒకసారి ఒలింపిక్స్కు వెళ్లాను,0.0,ఇప్సటికే ఒకసారి ఒలింపిక్ప్కు వెళ్తాను,0.0,ఇప్నటికే ఒకసారి ఒలింపిక్న్కు వెళ్తాను,0.0,ఇప్సటికే ఒకసారి ఒలింపిక్చ్కు వెళ్ధాను,0.0,ఇప్వటికే ఒకసారి ఒలింపిక్చ్కు వెళ్గాను
కొన్ని స్థానంలో వెళ్ళడానికి,0.0,కొన్పి స్థానంలో వెళ్ళడానికి,0.0,కొన్వి స్థానంలో వెళ్ళడానికి,0.0,కొన్పి స్థానంలో వెళ్ళడానికి,0.0,కొన్పి స్థానంలో వెళ్ళడానికి
తెలియని వారికి పల్సర్ ఆర్ఎస్ మరియు ఎన్ఎస్ సిరీస్ పై ఈ తయారీ ఉంటుంది,0.0,తెలియని వారికి పల్పర్ ఆర్ఎస్ మరియు ఎన్ఎస్ సిరీస్ పై ఈ తయారీ ఉంటుంది,0.0,తెలియని వారికి పల్పర్ ఆర్ఎస్ మరియు ఎన్ఎస్ సిరీస్ పై ఈ తయారీ ఉంటుంది,0.0,తెలియని వారికి పల్పర్ ఆర్ఎస్ మరియు ఎన్ఎస్ సిరీస్ పై ఈ తయారీ ఉంటుంది,0.0,తెలియని వారికి పల్వర్ ఆర్ఎస్ మరియు ఎన్ఎస్ సిరీస్ పై ఈ తయారీ ఉంటుంది
ఈ మేరకు జర్మన్ ఛాన్సలర్ ఏంజిలా మెర్కెల్కు సంతాప సందేశాన్ని పంపారు,0.0,ఈ మేరకు జర్శన్ ఛాన్నలర్ ఏంజిలా మెర్కెల్కు సంతాప సందేశాన్పి పంపారు,0.0,ఈ మేరకు జర్శన్ ఛాన్పలర్ ఏంజిలా మెర్కెల్కు సంతాప సందేశాన్వి పంపారు,0.0,ఈ మేరకు జర్శన్ ఛాన్చలర్ ఏంజిలా మెర్కెల్కు సంతాప సందేశాన్వి పంపారు,0.0,ఈ మేరకు జర్శన్ ఛాన్వలర్ ఏంజిలా మెర్కెల్కు సంతాప సందేశాన్పి పంపారు
నీవు నా జను లను పోనియ్య నొల్లనియెడల ఇదిగో రేపు నేను మిడతలను నీ ప్రాంతములలోనికి రప్పించెదను,0.0,నీవు నా జను లను పోనియ్య నొల్ధనియెడల ఇదిగో రేపు నేను మిడతలను నీ ప్రాంతములలోనికి రప్వించెదను,0.0,నీవు నా జను లను పోనియ్య నొల్ధనియెడల ఇదిగో రేపు నేను మిడతలను నీ ప్రాంతములలోనికి రప్యించెదను,0.0,నీవు నా జను లను పోనియ్య నొల్తనియెడల ఇదిగో రేపు నేను మిడతలను నీ ప్రాంతములలోనికి రప్వించెదను,0.0,నీవు నా జను లను పోనియ్య నొల్తనియెడల ఇదిగో రేపు నేను మిడతలను నీ ప్రాంతములలోనికి రప్నించెదను
ఈలోగా వీలైనన్ని ఎక్కువ సినిమాల్లో నటించాలని ఫిక్స్ అయ్యాడు,0.0,ఈలోగా వీలైనన్వి ఎక్కువ సినిమాల్గో నటించాలని ఫిక్ప్ అయ్యాడు,0.0,ఈలోగా వీలైనన్వి ఎక్కువ సినిమాల్గో నటించాలని ఫిక్చ్ అయ్యాడు,0.0,ఈలోగా వీలైనన్వి ఎక్కువ సినిమాల్గో నటించాలని ఫిక్ప్ అయ్యాడు,0.0,ఈలోగా వీలైనన్వి ఎక్కువ సినిమాల్ధో నటించాలని ఫిక్న్ అయ్యాడు
కుమారి ఉదయపూర్ రాణాప్రతాప్ వంశమైన సిసోడియా రాజపుత్రి,0.0,కుమారి ఉదయపూర్ రాణాప్రతాప్ వంశమైన సిసోడియా రాజపుత్రి,0.0,కుమారి ఉదయపూర్ రాణాప్రతాప్ వంశమైన సిసోడియా రాజపుత్రి,0.0,కుమారి ఉదయపూర్ రాణాప్రతాప్ వంశమైన సిసోడియా రాజపుత్రి,0.0,కుమారి ఉదయపూర్ రాణాప్రతాప్ వంశమైన సిసోడియా రాజపుత్రి
తమిళనాడు కోయంబత్తూరులో సరిగ్గా ఇలాంటి ఘటనే జరిగింది,0.0,తమిళనాడు కోయంబత్లూరులో సరిగ్ఠా ఇలాంటి ఘటనే జరిగింది,0.0,తమిళనాడు కోయంబత్లూరులో సరిగ్ఠా ఇలాంటి ఘటనే జరిగింది,0.0,తమిళనాడు కోయంబత్లూరులో సరిగ్లా ఇలాంటి ఘటనే జరిగింది,0.0,తమిళనాడు కోయంబత్లూరులో సరిగ్ఠా ఇలాంటి ఘటనే జరిగింది
ఇదిలా ఉండగా రాఘోపూర్ నుంచి ఆర్జెడి అభ్యర్ధి లాలూ ప్రసాద్యాదవ్ కొడుకు తేజస్వీ యాదవ్ ఆధిక్యంలో ఉన్నారు,0.0,ఇదిలా ఉండగా రాఘోపూర్ నుంచి ఆర్జెడి అభ్యర్గి లాలూ ప్రసాద్యాదవ్ కొడుకు తేజస్యీ యాదవ్ ఆధిక్యంలో ఉన్పారు,0.0,ఇదిలా ఉండగా రాఘోపూర్ నుంచి ఆర్జెడి అభ్యర్గి లాలూ ప్రసాద్యాదవ్ కొడుకు తేజస్పీ యాదవ్ ఆధిక్యంలో ఉన్పారు,0.0,ఇదిలా ఉండగా రాఘోపూర్ నుంచి ఆర్జెడి అభ్యర్డి లాలూ ప్రసాద్యాదవ్ కొడుకు తేజస్యీ యాదవ్ ఆధిక్యంలో ఉన్వారు,0.0,ఇదిలా ఉండగా రాఘోపూర్ నుంచి ఆర్జెడి అభ్యర్డి లాలూ ప్రసాద్యాదవ్ కొడుకు తేజస్చీ యాదవ్ ఆధిక్యంలో ఉన్పారు
యాకీము జిఖ్రీ జిబ్ది,0.0,యాకీము జిఖ్రీ జిబ్డి,0.0,యాకీము జిఖ్రీ జిబ్డి,0.0,యాకీము జిఖ్రీ జిబ్ధి,0.0,యాకీము జిఖ్రీ జిబ్డి
ఏమిటి వాళ్ల అపరాధం,0.0,ఏమిటి వాళ్ధ అపరాధం,0.0,ఏమిటి వాళ్గ అపరాధం,0.0,ఏమిటి వాళ్గ అపరాధం,0.0,ఏమిటి వాళ్గ అపరాధం
అందులో కొన్ని సాధించేందుకు చాలా వ్యవధి ఉంటాయి,0.0,అందులో కొన్వి సాధించేందుకు చాలా వ్యవధి ఉంటాయి,0.0,అందులో కొన్వి సాధించేందుకు చాలా వ్యవధి ఉంటాయి,0.0,అందులో కొన్వి సాధించేందుకు చాలా వ్యవధి ఉంటాయి,0.0,అందులో కొన్వి సాధించేందుకు చాలా వ్యవధి ఉంటాయి
నిశ్శబ్దంగా ఉండిపోయాడు,0.0,నిశ్మబ్డంగా ఉండిపోయాడు,0.0,నిశ్మబ్ ంగా ఉండిపోయాడు,0.0,నిశ్మబ్ ంగా ఉండిపోయాడు,0.0,నిశ్మబ్డంగా ఉండిపోయాడు
కొత్త వినియోగదారులు,0.0,కొత్ల వినియోగదారులు,0.0,కొత్ల వినియోగదారులు,0.0,కొత్ల వినియోగదారులు,0.0,కొత్ల వినియోగదారులు
నిజమే మనం యెహోవా కాలపట్టికను మార్చలేము,0.0,నిజమే మనం యెహోవా కాలపట్టికను మార్వలేము,0.0,నిజమే మనం యెహోవా కాలపట్టికను మార్వలేము,0.0,నిజమే మనం యెహోవా కాలపట్టికను మార్సలేము,0.0,నిజమే మనం యెహోవా కాలపట్టికను మార్సలేము
కరాషాకులు మహిషాకులు కళింగాలు కేరళలు కార్కోటకులు విరాకులు మతం లేని ఇతర ప్రజలకు ఎప్పుడూ దూరంగా ఉండాలి,0.0,కరాషాకులు మహిషాకులు కళింగాలు కేరళలు కార్కోటకులు విరాకులు మతం లేని ఇతర ప్రజలకు ఎప్నుడూ దూరంగా ఉండాలి,0.0,కరాషాకులు మహిషాకులు కళింగాలు కేరళలు కార్కోటకులు విరాకులు మతం లేని ఇతర ప్రజలకు ఎప్నుడూ దూరంగా ఉండాలి,0.0,కరాషాకులు మహిషాకులు కళింగాలు కేరళలు కార్కోటకులు విరాకులు మతం లేని ఇతర ప్రజలకు ఎప్వుడూ దూరంగా ఉండాలి,0.0,కరాషాకులు మహిషాకులు కళింగాలు కేరళలు కార్కోటకులు విరాకులు మతం లేని ఇతర ప్రజలకు ఎప్నుడూ దూరంగా ఉండాలి
ఇంకా ఏమేమిటి,0.0,ఇంకా ఏమేమిటి,0.0,ఇంకా ఏమేమిటి,0.0,ఇంకా ఏమేమిటి,0.0,ఇంకా ఏమేమిటి
పీఠికచుట్టూ పిగ్జెల్స్ సంఖ్య,0.0,పీఠికచుట్టూ పిగ్జెల్వ్ సంఖ్య,0.0,పీఠికచుట్టూ పిగ్జెల్చ్ సంఖ్య,0.0,పీఠికచుట్టూ పిగ్జెల్వ్ సంఖ్య,0.0,పీఠికచుట్టూ పిగ్జెల్ప్ సంఖ్య
సోషల్ మీడియా ట్రోలింగ్ సంగతి చెప్పాల్సిన పని లేదు,0.0,సోషల్ మీడియా ట్రోలింగ్ సంగతి చెప్వాల్నిన పని లేదు,0.0,సోషల్ మీడియా ట్రోలింగ్ సంగతి చెప్వాల్విన పని లేదు,0.0,సోషల్ మీడియా ట్రోలింగ్ సంగతి చెప్యాల్చిన పని లేదు,0.0,సోషల్ మీడియా ట్రోలింగ్ సంగతి చెప్సాల్చిన పని లేదు
ఇది అనూహ్యమైన పరిణామం,0.0,ఇది అనూహ్యమైన పరిణామం,0.0,ఇది అనూహ్యమైన పరిణామం,0.0,ఇది అనూహ్యమైన పరిణామం,0.0,ఇది అనూహ్యమైన పరిణామం
కథ కొనసాగుతుంది,0.0,కథ కొనసాగుతుంది,0.0,కథ కొనసాగుతుంది,0.0,కథ కొనసాగుతుంది,0.0,కథ కొనసాగుతుంది
ఏపీ ప్రభుత్వం విధించిన,0.0,ఏపీ ప్రభుత్నం విధించిన,0.0,ఏపీ ప్రభుత్పం విధించిన,0.0,ఏపీ ప్రభుత్పం విధించిన,0.0,ఏపీ ప్రభుత్సం విధించిన
పోలీసులు స్టేషన్ బెయిల్ ఇచ్చి వెంటనే బయటకు పంపివేశారు,0.0,పోలీసులు స్టేషన్ బెయిల్ ఇచ్సి వెంటనే బయటకు పంపివేశారు,0.0,పోలీసులు స్టేషన్ బెయిల్ ఇచ్సి వెంటనే బయటకు పంపివేశారు,0.0,పోలీసులు స్టేషన్ బెయిల్ ఇచ్వి వెంటనే బయటకు పంపివేశారు,0.0,పోలీసులు స్టేషన్ బెయిల్ ఇచ్సి వెంటనే బయటకు పంపివేశారు
ప్రపంచంలోనే వేగవంతమైన యాంటీషిప్ క్రూయిజ్ క్షిపణి బ్రహ్మోస్,0.0,ప్రపంచంలోనే వేగవంతమైన యాంటీషిప్ క్రూయిజ్ క్షిపణి బ్రహ్శోస్,0.0,ప్రపంచంలోనే వేగవంతమైన యాంటీషిప్ క్రూయిజ్ క్షిపణి బ్రహ్శోస్,0.0,ప్రపంచంలోనే వేగవంతమైన యాంటీషిప్ క్రూయిజ్ క్షిపణి బ్రహ్శోస్,0.0,ప్రపంచంలోనే వేగవంతమైన యాంటీషిప్ క్రూయిజ్ క్షిపణి బ్రహ్శోస్
ఇదో గెలుపా,0.0,ఇదో గెలుపా,0.0,ఇదో గెలుపా,0.0,ఇదో గెలుపా,0.0,ఇదో గెలుపా
సునంద పుష్కర్ మృతి శశి థరూర్కు నోటీసు,0.0,సునంద పుష్కర్ మృతి శశి థరూర్కు నోటీసు,0.0,సునంద పుష్కర్ మృతి శశి థరూర్కు నోటీసు,0.0,సునంద పుష్కర్ మృతి శశి థరూర్కు నోటీసు,0.0,సునంద పుష్కర్ మృతి శశి థరూర్కు నోటీసు
ఎన్ని పుస్తకాలు ముద్రించారు,0.0,ఎన్పి పుస్లకాలు ముద్రించారు,0.0,ఎన్వి పుస్లకాలు ముద్రించారు,0.0,ఎన్పి పుస్లకాలు ముద్రించారు,0.0,ఎన్వి పుస్లకాలు ముద్రించారు
కృతజ్ఞులై ఉన్నారని చూపించండి అనే ప్రసంగంలో దేవునిపట్ల కృతజ్ఞతను ఎలా చూపించవచ్చో చర్చించబడింది,0.0,కృతజ్ఞులై ఉన్పారని చూపించండి అనే ప్రసంగంలో దేవునిపట్ధ కృతజ్ఞతను ఎలా చూపించవచ్వో చర్వించబడింది,0.0,కృతజ్ఞులై ఉన్పారని చూపించండి అనే ప్రసంగంలో దేవునిపట్త కృతజ్ఞతను ఎలా చూపించవచ్వో చర్వించబడింది,0.0,కృతజ్ఞులై ఉన్పారని చూపించండి అనే ప్రసంగంలో దేవునిపట్ధ కృతజ్ఞతను ఎలా చూపించవచ్సో చర్వించబడింది,0.0,కృతజ్ఞులై ఉన్పారని చూపించండి అనే ప్రసంగంలో దేవునిపట్గ కృతజ్ఞతను ఎలా చూపించవచ్వో చర్వించబడింది
పాకిస్తాన్ ఆఫ్గనిస్తాన్ బంగ్లాదేశ్లో మైనారిటీలుగా ఉన్న సమూహాలు చాలా బాధలు పడ్డారన్నారు,0.0,పాకిస్లాన్ ఆఫ్లనిస్లాన్ బంగ్గాదేశ్తో మైనారిటీలుగా ఉన్వ సమూహాలు చాలా బాధలు పడ్దారన్పారు,0.0,పాకిస్లాన్ ఆఫ్ఠనిస్లాన్ బంగ్గాదేశ్తో మైనారిటీలుగా ఉన్వ సమూహాలు చాలా బాధలు పడ్ధారన్పారు,0.0,పాకిస్లాన్ ఆఫ్లనిస్లాన్ బంగ్గాదేశ్ధో మైనారిటీలుగా ఉన్వ సమూహాలు చాలా బాధలు పడ్దారన్వారు,0.0,పాకిస్లాన్ ఆఫ్ఠనిస్లాన్ బంగ్గాదేశ్తో మైనారిటీలుగా ఉన్ప సమూహాలు చాలా బాధలు పడ్దారన్పారు
చెన్నై టు హైదరాబాద్,0.0,చెన్వై టు హైదరాబాద్,0.0,చెన్పై టు హైదరాబాద్,0.0,చెన్వై టు హైదరాబాద్,0.0,చెన్పై టు హైదరాబాద్
గ్రామంలో గృహావసరాల నిమిత్తం విద్యుత్ సరఫరా వ్యవస్థ ఉంది,0.0,గ్రామంలో గృహావసరాల నిమిత్లం విద్యుత్ సరఫరా వ్యవస్థ ఉంది,0.0,గ్రామంలో గృహావసరాల నిమిత్లం విద్యుత్ సరఫరా వ్యవస్థ ఉంది,0.0,గ్రామంలో గృహావసరాల నిమిత్లం విద్యుత్ సరఫరా వ్యవస్థ ఉంది,0.0,గ్రామంలో గృహావసరాల నిమిత్లం విద్యుత్ సరఫరా వ్యవస్థ ఉంది
ఐసిసి అసోషియేట్ క్రికెటర్ ఆఫ్ ది ఇయర్ రషీద్ ఖాన్ అఫ్తానిస్తాన్,0.0,ఐసిసి అసోషియేట్ క్రికెటర్ ఆఫ్ ది ఇయర్ రషీద్ ఖాన్ అఫ్లానిస్లాన్,0.0,ఐసిసి అసోషియేట్ క్రికెటర్ ఆఫ్ ది ఇయర్ రషీద్ ఖాన్ అఫ్లానిస్లాన్,0.0,ఐసిసి అసోషియేట్ క్రికెటర్ ఆఫ్ ది ఇయర్ రషీద్ ఖాన్ అఫ్లానిస్లాన్,0.0,ఐసిసి అసోషియేట్ క్రికెటర్ ఆఫ్ ది ఇయర్ రషీద్ ఖాన్ అఫ్లానిస్లాన్
ఎమర్జెన్సీ ప్రకటన,0.0,ఎమర్జెన్చీ ప్రకటన,0.0,ఎమర్జెన్నీ ప్రకటన,0.0,ఎమర్జెన్చీ ప్రకటన,0.0,ఎమర్జెన్వీ ప్రకటన
యుపిఐ ద్వారా చెల్లింపులు మరింత వేగవంతం కావడంతో పాటుగా సౌకర్యవంతంగానూ ఉంటాయి,0.0,యుపిఐ ద్చారా చెల్ధింపులు మరింత వేగవంతం కావడంతో పాటుగా సౌకర్యవంతంగానూ ఉంటాయి,0.0,యుపిఐ ద్నారా చెల్గింపులు మరింత వేగవంతం కావడంతో పాటుగా సౌకర్యవంతంగానూ ఉంటాయి,0.0,యుపిఐ ద్చారా చెల్తింపులు మరింత వేగవంతం కావడంతో పాటుగా సౌకర్యవంతంగానూ ఉంటాయి,0.0,యుపిఐ ద్పారా చెల్తింపులు మరింత వేగవంతం కావడంతో పాటుగా సౌకర్యవంతంగానూ ఉంటాయి
భారత్లో అత్యధిక జనాభా గ్రామాల్లోనే ఉంటుంది,0.0,భారత్ధో అత్యధిక జనాభా గ్రామాల్ధోనే ఉంటుంది,0.0,భారత్గో అత్యధిక జనాభా గ్రామాల్గోనే ఉంటుంది,0.0,భారత్ధో అత్యధిక జనాభా గ్రామాల్ధోనే ఉంటుంది,0.0,భారత్ధో అత్యధిక జనాభా గ్రామాల్గోనే ఉంటుంది
మర్రిపాడులో ఉన్న ఒక ప్రాథమిక ఆరోగ్య ఉప కేంద్రంలో డాక్టర్లు లేరు,0.0,మర్రిపాడులో ఉన్వ ఒక ప్రాథమిక ఆరోగ్య ఉప కేంద్రంలో డాక్టర్తు లేరు,0.0,మర్రిపాడులో ఉన్వ ఒక ప్రాథమిక ఆరోగ్య ఉప కేంద్రంలో డాక్టర్గు లేరు,0.0,మర్రిపాడులో ఉన్ప ఒక ప్రాథమిక ఆరోగ్య ఉప కేంద్రంలో డాక్టర్గు లేరు,0.0,మర్రిపాడులో ఉన్వ ఒక ప్రాథమిక ఆరోగ్య ఉప కేంద్రంలో డాక్టర్ధు లేరు
రిజ్వాన్ నిర్మాత,0.0,రిజ్యాన్ నిర్శాత,0.0,రిజ్సాన్ నిర్శాత,0.0,రిజ్చాన్ నిర్శాత,0.0,రిజ్చాన్ నిర్శాత
అండ్ కార్పొరేట్ కమ్యూనికేషన్,0.0,అండ్ కార్సొరేట్ కమ్యూనికేషన్,0.0,అండ్ కార్వొరేట్ కమ్యూనికేషన్,0.0,అండ్ కార్సొరేట్ కమ్యూనికేషన్,0.0,అండ్ కార్యొరేట్ కమ్యూనికేషన్
అతను వైద్య విద్యార్థిగా వైద్యవృత్తిని చేపట్టి సంవత్సరాల పాటు రష్యాలో ఉన్నాడు,0.0,అతను వైద్య విద్యార్థిగా వైద్యవృత్లిని చేపట్టి సంవత్పరాల పాటు రష్యాలో ఉన్పాడు,0.0,అతను వైద్య విద్యార్థిగా వైద్యవృత్లిని చేపట్టి సంవత్చరాల పాటు రష్యాలో ఉన్పాడు,0.0,అతను వైద్య విద్యార్థిగా వైద్యవృత్లిని చేపట్టి సంవత్వరాల పాటు రష్యాలో ఉన్పాడు,0.0,అతను వైద్య విద్యార్థిగా వైద్యవృత్లిని చేపట్టి సంవత్పరాల పాటు రష్యాలో ఉన్వాడు
అయితే ఎప్పుడు రావాలనేదే ఓ ప్రశ్నగా మిగిలిపోయింది అని అంది లిసారే,0.0,అయితే ఎప్నుడు రావాలనేదే ఓ ప్రశ్పగా మిగిలిపోయింది అని అంది లిసారే,0.0,అయితే ఎప్నుడు రావాలనేదే ఓ ప్రశ్వగా మిగిలిపోయింది అని అంది లిసారే,0.0,అయితే ఎప్యుడు రావాలనేదే ఓ ప్రశ్వగా మిగిలిపోయింది అని అంది లిసారే,0.0,అయితే ఎప్సుడు రావాలనేదే ఓ ప్రశ్వగా మిగిలిపోయింది అని అంది లిసారే
లేదు ఎందుకంటే ఆయన హామీ ఇవ్వమని అడిగినప్పుడు యెహోవా ఆ హామీ ఇచ్చాడు,0.0,లేదు ఎందుకంటే ఆయన హామీ ఇవ్యమని అడిగినప్నుడు యెహోవా ఆ హామీ ఇచ్సాడు,0.0,లేదు ఎందుకంటే ఆయన హామీ ఇవ్నమని అడిగినప్నుడు యెహోవా ఆ హామీ ఇచ్సాడు,0.0,లేదు ఎందుకంటే ఆయన హామీ ఇవ్సమని అడిగినప్యుడు యెహోవా ఆ హామీ ఇచ్వాడు,0.0,లేదు ఎందుకంటే ఆయన హామీ ఇవ్చమని అడిగినప్వుడు యెహోవా ఆ హామీ ఇచ్వాడు
పార్టీ వర్కింగ్ ప్రెసిడెంట్ కె టి రామారావు,0.0,పార్టీ వర్కింగ్ ప్రెసిడెంట్ కె టి రామారావు,0.0,పార్టీ వర్కింగ్ ప్రెసిడెంట్ కె టి రామారావు,0.0,పార్టీ వర్కింగ్ ప్రెసిడెంట్ కె టి రామారావు,0.0,పార్టీ వర్కింగ్ ప్రెసిడెంట్ కె టి రామారావు
ని తెరువుటకు ని వదలవచ్చును,0.0,ని తెరువుటకు ని వదలవచ్సును,0.0,ని తెరువుటకు ని వదలవచ్వును,0.0,ని తెరువుటకు ని వదలవచ్సును,0.0,ని తెరువుటకు ని వదలవచ్వును
పనులు నాణ్యంగా సకాలంలో పూర్తిచేసేందకు దోహదపడుతుంది,0.0,పనులు నాణ్యంగా సకాలంలో పూర్లిచేసేందకు దోహదపడుతుంది,0.0,పనులు నాణ్యంగా సకాలంలో పూర్లిచేసేందకు దోహదపడుతుంది,0.0,పనులు నాణ్యంగా సకాలంలో పూర్లిచేసేందకు దోహదపడుతుంది,0.0,పనులు నాణ్యంగా సకాలంలో పూర్లిచేసేందకు దోహదపడుతుంది
అది ప్రజలకి నచ్చింది,0.0,అది ప్రజలకి నచ్సింది,0.0,అది ప్రజలకి నచ్వింది,0.0,అది ప్రజలకి నచ్వింది,0.0,అది ప్రజలకి నచ్వింది
త్వరలోనే ఈ సినిమాను విడుదల చేయడానికి సన్నాహాలు చేస్తున్నాడు,0.0,త్వరలోనే ఈ సినిమాను విడుదల చేయడానికి సన్వాహాలు చేస్లున్పాడు,0.0,త్వరలోనే ఈ సినిమాను విడుదల చేయడానికి సన్పాహాలు చేస్లున్పాడు,0.0,త్వరలోనే ఈ సినిమాను విడుదల చేయడానికి సన్వాహాలు చేస్లున్పాడు,0.0,త్వరలోనే ఈ సినిమాను విడుదల చేయడానికి సన్వాహాలు చేస్లున్వాడు
టీ ప్రపంచ వ్యాప్తంగా ప్రజాదరణ పొందిన పానీయం,0.0,టీ ప్రపంచ వ్యాప్లంగా ప్రజాదరణ పొందిన పానీయం,0.0,టీ ప్రపంచ వ్యాప్లంగా ప్రజాదరణ పొందిన పానీయం,0.0,టీ ప్రపంచ వ్యాప్లంగా ప్రజాదరణ పొందిన పానీయం,0.0,టీ ప్రపంచ వ్యాప్లంగా ప్రజాదరణ పొందిన పానీయం
చేపలు మంచివైతేనే,0.0,చేపలు మంచివైతేనే,0.0,చేపలు మంచివైతేనే,0.0,చేపలు మంచివైతేనే,0.0,చేపలు మంచివైతేనే
నుండి వరకు అతను కోపెన్హగ్ లోని కార్ల్స్బర్గ్ లేబొరేటరీలో ఆధిపతిగా ఉండేవాడు,0.0,నుండి వరకు అతను కోపెన్హగ్ లోని కార్ధ్చ్బర్ధ్ లేబొరేటరీలో ఆధిపతిగా ఉండేవాడు,0.0,నుండి వరకు అతను కోపెన్హగ్ లోని కార్త్వ్బర్ల్ లేబొరేటరీలో ఆధిపతిగా ఉండేవాడు,0.0,నుండి వరకు అతను కోపెన్హగ్ లోని కార్ధ్ప్బర్ఠ్ లేబొరేటరీలో ఆధిపతిగా ఉండేవాడు,0.0,నుండి వరకు అతను కోపెన్హగ్ లోని కార్గ్ప్బర్ఠ్ లేబొరేటరీలో ఆధిపతిగా ఉండేవాడు
హాట్ టబ్స్,0.0,హాట్ టబ్చ్,0.0,హాట్ టబ్వ్,0.0,హాట్ టబ్ప్,0.0,హాట్ టబ్వ్
బాణలిని పొయ్యి మీద పెట్టి నూనె వేడి చేసుకోవాలి,0.0,బాణలిని పొయ్యి మీద పెట్టి నూనె వేడి చేసుకోవాలి,0.0,బాణలిని పొయ్యి మీద పెట్టి నూనె వేడి చేసుకోవాలి,0.0,బాణలిని పొయ్యి మీద పెట్టి నూనె వేడి చేసుకోవాలి,0.0,బాణలిని పొయ్యి మీద పెట్టి నూనె వేడి చేసుకోవాలి
కోట్ల రూపాయలకు పైగా వసూలు చేసింది,0.0,కోట్ధ రూపాయలకు పైగా వసూలు చేసింది,0.0,కోట్ధ రూపాయలకు పైగా వసూలు చేసింది,0.0,కోట్ధ రూపాయలకు పైగా వసూలు చేసింది,0.0,కోట్త రూపాయలకు పైగా వసూలు చేసింది
ఈ మేరకు కేంద్ర ప్రత్యక్ష పన్నుల బోర్డు సీబీడీటీ వెల్లడించింది,0.0,ఈ మేరకు కేంద్ర ప్రత్యక్ష పన్వుల బోర్దు సీబీడీటీ వెల్ధడించింది,0.0,ఈ మేరకు కేంద్ర ప్రత్యక్ష పన్పుల బోర్దు సీబీడీటీ వెల్గడించింది,0.0,ఈ మేరకు కేంద్ర ప్రత్యక్ష పన్వుల బోర్ధు సీబీడీటీ వెల్ధడించింది,0.0,ఈ మేరకు కేంద్ర ప్రత్యక్ష పన్వుల బోర్ధు సీబీడీటీ వెల్గడించింది
వారిని మీరట్ దవాఖానకు తరలించి చికిత్స అందించారు,0.0,వారిని మీరట్ దవాఖానకు తరలించి చికిత్చ అందించారు,0.0,వారిని మీరట్ దవాఖానకు తరలించి చికిత్ప అందించారు,0.0,వారిని మీరట్ దవాఖానకు తరలించి చికిత్ప అందించారు,0.0,వారిని మీరట్ దవాఖానకు తరలించి చికిత్ప అందించారు
కొంతమంది వచ్చారు,0.0,కొంతమంది వచ్సారు,0.0,కొంతమంది వచ్సారు,0.0,కొంతమంది వచ్సారు,0.0,కొంతమంది వచ్సారు
అవసరం ఆధారాలు,0.0,అవసరం ఆధారాలు,0.0,అవసరం ఆధారాలు,0.0,అవసరం ఆధారాలు,0.0,అవసరం ఆధారాలు
ఈ మూవీలో హీరోగా సాయి ధరమ్ తేజ్ హీరోయిన్ గా రాశీ ఖన్నా నటిస్తున్నారు,0.0,ఈ మూవీలో హీరోగా సాయి ధరమ్ తేజ్ హీరోయిన్ గా రాశీ ఖన్వా నటిస్లున్వారు,0.0,ఈ మూవీలో హీరోగా సాయి ధరమ్ తేజ్ హీరోయిన్ గా రాశీ ఖన్వా నటిస్లున్పారు,0.0,ఈ మూవీలో హీరోగా సాయి ధరమ్ తేజ్ హీరోయిన్ గా రాశీ ఖన్వా నటిస్లున్వారు,0.0,ఈ మూవీలో హీరోగా సాయి ధరమ్ తేజ్ హీరోయిన్ గా రాశీ ఖన్పా నటిస్లున్వారు
తదుపరి అధ్యక్షుడెవరు,0.0,తదుపరి అధ్యక్షుడెవరు,0.0,తదుపరి అధ్యక్షుడెవరు,0.0,తదుపరి అధ్యక్షుడెవరు,0.0,తదుపరి అధ్యక్షుడెవరు
సాక్షి ఏళ్ల వయసులో చోట్ రామ్ స్టేడియంలో ఈశ్వర్ దహియా అనే కోచ్ వద్ద శిక్షణకు సిద్ధమైంది,0.0,సాక్షి ఏళ్గ వయసులో చోట్ రామ్ స్టేడియంలో ఈశ్సర్ దహియా అనే కోచ్ వద్డ శిక్షణకు సిద్డమైంది,0.0,సాక్షి ఏళ్గ వయసులో చోట్ రామ్ స్టేడియంలో ఈశ్చర్ దహియా అనే కోచ్ వద్డ శిక్షణకు సిద్గమైంది,0.0,సాక్షి ఏళ్గ వయసులో చోట్ రామ్ స్టేడియంలో ఈశ్యర్ దహియా అనే కోచ్ వద్  శిక్షణకు సిద్దమైంది,0.0,సాక్షి ఏళ్గ వయసులో చోట్ రామ్ స్టేడియంలో ఈశ్సర్ దహియా అనే కోచ్ వద్డ శిక్షణకు సిద్లమైంది
బందిపోటు రిలీజ్ డేట్,0.0,బందిపోటు రిలీజ్ డేట్,0.0,బందిపోటు రిలీజ్ డేట్,0.0,బందిపోటు రిలీజ్ డేట్,0.0,బందిపోటు రిలీజ్ డేట్
ఇంతే కాదు,0.0,ఇంతే కాదు,0.0,ఇంతే కాదు,0.0,ఇంతే కాదు,0.0,ఇంతే కాదు
సృజనతోనే వ్యవసాయం లాభసాటి,0.0,సృజనతోనే వ్యవసాయం లాభసాటి,0.0,సృజనతోనే వ్యవసాయం లాభసాటి,0.0,సృజనతోనే వ్యవసాయం లాభసాటి,0.0,సృజనతోనే వ్యవసాయం లాభసాటి
తరవాత ముక్కలకు నూనె అల్లంవెల్లుల్లి ఉప్పు కొత్తిమీర తురుము పసుపు పట్టించాలి,0.0,తరవాత ముక్కలకు నూనె అల్తంవెల్గుల్తి ఉప్వు కొత్లిమీర తురుము పసుపు పట్టించాలి,0.0,తరవాత ముక్కలకు నూనె అల్గంవెల్తుల్ధి ఉప్యు కొత్లిమీర తురుము పసుపు పట్టించాలి,0.0,తరవాత ముక్కలకు నూనె అల్ధంవెల్ధుల్తి ఉప్వు కొత్లిమీర తురుము పసుపు పట్టించాలి,0.0,తరవాత ముక్కలకు నూనె అల్తంవెల్తుల్ధి ఉప్వు కొత్లిమీర తురుము పసుపు పట్టించాలి
వీటితోపాటు బాండ్ల జారీ ద్వారా రూ,0.0,వీటితోపాటు బాండ్గ జారీ ద్సారా రూ,0.0,వీటితోపాటు బాండ్త జారీ ద్పారా రూ,0.0,వీటితోపాటు బాండ్ధ జారీ ద్నారా రూ,0.0,వీటితోపాటు బాండ్గ జారీ ద్సారా రూ
ఈ అసెంబ్లీ పరిధిలో అవనిగడ్డ చల్లపల్లి మోపిదేవి నాగాయలంక కోడూరు ఘంటసాల మండలాలున్నాయి,0.0,ఈ అసెంబ్ధీ పరిధిలో అవనిగడ్ద చల్ధపల్తి మోపిదేవి నాగాయలంక కోడూరు ఘంటసాల మండలాలున్పాయి,0.0,ఈ అసెంబ్తీ పరిధిలో అవనిగడ్ధ చల్ధపల్గి మోపిదేవి నాగాయలంక కోడూరు ఘంటసాల మండలాలున్వాయి,0.0,ఈ అసెంబ్గీ పరిధిలో అవనిగడ్ధ చల్గపల్గి మోపిదేవి నాగాయలంక కోడూరు ఘంటసాల మండలాలున్పాయి,0.0,ఈ అసెంబ్ధీ పరిధిలో అవనిగడ్ద చల్ధపల్గి మోపిదేవి నాగాయలంక కోడూరు ఘంటసాల మండలాలున్వాయి
భారత్ ఆర్థిక వ్యవస్థ మార్కెట్ చాలా పెద్దవి,0.0,భారత్ ఆర్థిక వ్యవస్థ మార్కెట్ చాలా పెద్ వి,0.0,భారత్ ఆర్థిక వ్యవస్థ మార్కెట్ చాలా పెద్డవి,0.0,భారత్ ఆర్థిక వ్యవస్థ మార్కెట్ చాలా పెద్డవి,0.0,భారత్ ఆర్థిక వ్యవస్థ మార్కెట్ చాలా పెద్ధవి
చిత్రం రాజ్యసభలో మాట్లాడుతున్న కేంద్ర ఆర్థిక శాఖ మంత్రి నిర్మలా సీతారామన్,0.0,చిత్రం రాజ్యసభలో మాట్తాడుతున్ప కేంద్ర ఆర్థిక శాఖ మంత్రి నిర్శలా సీతారామన్,0.0,చిత్రం రాజ్యసభలో మాట్ధాడుతున్వ కేంద్ర ఆర్థిక శాఖ మంత్రి నిర్శలా సీతారామన్,0.0,చిత్రం రాజ్యసభలో మాట్తాడుతున్ప కేంద్ర ఆర్థిక శాఖ మంత్రి నిర్శలా సీతారామన్,0.0,చిత్రం రాజ్యసభలో మాట్గాడుతున్ప కేంద్ర ఆర్థిక శాఖ మంత్రి నిర్శలా సీతారామన్
బడ్జెట్ రూ,0.0,బడ్జెట్ రూ,0.0,బడ్జెట్ రూ,0.0,బడ్జెట్ రూ,0.0,బడ్జెట్ రూ
ఆ జవాబులను చదవడానికి ముందు కొంత పరిశోధన ఎందుకు చేయకూడదు,0.0,ఆ జవాబులను చదవడానికి ముందు కొంత పరిశోధన ఎందుకు చేయకూడదు,0.0,ఆ జవాబులను చదవడానికి ముందు కొంత పరిశోధన ఎందుకు చేయకూడదు,0.0,ఆ జవాబులను చదవడానికి ముందు కొంత పరిశోధన ఎందుకు చేయకూడదు,0.0,ఆ జవాబులను చదవడానికి ముందు కొంత పరిశోధన ఎందుకు చేయకూడదు
లాస్ ఏంజిల్స్ కాలిఫోర్నియా,0.0,లాస్ ఏంజిల్న్ కాలిఫోర్పియా,0.0,లాస్ ఏంజిల్న్ కాలిఫోర్పియా,0.0,లాస్ ఏంజిల్న్ కాలిఫోర్పియా,0.0,లాస్ ఏంజిల్చ్ కాలిఫోర్పియా
తండ్రి కన్నా ముందడుగే,0.0,తండ్రి కన్పా ముందడుగే,0.0,తండ్రి కన్పా ముందడుగే,0.0,తండ్రి కన్పా ముందడుగే,0.0,తండ్రి కన్పా ముందడుగే
పిల్లలను అదుపు చేసుచేయాలని తల్లితండ్రులకు సలహా ఇచ్చారు,0.0,పిల్తలను అదుపు చేసుచేయాలని తల్ధితండ్రులకు సలహా ఇచ్సారు,0.0,పిల్ధలను అదుపు చేసుచేయాలని తల్ధితండ్రులకు సలహా ఇచ్సారు,0.0,పిల్తలను అదుపు చేసుచేయాలని తల్ధితండ్రులకు సలహా ఇచ్సారు,0.0,పిల్తలను అదుపు చేసుచేయాలని తల్తితండ్రులకు సలహా ఇచ్సారు
ముంబై ఇండియన్స్తో,0.0,ముంబై ఇండియన్చ్లో,0.0,ముంబై ఇండియన్న్లో,0.0,ముంబై ఇండియన్ప్లో,0.0,ముంబై ఇండియన్చ్లో
లేకపోతే ఆయనకు మనసు కుదుటపడదు,0.0,లేకపోతే ఆయనకు మనసు కుదుటపడదు,0.0,లేకపోతే ఆయనకు మనసు కుదుటపడదు,0.0,లేకపోతే ఆయనకు మనసు కుదుటపడదు,0.0,లేకపోతే ఆయనకు మనసు కుదుటపడదు
అతన్ని ఆ రోజు నుండి లో అతని చనిపోయే వరకు బృందం సభ్యుల్లో ఒక్కరు కూడా చూడలేదు,0.0,అతన్వి ఆ రోజు నుండి లో అతని చనిపోయే వరకు బృందం సభ్యుల్గో ఒక్కరు కూడా చూడలేదు,0.0,అతన్పి ఆ రోజు నుండి లో అతని చనిపోయే వరకు బృందం సభ్యుల్తో ఒక్కరు కూడా చూడలేదు,0.0,అతన్వి ఆ రోజు నుండి లో అతని చనిపోయే వరకు బృందం సభ్యుల్తో ఒక్కరు కూడా చూడలేదు,0.0,అతన్వి ఆ రోజు నుండి లో అతని చనిపోయే వరకు బృందం సభ్యుల్ధో ఒక్కరు కూడా చూడలేదు
ఇందులో అంజలి నివేదా థామస్ కీలక పాత్రలు పోషిస్తుండగా శృతిహాసన్ హీరోయిన్గా నటిస్తుంది,0.0,ఇందులో అంజలి నివేదా థామస్ కీలక పాత్రలు పోషిస్లుండగా శృతిహాసన్ హీరోయిన్ధా నటిస్లుంది,0.0,ఇందులో అంజలి నివేదా థామస్ కీలక పాత్రలు పోషిస్లుండగా శృతిహాసన్ హీరోయిన్లా నటిస్లుంది,0.0,ఇందులో అంజలి నివేదా థామస్ కీలక పాత్రలు పోషిస్లుండగా శృతిహాసన్ హీరోయిన్ఠా నటిస్లుంది,0.0,ఇందులో అంజలి నివేదా థామస్ కీలక పాత్రలు పోషిస్లుండగా శృతిహాసన్ హీరోయిన్లా నటిస్లుంది
ప్రజల రాకపోకలకు ట్రాఫిక్కు అంతరాయం కలుగుతోంది,0.0,ప్రజల రాకపోకలకు ట్రాఫిక్కు అంతరాయం కలుగుతోంది,0.0,ప్రజల రాకపోకలకు ట్రాఫిక్కు అంతరాయం కలుగుతోంది,0.0,ప్రజల రాకపోకలకు ట్రాఫిక్కు అంతరాయం కలుగుతోంది,0.0,ప్రజల రాకపోకలకు ట్రాఫిక్కు అంతరాయం కలుగుతోంది
కానీ బీజేపీ ప్రభుత్వం అలాంటి ప్రయత్నమే చేయలేదు,0.0,కానీ బీజేపీ ప్రభుత్నం అలాంటి ప్రయత్వమే చేయలేదు,0.0,కానీ బీజేపీ ప్రభుత్పం అలాంటి ప్రయత్పమే చేయలేదు,0.0,కానీ బీజేపీ ప్రభుత్సం అలాంటి ప్రయత్వమే చేయలేదు,0.0,కానీ బీజేపీ ప్రభుత్నం అలాంటి ప్రయత్వమే చేయలేదు
ఈ మిశ్రమంలో వేడి చేసుకున్న నెయ్యి వేసి లడ్డూలా చుట్టుకోవాలి,0.0,ఈ మిశ్రమంలో వేడి చేసుకున్ప నెయ్యి వేసి లడ్దూలా చుట్టుకోవాలి,0.0,ఈ మిశ్రమంలో వేడి చేసుకున్ప నెయ్యి వేసి లడ్దూలా చుట్టుకోవాలి,0.0,ఈ మిశ్రమంలో వేడి చేసుకున్వ నెయ్యి వేసి లడ్దూలా చుట్టుకోవాలి,0.0,ఈ మిశ్రమంలో వేడి చేసుకున్వ నెయ్యి వేసి లడ్ధూలా చుట్టుకోవాలి
ఈ వేడుకకు బాలీవుడ్ కి చెందిన ప్రముఖులను ఆహ్వానించడం జరిగింది,0.0,ఈ వేడుకకు బాలీవుడ్ కి చెందిన ప్రముఖులను ఆహ్పానించడం జరిగింది,0.0,ఈ వేడుకకు బాలీవుడ్ కి చెందిన ప్రముఖులను ఆహ్సానించడం జరిగింది,0.0,ఈ వేడుకకు బాలీవుడ్ కి చెందిన ప్రముఖులను ఆహ్చానించడం జరిగింది,0.0,ఈ వేడుకకు బాలీవుడ్ కి చెందిన ప్రముఖులను ఆహ్చానించడం జరిగింది
అయితే ఇది చెయ్యాలన్న చిత్తశుద్ధి ముఖ్యం,0.0,అయితే ఇది చెయ్యాలన్వ చిత్లశుద్లి ముఖ్యం,0.0,అయితే ఇది చెయ్యాలన్వ చిత్లశుద్ది ముఖ్యం,0.0,అయితే ఇది చెయ్యాలన్ప చిత్లశుద్ది ముఖ్యం,0.0,అయితే ఇది చెయ్యాలన్ప చిత్లశుద్లి ముఖ్యం
ఈ చిత్రంలో ఆయనది అద్భుతమైన పాత్ర,0.0,ఈ చిత్రంలో ఆయనది అద్భుతమైన పాత్ర,0.0,ఈ చిత్రంలో ఆయనది అద్భుతమైన పాత్ర,0.0,ఈ చిత్రంలో ఆయనది అద్భుతమైన పాత్ర,0.0,ఈ చిత్రంలో ఆయనది అద్భుతమైన పాత్ర
దేశంలో కాసాయి సంఘా ఉబంగి రుజిజి అరువిమి లులుంగో వంటి ప్రధాన ఉపనదులు ఉన్నాయి,0.0,దేశంలో కాసాయి సంఘా ఉబంగి రుజిజి అరువిమి లులుంగో వంటి ప్రధాన ఉపనదులు ఉన్పాయి,0.0,దేశంలో కాసాయి సంఘా ఉబంగి రుజిజి అరువిమి లులుంగో వంటి ప్రధాన ఉపనదులు ఉన్పాయి,0.0,దేశంలో కాసాయి సంఘా ఉబంగి రుజిజి అరువిమి లులుంగో వంటి ప్రధాన ఉపనదులు ఉన్వాయి,0.0,దేశంలో కాసాయి సంఘా ఉబంగి రుజిజి అరువిమి లులుంగో వంటి ప్రధాన ఉపనదులు ఉన్పాయి
వీడియో కాన్ఫరెన్స్ ద్వారా నిర్వహించిన సమావేశంలో ఐసీసీ నిర్ణయం తీసుకుంది,0.0,వీడియో కాన్ఫరెన్వ్ ద్నారా నిర్యహించిన సమావేశంలో ఐసీసీ నిర్ణయం తీసుకుంది,0.0,వీడియో కాన్ఫరెన్న్ ద్యారా నిర్చహించిన సమావేశంలో ఐసీసీ నిర్ణయం తీసుకుంది,0.0,వీడియో కాన్ఫరెన్ప్ ద్నారా నిర్పహించిన సమావేశంలో ఐసీసీ నిర్ణయం తీసుకుంది,0.0,వీడియో కాన్ఫరెన్చ్ ద్సారా నిర్చహించిన సమావేశంలో ఐసీసీ నిర్ణయం తీసుకుంది
మరియు వ్యత్యాసం తెలుసుకోవడం ఎందుకు ముఖ్యం,0.0,మరియు వ్యత్యాసం తెలుసుకోవడం ఎందుకు ముఖ్యం,0.0,మరియు వ్యత్యాసం తెలుసుకోవడం ఎందుకు ముఖ్యం,0.0,మరియు వ్యత్యాసం తెలుసుకోవడం ఎందుకు ముఖ్యం,0.0,మరియు వ్యత్యాసం తెలుసుకోవడం ఎందుకు ముఖ్యం
దానియేలు మోసం లైంగిక అనైతికత సర్వవ్యాప్తమై ఉన్నాయి,0.0,దానియేలు మోసం లైంగిక అనైతికత సర్యవ్యాప్లమై ఉన్వాయి,0.0,దానియేలు మోసం లైంగిక అనైతికత సర్చవ్యాప్లమై ఉన్పాయి,0.0,దానియేలు మోసం లైంగిక అనైతికత సర్సవ్యాప్లమై ఉన్పాయి,0.0,దానియేలు మోసం లైంగిక అనైతికత సర్యవ్యాప్లమై ఉన్వాయి
ప్రతి డెలివరీకి రూ,0.0,ప్రతి డెలివరీకి రూ,0.0,ప్రతి డెలివరీకి రూ,0.0,ప్రతి డెలివరీకి రూ,0.0,ప్రతి డెలివరీకి రూ
అప్లికేషన్ సంఖ్య,0.0,అప్ధికేషన్ సంఖ్య,0.0,అప్తికేషన్ సంఖ్య,0.0,అప్ధికేషన్ సంఖ్య,0.0,అప్ధికేషన్ సంఖ్య
రో అవకాశం ఉందిలే,0.0,రో అవకాశం ఉందిలే,0.0,రో అవకాశం ఉందిలే,0.0,రో అవకాశం ఉందిలే,0.0,రో అవకాశం ఉందిలే
అయితే వారు చాలా సౌకర్యంగా ఉంటాయి,0.0,అయితే వారు చాలా సౌకర్యంగా ఉంటాయి,0.0,అయితే వారు చాలా సౌకర్యంగా ఉంటాయి,0.0,అయితే వారు చాలా సౌకర్యంగా ఉంటాయి,0.0,అయితే వారు చాలా సౌకర్యంగా ఉంటాయి
హిందీలో అర్జున రెడ్డి చిత్రం కబీర్ సింగ్ గా తెరకెక్కి విజయం సాధించింది,0.0,హిందీలో అర్జున రెడ్ది చిత్రం కబీర్ సింగ్ గా తెరకెక్కి విజయం సాధించింది,0.0,హిందీలో అర్జున రెడ్ది చిత్రం కబీర్ సింగ్ గా తెరకెక్కి విజయం సాధించింది,0.0,హిందీలో అర్జున రెడ్ధి చిత్రం కబీర్ సింగ్ గా తెరకెక్కి విజయం సాధించింది,0.0,హిందీలో అర్జున రెడ్ది చిత్రం కబీర్ సింగ్ గా తెరకెక్కి విజయం సాధించింది
లక్షల వరకు ఉంటుంది,0.0,లక్షల వరకు ఉంటుంది,0.0,లక్షల వరకు ఉంటుంది,0.0,లక్షల వరకు ఉంటుంది,0.0,లక్షల వరకు ఉంటుంది
ప్రజాస్వామ్యం అనేది సుందర సౌధంకు చట్టసభలు ప్రజా ప్రతినిధులు కార్యనిర్వాహకవర్గం న్యాయ శాఖ పత్రికలుమీడియా నాలుగు స్తంభాలు వంటివి,0.0,ప్రజాస్సామ్యం అనేది సుందర సౌధంకు చట్టసభలు ప్రజా ప్రతినిధులు కార్యనిర్పాహకవర్ఠం న్యాయ శాఖ పత్రికలుమీడియా నాలుగు స్లంభాలు వంటివి,0.0,ప్రజాస్సామ్యం అనేది సుందర సౌధంకు చట్టసభలు ప్రజా ప్రతినిధులు కార్యనిర్చాహకవర్లం న్యాయ శాఖ పత్రికలుమీడియా నాలుగు స్లంభాలు వంటివి,0.0,ప్రజాస్చామ్యం అనేది సుందర సౌధంకు చట్టసభలు ప్రజా ప్రతినిధులు కార్యనిర్యాహకవర్ధం న్యాయ శాఖ పత్రికలుమీడియా నాలుగు స్లంభాలు వంటివి,0.0,ప్రజాస్చామ్యం అనేది సుందర సౌధంకు చట్టసభలు ప్రజా ప్రతినిధులు కార్యనిర్చాహకవర్ధం న్యాయ శాఖ పత్రికలుమీడియా నాలుగు స్లంభాలు వంటివి
వేడినీటితో టొమాటోలు పోయాలి,0.0,వేడినీటితో టొమాటోలు పోయాలి,0.0,వేడినీటితో టొమాటోలు పోయాలి,0.0,వేడినీటితో టొమాటోలు పోయాలి,0.0,వేడినీటితో టొమాటోలు పోయాలి
దీనిపై కాంగ్రెస్ బిజపెలు విమర్శలు చేస్తున్నాయి,0.0,దీనిపై కాంగ్రెస్ బిజపెలు విమర్మలు చేస్లున్వాయి,0.0,దీనిపై కాంగ్రెస్ బిజపెలు విమర్మలు చేస్లున్వాయి,0.0,దీనిపై కాంగ్రెస్ బిజపెలు విమర్మలు చేస్లున్వాయి,0.0,దీనిపై కాంగ్రెస్ బిజపెలు విమర్మలు చేస్లున్వాయి
ఢిల్లీలోని చాందినీ చౌక్ నియోజకవర్గం ఎమ్మెల్యే అల్కా లంబా ఆమ్ ఆద్మీ పార్టీకి రాజీనామా చేశారు,0.0,ఢిల్తీలోని చాందినీ చౌక్ నియోజకవర్ధం ఎమ్శెల్యే అల్కా లంబా ఆమ్ ఆద్శీ పార్టీకి రాజీనామా చేశారు,0.0,ఢిల్ధీలోని చాందినీ చౌక్ నియోజకవర్ధం ఎమ్శెల్యే అల్కా లంబా ఆమ్ ఆద్శీ పార్టీకి రాజీనామా చేశారు,0.0,ఢిల్తీలోని చాందినీ చౌక్ నియోజకవర్ఠం ఎమ్శెల్యే అల్కా లంబా ఆమ్ ఆద్శీ పార్టీకి రాజీనామా చేశారు,0.0,ఢిల్గీలోని చాందినీ చౌక్ నియోజకవర్ఠం ఎమ్శెల్యే అల్కా లంబా ఆమ్ ఆద్శీ పార్టీకి రాజీనామా చేశారు
సంఘటనా స్థలాన్ని ఎస్పీ రాజశేఖర్ బాబు పరిశీలించారు,0.0,సంఘటనా స్థలాన్పి ఎస్నీ రాజశేఖర్ బాబు పరిశీలించారు,0.0,సంఘటనా స్థలాన్వి ఎస్నీ రాజశేఖర్ బాబు పరిశీలించారు,0.0,సంఘటనా స్థలాన్పి ఎస్సీ రాజశేఖర్ బాబు పరిశీలించారు,0.0,సంఘటనా స్థలాన్పి ఎస్సీ రాజశేఖర్ బాబు పరిశీలించారు
్రపంచంలో అతి పెద్ద ప్రజాస్వామ్య దేశం అని చెప్పుకోవడానికి సైతం సిగ్గుపడేలా,0.0,్రపంచంలో అతి పెద్డ ప్రజాస్సామ్య దేశం అని చెప్నుకోవడానికి సైతం సిగ్లుపడేలా,0.0,్రపంచంలో అతి పెద్డ ప్రజాస్సామ్య దేశం అని చెప్యుకోవడానికి సైతం సిగ్లుపడేలా,0.0,్రపంచంలో అతి పెద్డ ప్రజాస్చామ్య దేశం అని చెప్యుకోవడానికి సైతం సిగ్లుపడేలా,0.0,్రపంచంలో అతి పెద్ధ ప్రజాస్సామ్య దేశం అని చెప్సుకోవడానికి సైతం సిగ్ధుపడేలా
వద్ద ట్రేడవుతోంది,0.0,వద్ధ ట్రేడవుతోంది,0.0,వద్  ట్రేడవుతోంది,0.0,వద్డ ట్రేడవుతోంది,0.0,వద్డ ట్రేడవుతోంది
అందుకని నేను మీకు చెపుతున్నాను వినండి,0.0,అందుకని నేను మీకు చెపుతున్పాను వినండి,0.0,అందుకని నేను మీకు చెపుతున్పాను వినండి,0.0,అందుకని నేను మీకు చెపుతున్పాను వినండి,0.0,అందుకని నేను మీకు చెపుతున్వాను వినండి
మాత్రమే తేడా ఎలా చేరుకోవడానికి ఉంది,0.0,మాత్రమే తేడా ఎలా చేరుకోవడానికి ఉంది,0.0,మాత్రమే తేడా ఎలా చేరుకోవడానికి ఉంది,0.0,మాత్రమే తేడా ఎలా చేరుకోవడానికి ఉంది,0.0,మాత్రమే తేడా ఎలా చేరుకోవడానికి ఉంది
రహదారి వెంట వెళ్లే వాహనాలను తనిఖీ చేస్తున్నారు,0.0,రహదారి వెంట వెళ్ధే వాహనాలను తనిఖీ చేస్లున్పారు,0.0,రహదారి వెంట వెళ్ధే వాహనాలను తనిఖీ చేస్లున్వారు,0.0,రహదారి వెంట వెళ్తే వాహనాలను తనిఖీ చేస్లున్వారు,0.0,రహదారి వెంట వెళ్గే వాహనాలను తనిఖీ చేస్లున్వారు
జగపతిబాబుఅమితాబచ్చన్ సుదీప్ విజయ్ సేతుపతితమన్నా తదితరులు కీలక పాత్రలు పోషిస్తున్నారు,0.0,జగపతిబాబుఅమితాబచ్వన్ సుదీప్ విజయ్ సేతుపతితమన్వా తదితరులు కీలక పాత్రలు పోషిస్లున్వారు,0.0,జగపతిబాబుఅమితాబచ్వన్ సుదీప్ విజయ్ సేతుపతితమన్పా తదితరులు కీలక పాత్రలు పోషిస్లున్వారు,0.0,జగపతిబాబుఅమితాబచ్వన్ సుదీప్ విజయ్ సేతుపతితమన్వా తదితరులు కీలక పాత్రలు పోషిస్లున్వారు,0.0,జగపతిబాబుఅమితాబచ్వన్ సుదీప్ విజయ్ సేతుపతితమన్వా తదితరులు కీలక పాత్రలు పోషిస్లున్పారు
అనే ప్రశ్న కొన్నిసార్లు నాకు ఎదురైంది,0.0,అనే ప్రశ్వ కొన్విసార్ధు నాకు ఎదురైంది,0.0,అనే ప్రశ్ప కొన్విసార్ధు నాకు ఎదురైంది,0.0,అనే ప్రశ్వ కొన్పిసార్తు నాకు ఎదురైంది,0.0,అనే ప్రశ్వ కొన్పిసార్ధు నాకు ఎదురైంది
లక్షల నుంచి గరిష్టంగా రూ,0.0,లక్షల నుంచి గరిష్టంగా రూ,0.0,లక్షల నుంచి గరిష్టంగా రూ,0.0,లక్షల నుంచి గరిష్టంగా రూ,0.0,లక్షల నుంచి గరిష్టంగా రూ
ప్రత్యేక పూజలు అభిషేకాలు నిర్వహించారు,0.0,ప్రత్యేక పూజలు అభిషేకాలు నిర్నహించారు,0.0,ప్రత్యేక పూజలు అభిషేకాలు నిర్చహించారు,0.0,ప్రత్యేక పూజలు అభిషేకాలు నిర్పహించారు,0.0,ప్రత్యేక పూజలు అభిషేకాలు నిర్యహించారు
పోలీసులు అతికష్టం మీద రఘువీర్ ను బంధించి స్టేషన్ కు తరలించారు,0.0,పోలీసులు అతికష్టం మీద రఘువీర్ ను బంధించి స్టేషన్ కు తరలించారు,0.0,పోలీసులు అతికష్టం మీద రఘువీర్ ను బంధించి స్టేషన్ కు తరలించారు,0.0,పోలీసులు అతికష్టం మీద రఘువీర్ ను బంధించి స్టేషన్ కు తరలించారు,0.0,పోలీసులు అతికష్టం మీద రఘువీర్ ను బంధించి స్టేషన్ కు తరలించారు
అలాంటి వాడు హత్య చేశాడంటే ఎలా నమ్ముతాం అని అన్నారు,0.0,అలాంటి వాడు హత్య చేశాడంటే ఎలా నమ్శుతాం అని అన్వారు,0.0,అలాంటి వాడు హత్య చేశాడంటే ఎలా నమ్శుతాం అని అన్పారు,0.0,అలాంటి వాడు హత్య చేశాడంటే ఎలా నమ్శుతాం అని అన్వారు,0.0,అలాంటి వాడు హత్య చేశాడంటే ఎలా నమ్శుతాం అని అన్వారు
నాకు చాలా విషయాలు ఉన్నాయి,0.0,నాకు చాలా విషయాలు ఉన్పాయి,0.0,నాకు చాలా విషయాలు ఉన్పాయి,0.0,నాకు చాలా విషయాలు ఉన్వాయి,0.0,నాకు చాలా విషయాలు ఉన్వాయి
దయచేసి తెలియజేయండి,0.0,దయచేసి తెలియజేయండి,0.0,దయచేసి తెలియజేయండి,0.0,దయచేసి తెలియజేయండి,0.0,దయచేసి తెలియజేయండి
ఇప్పటికే బిజెపి నేతల తీరుపై కాంగ్రెస్ పార్టీ తీవ్రస్థాయిలో ఆరోపణలు చేస్తున్నది,0.0,ఇప్వటికే బిజెపి నేతల తీరుపై కాంగ్రెస్ పార్టీ తీవ్రస్థాయిలో ఆరోపణలు చేస్లున్పది,0.0,ఇప్వటికే బిజెపి నేతల తీరుపై కాంగ్రెస్ పార్టీ తీవ్రస్థాయిలో ఆరోపణలు చేస్లున్వది,0.0,ఇప్నటికే బిజెపి నేతల తీరుపై కాంగ్రెస్ పార్టీ తీవ్రస్థాయిలో ఆరోపణలు చేస్లున్వది,0.0,ఇప్నటికే బిజెపి నేతల తీరుపై కాంగ్రెస్ పార్టీ తీవ్రస్థాయిలో ఆరోపణలు చేస్లున్పది
నిరాశ మిగిల్చిన నిర్ణయం,0.0,నిరాశ మిగిల్సిన నిర్ణయం,0.0,నిరాశ మిగిల్విన నిర్ణయం,0.0,నిరాశ మిగిల్విన నిర్ణయం,0.0,నిరాశ మిగిల్విన నిర్ణయం
నిందితులను అరెస్ట్ చేసి రిమాండ్కు తరలిస్తున్నట్లు సీఐ తెలిపారు,0.0,నిందితులను అరెస్ట్ చేసి రిమాండ్కు తరలిస్లున్పట్ధు సీఐ తెలిపారు,0.0,నిందితులను అరెస్ట్ చేసి రిమాండ్కు తరలిస్లున్వట్తు సీఐ తెలిపారు,0.0,నిందితులను అరెస్ట్ చేసి రిమాండ్కు తరలిస్లున్వట్గు సీఐ తెలిపారు,0.0,నిందితులను అరెస్ట్ చేసి రిమాండ్కు తరలిస్లున్పట్ధు సీఐ తెలిపారు
కోట్లు తగ్గింది,0.0,కోట్ధు తగ్లింది,0.0,కోట్గు తగ్ఠింది,0.0,కోట్తు తగ్ఠింది,0.0,కోట్గు తగ్లింది
అసోసియేషన్ యొక్క స్వీయ,0.0,అసోసియేషన్ యొక్క స్నీయ,0.0,అసోసియేషన్ యొక్క స్యీయ,0.0,అసోసియేషన్ యొక్క స్చీయ,0.0,అసోసియేషన్ యొక్క స్చీయ
అనే దానిపై సమాలోచన చేస్తున్నారు,0.0,అనే దానిపై సమాలోచన చేస్లున్పారు,0.0,అనే దానిపై సమాలోచన చేస్లున్పారు,0.0,అనే దానిపై సమాలోచన చేస్లున్పారు,0.0,అనే దానిపై సమాలోచన చేస్లున్పారు
తన అన్నను కిరాతంగా హత్య చేశారని నిందితులను కఠినంగా శిక్షించాలని డిమాండ్ చేశాడు,0.0,తన అన్పను కిరాతంగా హత్య చేశారని నిందితులను కఠినంగా శిక్షించాలని డిమాండ్ చేశాడు,0.0,తన అన్పను కిరాతంగా హత్య చేశారని నిందితులను కఠినంగా శిక్షించాలని డిమాండ్ చేశాడు,0.0,తన అన్వను కిరాతంగా హత్య చేశారని నిందితులను కఠినంగా శిక్షించాలని డిమాండ్ చేశాడు,0.0,తన అన్పను కిరాతంగా హత్య చేశారని నిందితులను కఠినంగా శిక్షించాలని డిమాండ్ చేశాడు
తాజాగా చైనాకు చెందిన పేరుతో శక్తివంతమైన డ్యుయల్ ఫ్రంట్ కెమెరా ఫోన్ను లాంచ్ చేసింది,0.0,తాజాగా చైనాకు చెందిన పేరుతో శక్లివంతమైన డ్యుయల్ ఫ్రంట్ కెమెరా ఫోన్పు లాంచ్ చేసింది,0.0,తాజాగా చైనాకు చెందిన పేరుతో శక్లివంతమైన డ్యుయల్ ఫ్రంట్ కెమెరా ఫోన్పు లాంచ్ చేసింది,0.0,తాజాగా చైనాకు చెందిన పేరుతో శక్లివంతమైన డ్యుయల్ ఫ్రంట్ కెమెరా ఫోన్వు లాంచ్ చేసింది,0.0,తాజాగా చైనాకు చెందిన పేరుతో శక్లివంతమైన డ్యుయల్ ఫ్రంట్ కెమెరా ఫోన్వు లాంచ్ చేసింది
ముట్టడి ఇంకా అలాగే కొనసాగింది,0.0,ముట్టడి ఇంకా అలాగే కొనసాగింది,0.0,ముట్టడి ఇంకా అలాగే కొనసాగింది,0.0,ముట్టడి ఇంకా అలాగే కొనసాగింది,0.0,ముట్టడి ఇంకా అలాగే కొనసాగింది
మరి మీరు ఏమి చేస్తారు,0.0,మరి మీరు ఏమి చేస్లారు,0.0,మరి మీరు ఏమి చేస్లారు,0.0,మరి మీరు ఏమి చేస్లారు,0.0,మరి మీరు ఏమి చేస్లారు
అలా అని భారత్ జట్టు మెరుగ్గా ఆడట్లేదని నేను చెప్పట్లేదు,0.0,అలా అని భారత్ జట్టు మెరుగ్లా ఆడట్ధేదని నేను చెప్యట్గేదు,0.0,అలా అని భారత్ జట్టు మెరుగ్ధా ఆడట్గేదని నేను చెప్యట్గేదు,0.0,అలా అని భారత్ జట్టు మెరుగ్ధా ఆడట్తేదని నేను చెప్సట్తేదు,0.0,అలా అని భారత్ జట్టు మెరుగ్ధా ఆడట్తేదని నేను చెప్సట్తేదు
ఒక పశు వైద్యశాలలో ఒక డాక్టరు నలుగురు పారామెడికల్ సిబ్బందీ ఉన్నారు,0.0,ఒక పశు వైద్యశాలలో ఒక డాక్టరు నలుగురు పారామెడికల్ సిబ్బందీ ఉన్పారు,0.0,ఒక పశు వైద్యశాలలో ఒక డాక్టరు నలుగురు పారామెడికల్ సిబ్బందీ ఉన్వారు,0.0,ఒక పశు వైద్యశాలలో ఒక డాక్టరు నలుగురు పారామెడికల్ సిబ్బందీ ఉన్వారు,0.0,ఒక పశు వైద్యశాలలో ఒక డాక్టరు నలుగురు పారామెడికల్ సిబ్బందీ ఉన్వారు
ఈ ప్రమాదం పూణేముంబై హైవేపై చోటుచేసుకుంది,0.0,ఈ ప్రమాదం పూణేముంబై హైవేపై చోటుచేసుకుంది,0.0,ఈ ప్రమాదం పూణేముంబై హైవేపై చోటుచేసుకుంది,0.0,ఈ ప్రమాదం పూణేముంబై హైవేపై చోటుచేసుకుంది,0.0,ఈ ప్రమాదం పూణేముంబై హైవేపై చోటుచేసుకుంది
సీపీఐ రాష్ట్ర కార్యదర్శి రామకృష్ణ సీపీఎం రాష్ట్ర కార్యదర్శి మధు తదితరులు సమావేశమయ్యారు,0.0,సీపీఐ రాష్ట్ర కార్యదర్మి రామకృష్ణ సీపీఎం రాష్ట్ర కార్యదర్మి మధు తదితరులు సమావేశమయ్యారు,0.0,సీపీఐ రాష్ట్ర కార్యదర్మి రామకృష్ణ సీపీఎం రాష్ట్ర కార్యదర్మి మధు తదితరులు సమావేశమయ్యారు,0.0,సీపీఐ రాష్ట్ర కార్యదర్మి రామకృష్ణ సీపీఎం రాష్ట్ర కార్యదర్మి మధు తదితరులు సమావేశమయ్యారు,0.0,సీపీఐ రాష్ట్ర కార్యదర్మి రామకృష్ణ సీపీఎం రాష్ట్ర కార్యదర్మి మధు తదితరులు సమావేశమయ్యారు
తత్ఫలితంగా మరియ యేసు బోధను అంగీకరించి క్రైస్తవ సంఘంలో మొదటి సభ్యులైనవారిలో ఒకరిగా మారింది,0.0,తత్ఫలితంగా మరియ యేసు బోధను అంగీకరించి క్రైస్లవ సంఘంలో మొదటి సభ్యులైనవారిలో ఒకరిగా మారింది,0.0,తత్ఫలితంగా మరియ యేసు బోధను అంగీకరించి క్రైస్లవ సంఘంలో మొదటి సభ్యులైనవారిలో ఒకరిగా మారింది,0.0,తత్ఫలితంగా మరియ యేసు బోధను అంగీకరించి క్రైస్లవ సంఘంలో మొదటి సభ్యులైనవారిలో ఒకరిగా మారింది,0.0,తత్ఫలితంగా మరియ యేసు బోధను అంగీకరించి క్రైస్లవ సంఘంలో మొదటి సభ్యులైనవారిలో ఒకరిగా మారింది
క్షలాది మంది నీరాజనం,0.0,క్షలాది మంది నీరాజనం,0.0,క్షలాది మంది నీరాజనం,0.0,క్షలాది మంది నీరాజనం,0.0,క్షలాది మంది నీరాజనం
ఆయన సతీమణి అనితా గోయల్ కూడా జెట్ ఎయిర్వేస్ బోర్డు వైదొలిగారు,0.0,ఆయన సతీమణి అనితా గోయల్ కూడా జెట్ ఎయిర్యేస్ బోర్ధు వైదొలిగారు,0.0,ఆయన సతీమణి అనితా గోయల్ కూడా జెట్ ఎయిర్యేస్ బోర్దు వైదొలిగారు,0.0,ఆయన సతీమణి అనితా గోయల్ కూడా జెట్ ఎయిర్సేస్ బోర్ధు వైదొలిగారు,0.0,ఆయన సతీమణి అనితా గోయల్ కూడా జెట్ ఎయిర్నేస్ బోర్ధు వైదొలిగారు
కలిపితే రూ,0.0,కలిపితే రూ,0.0,కలిపితే రూ,0.0,కలిపితే రూ,0.0,కలిపితే రూ
దీన్ని అదుపులో ఉంచుకోవాలంటే రోజూ తప్పనిసరిగా వ్యాయామం చేయడం తప్పనిసరే,0.0,దీన్పి అదుపులో ఉంచుకోవాలంటే రోజూ తప్ననిసరిగా వ్యాయామం చేయడం తప్యనిసరే,0.0,దీన్పి అదుపులో ఉంచుకోవాలంటే రోజూ తప్సనిసరిగా వ్యాయామం చేయడం తప్వనిసరే,0.0,దీన్పి అదుపులో ఉంచుకోవాలంటే రోజూ తప్సనిసరిగా వ్యాయామం చేయడం తప్ననిసరే,0.0,దీన్పి అదుపులో ఉంచుకోవాలంటే రోజూ తప్సనిసరిగా వ్యాయామం చేయడం తప్ననిసరే
కార్యకర్తలు నిరుత్సాహంగా ఉన్నారు,0.0,కార్యకర్లలు నిరుత్పాహంగా ఉన్వారు,0.0,కార్యకర్లలు నిరుత్నాహంగా ఉన్వారు,0.0,కార్యకర్లలు నిరుత్పాహంగా ఉన్వారు,0.0,కార్యకర్లలు నిరుత్చాహంగా ఉన్వారు
చెల్లిస్తున్నారు,0.0,చెల్లిస్లున్వారు,0.0,చెల్ధిస్లున్పారు,0.0,చెల్ధిస్లున్వారు,0.0,చెల్గిస్లున్వారు
రాష్ట్రవ్యాప్తంగా లక్షల మందికి పెన్షన్లు అందించనుంది,0.0,రాష్ట్రవ్యాప్లంగా లక్షల మందికి పెన్షన్తు అందించనుంది,0.0,రాష్ట్రవ్యాప్లంగా లక్షల మందికి పెన్షన్ధు అందించనుంది,0.0,రాష్ట్రవ్యాప్లంగా లక్షల మందికి పెన్షన్ధు అందించనుంది,0.0,రాష్ట్రవ్యాప్లంగా లక్షల మందికి పెన్షన్గు అందించనుంది
ఆస్పత్రిలో చికిత్స పొందుతూ వారిలో ఒకరు మరణించారు,0.0,ఆస్యత్రిలో చికిత్ప పొందుతూ వారిలో ఒకరు మరణించారు,0.0,ఆస్సత్రిలో చికిత్వ పొందుతూ వారిలో ఒకరు మరణించారు,0.0,ఆస్యత్రిలో చికిత్చ పొందుతూ వారిలో ఒకరు మరణించారు,0.0,ఆస్వత్రిలో చికిత్వ పొందుతూ వారిలో ఒకరు మరణించారు
దర్శకనిర్మాత కరణ్ జోహార్ బాలీవుడ్లో మోస్ట్ ఎలిజిబుల్ బ్యాచిలర్స్లో ఒకరు,0.0,దర్మకనిర్శాత కరణ్ జోహార్ బాలీవుడ్ధో మోస్ట్ ఎలిజిబుల్ బ్యాచిలర్న్గో ఒకరు,0.0,దర్మకనిర్శాత కరణ్ జోహార్ బాలీవుడ్ధో మోస్ట్ ఎలిజిబుల్ బ్యాచిలర్ప్గో ఒకరు,0.0,దర్మకనిర్శాత కరణ్ జోహార్ బాలీవుడ్ధో మోస్ట్ ఎలిజిబుల్ బ్యాచిలర్వ్ధో ఒకరు,0.0,దర్మకనిర్శాత కరణ్ జోహార్ బాలీవుడ్తో మోస్ట్ ఎలిజిబుల్ బ్యాచిలర్వ్తో ఒకరు
చాలా వరకు అతిపెద్ద నౌకానిర్మాణ సంస్థలు వాటి కార్యాలయాలను మరియు తయారీ ప్రదేశాలను కేప్ టౌన్లో కలిగి ఉన్నాయి,0.0,చాలా వరకు అతిపెద్ధ నౌకానిర్శాణ సంస్థలు వాటి కార్యాలయాలను మరియు తయారీ ప్రదేశాలను కేప్ టౌన్తో కలిగి ఉన్పాయి,0.0,చాలా వరకు అతిపెద్  నౌకానిర్శాణ సంస్థలు వాటి కార్యాలయాలను మరియు తయారీ ప్రదేశాలను కేప్ టౌన్గో కలిగి ఉన్వాయి,0.0,చాలా వరకు అతిపెద్ధ నౌకానిర్శాణ సంస్థలు వాటి కార్యాలయాలను మరియు తయారీ ప్రదేశాలను కేప్ టౌన్గో కలిగి ఉన్వాయి,0.0,చాలా వరకు అతిపెద్  నౌకానిర్శాణ సంస్థలు వాటి కార్యాలయాలను మరియు తయారీ ప్రదేశాలను కేప్ టౌన్తో కలిగి ఉన్వాయి
మంచి సంబంధాలకు నిజమైన ఐక్యతకు నిస్వార్థ ప్రేమ కీలకమని గుర్తుంచుకోండి,0.0,మంచి సంబంధాలకు నిజమైన ఐక్యతకు నిస్నార్థ ప్రేమ కీలకమని గుర్లుంచుకోండి,0.0,మంచి సంబంధాలకు నిజమైన ఐక్యతకు నిస్పార్థ ప్రేమ కీలకమని గుర్లుంచుకోండి,0.0,మంచి సంబంధాలకు నిజమైన ఐక్యతకు నిస్సార్థ ప్రేమ కీలకమని గుర్లుంచుకోండి,0.0,మంచి సంబంధాలకు నిజమైన ఐక్యతకు నిస్చార్థ ప్రేమ కీలకమని గుర్లుంచుకోండి
ఏవరూ చెప్పలేరు,0.0,ఏవరూ చెప్సలేరు,0.0,ఏవరూ చెప్యలేరు,0.0,ఏవరూ చెప్నలేరు,0.0,ఏవరూ చెప్సలేరు
వారిని వెంటనే కనిగిరి ప్రభుత్వాస్పత్రికి తరలించారు,0.0,వారిని వెంటనే కనిగిరి ప్రభుత్యాస్నత్రికి తరలించారు,0.0,వారిని వెంటనే కనిగిరి ప్రభుత్చాస్నత్రికి తరలించారు,0.0,వారిని వెంటనే కనిగిరి ప్రభుత్పాస్నత్రికి తరలించారు,0.0,వారిని వెంటనే కనిగిరి ప్రభుత్సాస్సత్రికి తరలించారు
ఈ పది రాష్ట్రాల్లో మనం కలిసి కరోనాను ఓడిస్తే దేశం కూడా గెలుస్తుందన్న విషయాన్ని గ్రహించడం జరిగింది,0.0,ఈ పది రాష్ట్రాల్గో మనం కలిసి కరోనాను ఓడిస్లే దేశం కూడా గెలుస్లుందన్ప విషయాన్వి గ్రహించడం జరిగింది,0.0,ఈ పది రాష్ట్రాల్గో మనం కలిసి కరోనాను ఓడిస్లే దేశం కూడా గెలుస్లుందన్వ విషయాన్వి గ్రహించడం జరిగింది,0.0,ఈ పది రాష్ట్రాల్గో మనం కలిసి కరోనాను ఓడిస్లే దేశం కూడా గెలుస్లుందన్ప విషయాన్పి గ్రహించడం జరిగింది,0.0,ఈ పది రాష్ట్రాల్గో మనం కలిసి కరోనాను ఓడిస్లే దేశం కూడా గెలుస్లుందన్ప విషయాన్పి గ్రహించడం జరిగింది
పాలకపార్టీకి భాగస్వాములుగా ఉన్న మరో ముగ్గురు కూడా పళినస్వామికి మద్దతు ప్రకటించారన్నారు,0.0,పాలకపార్టీకి భాగస్సాములుగా ఉన్ప మరో ముగ్ధురు కూడా పళినస్చామికి మద్డతు ప్రకటించారన్పారు,0.0,పాలకపార్టీకి భాగస్సాములుగా ఉన్ప మరో ముగ్ఠురు కూడా పళినస్నామికి మద్ధతు ప్రకటించారన్పారు,0.0,పాలకపార్టీకి భాగస్యాములుగా ఉన్ప మరో ముగ్ధురు కూడా పళినస్సామికి మద్డతు ప్రకటించారన్వారు,0.0,పాలకపార్టీకి భాగస్పాములుగా ఉన్వ మరో ముగ్లురు కూడా పళినస్నామికి మద్డతు ప్రకటించారన్పారు
సమావేశ హాలు గురించి శ్రద్ధ తీసుకుంటున్న పమ్ ఆనీ,0.0,సమావేశ హాలు గురించి శ్రద్డ తీసుకుంటున్ప పమ్ ఆనీ,0.0,సమావేశ హాలు గురించి శ్రద్గ తీసుకుంటున్వ పమ్ ఆనీ,0.0,సమావేశ హాలు గురించి శ్రద్ద తీసుకుంటున్వ పమ్ ఆనీ,0.0,సమావేశ హాలు గురించి శ్రద్గ తీసుకుంటున్వ పమ్ ఆనీ
టీవీతో మాట్లాడాడు,0.0,టీవీతో మాట్ధాడాడు,0.0,టీవీతో మాట్గాడాడు,0.0,టీవీతో మాట్ధాడాడు,0.0,టీవీతో మాట్ధాడాడు
జార్జ్ సోరోస్,0.0,జార్జ్ సోరోస్,0.0,జార్జ్ సోరోస్,0.0,జార్జ్ సోరోస్,0.0,జార్జ్ సోరోస్
సోషల్ మీడియా వేదికగా రెచ్చగొట్టే పోస్టులు చేసిన వారిపై కఠిన చర్యలు తీసుకుంటామన్నారు,0.0,సోషల్ మీడియా వేదికగా రెచ్వగొట్టే పోస్టులు చేసిన వారిపై కఠిన చర్యలు తీసుకుంటామన్వారు,0.0,సోషల్ మీడియా వేదికగా రెచ్వగొట్టే పోస్టులు చేసిన వారిపై కఠిన చర్యలు తీసుకుంటామన్పారు,0.0,సోషల్ మీడియా వేదికగా రెచ్సగొట్టే పోస్టులు చేసిన వారిపై కఠిన చర్యలు తీసుకుంటామన్వారు,0.0,సోషల్ మీడియా వేదికగా రెచ్వగొట్టే పోస్టులు చేసిన వారిపై కఠిన చర్యలు తీసుకుంటామన్వారు
అది అంగీకరించాల్సిన విషయం,0.0,అది అంగీకరించాల్నిన విషయం,0.0,అది అంగీకరించాల్పిన విషయం,0.0,అది అంగీకరించాల్చిన విషయం,0.0,అది అంగీకరించాల్పిన విషయం
కొత్త వ్యవసాయ చట్టాలకు వ్యతిరేకంగా రైతుల నిరసన సందర్భంగా పంజాబ్లోని కు పైగా టెలికం టవర్లు దెబ్బతిన్నాయి,0.0,కొత్ల వ్యవసాయ చట్టాలకు వ్యతిరేకంగా రైతుల నిరసన సందర్భంగా పంజాబ్తోని కు పైగా టెలికం టవర్గు దెబ్బతిన్పాయి,0.0,కొత్ల వ్యవసాయ చట్టాలకు వ్యతిరేకంగా రైతుల నిరసన సందర్భంగా పంజాబ్తోని కు పైగా టెలికం టవర్గు దెబ్బతిన్వాయి,0.0,కొత్ల వ్యవసాయ చట్టాలకు వ్యతిరేకంగా రైతుల నిరసన సందర్భంగా పంజాబ్తోని కు పైగా టెలికం టవర్తు దెబ్బతిన్వాయి,0.0,కొత్ల వ్యవసాయ చట్టాలకు వ్యతిరేకంగా రైతుల నిరసన సందర్భంగా పంజాబ్ధోని కు పైగా టెలికం టవర్తు దెబ్బతిన్పాయి
దీంతో బీజేపీ నేతలకు ఏం చేయాలో పాలుపోవడం లేదు,0.0,దీంతో బీజేపీ నేతలకు ఏం చేయాలో పాలుపోవడం లేదు,0.0,దీంతో బీజేపీ నేతలకు ఏం చేయాలో పాలుపోవడం లేదు,0.0,దీంతో బీజేపీ నేతలకు ఏం చేయాలో పాలుపోవడం లేదు,0.0,దీంతో బీజేపీ నేతలకు ఏం చేయాలో పాలుపోవడం లేదు
అయితే ఈ చిత్రం రెగ్యులర్ షూటింగ్ ఇంకా ప్రారంభం కాలేదు,0.0,అయితే ఈ చిత్రం రెగ్యులర్ షూటింగ్ ఇంకా ప్రారంభం కాలేదు,0.0,అయితే ఈ చిత్రం రెగ్యులర్ షూటింగ్ ఇంకా ప్రారంభం కాలేదు,0.0,అయితే ఈ చిత్రం రెగ్యులర్ షూటింగ్ ఇంకా ప్రారంభం కాలేదు,0.0,అయితే ఈ చిత్రం రెగ్యులర్ షూటింగ్ ఇంకా ప్రారంభం కాలేదు
ఈ పాత్రధారులు ఎవరిని సూచిస్తున్నారో మీకు తెలుసా,0.0,ఈ పాత్రధారులు ఎవరిని సూచిస్లున్పారో మీకు తెలుసా,0.0,ఈ పాత్రధారులు ఎవరిని సూచిస్లున్వారో మీకు తెలుసా,0.0,ఈ పాత్రధారులు ఎవరిని సూచిస్లున్వారో మీకు తెలుసా,0.0,ఈ పాత్రధారులు ఎవరిని సూచిస్లున్పారో మీకు తెలుసా
తర్వాత అతను హాలులో ఆమెను వెంటాడి పట్టుకుంటాడు,0.0,తర్నాత అతను హాలులో ఆమెను వెంటాడి పట్టుకుంటాడు,0.0,తర్యాత అతను హాలులో ఆమెను వెంటాడి పట్టుకుంటాడు,0.0,తర్చాత అతను హాలులో ఆమెను వెంటాడి పట్టుకుంటాడు,0.0,తర్సాత అతను హాలులో ఆమెను వెంటాడి పట్టుకుంటాడు
పోలీసు అధికారులు అతడిపై ఐపీసీ సెక్షన్ కింద కేసు పెట్టారు,0.0,పోలీసు అధికారులు అతడిపై ఐపీసీ సెక్షన్ కింద కేసు పెట్టారు,0.0,పోలీసు అధికారులు అతడిపై ఐపీసీ సెక్షన్ కింద కేసు పెట్టారు,0.0,పోలీసు అధికారులు అతడిపై ఐపీసీ సెక్షన్ కింద కేసు పెట్టారు,0.0,పోలీసు అధికారులు అతడిపై ఐపీసీ సెక్షన్ కింద కేసు పెట్టారు
అవన్నీ ఖరీదైనవి,0.0,అవన్వీ ఖరీదైనవి,0.0,అవన్పీ ఖరీదైనవి,0.0,అవన్వీ ఖరీదైనవి,0.0,అవన్వీ ఖరీదైనవి
పరుగులకే వికెట్లు కోల్పోయి కష్టాల్లో పడింది,0.0,పరుగులకే వికెట్గు కోల్నోయి కష్టాల్గో పడింది,0.0,పరుగులకే వికెట్గు కోల్యోయి కష్టాల్గో పడింది,0.0,పరుగులకే వికెట్గు కోల్యోయి కష్టాల్ధో పడింది,0.0,పరుగులకే వికెట్తు కోల్నోయి కష్టాల్ధో పడింది
దీనికి సంబంధించి ఎల్లుండి షెడ్యూల్ విడుదల చేయనున్నది,0.0,దీనికి సంబంధించి ఎల్గుండి షెడ్యూల్ విడుదల చేయనున్వది,0.0,దీనికి సంబంధించి ఎల్ధుండి షెడ్యూల్ విడుదల చేయనున్పది,0.0,దీనికి సంబంధించి ఎల్తుండి షెడ్యూల్ విడుదల చేయనున్పది,0.0,దీనికి సంబంధించి ఎల్గుండి షెడ్యూల్ విడుదల చేయనున్పది
అక్కడితో ఆగకుండా ప్రధాని మోడీకి లేఖ రాశారు,0.0,అక్కడితో ఆగకుండా ప్రధాని మోడీకి లేఖ రాశారు,0.0,అక్కడితో ఆగకుండా ప్రధాని మోడీకి లేఖ రాశారు,0.0,అక్కడితో ఆగకుండా ప్రధాని మోడీకి లేఖ రాశారు,0.0,అక్కడితో ఆగకుండా ప్రధాని మోడీకి లేఖ రాశారు
పశ్చిమబెంగాల్లో,0.0,పశ్సిమబెంగాల్ధో,0.0,పశ్విమబెంగాల్ధో,0.0,పశ్సిమబెంగాల్ధో,0.0,పశ్సిమబెంగాల్తో
కాలినడకన స్పర్స్ వదిలించుకోవటం ఎలా,0.0,కాలినడకన స్నర్న్ వదిలించుకోవటం ఎలా,0.0,కాలినడకన స్యర్వ్ వదిలించుకోవటం ఎలా,0.0,కాలినడకన స్నర్చ్ వదిలించుకోవటం ఎలా,0.0,కాలినడకన స్నర్చ్ వదిలించుకోవటం ఎలా
మనరాష్ట్రంలో మనం ఏం చేశాం,0.0,మనరాష్ట్రంలో మనం ఏం చేశాం,0.0,మనరాష్ట్రంలో మనం ఏం చేశాం,0.0,మనరాష్ట్రంలో మనం ఏం చేశాం,0.0,మనరాష్ట్రంలో మనం ఏం చేశాం
అబ్బాయి పుట్టలేదుగా,0.0,అబ్బాయి పుట్టలేదుగా,0.0,అబ్బాయి పుట్టలేదుగా,0.0,అబ్బాయి పుట్టలేదుగా,0.0,అబ్బాయి పుట్టలేదుగా
క్షీరారామము పశ్చిమగోదావరి జిల్లాలోని పాలకొల్లులో కలదు ఇక్కడ శివుని మూర్తిని శ్రీ క్షీరారామ లింగేశ్వర స్వామి అని పిలుస్తారు,0.0,క్షీరారామము పశ్సిమగోదావరి జిల్ధాలోని పాలకొల్గులో కలదు ఇక్కడ శివుని మూర్లిని శ్రీ క్షీరారామ లింగేశ్సర స్సామి అని పిలుస్లారు,0.0,క్షీరారామము పశ్విమగోదావరి జిల్గాలోని పాలకొల్ధులో కలదు ఇక్కడ శివుని మూర్లిని శ్రీ క్షీరారామ లింగేశ్యర స్నామి అని పిలుస్లారు,0.0,క్షీరారామము పశ్విమగోదావరి జిల్ధాలోని పాలకొల్గులో కలదు ఇక్కడ శివుని మూర్లిని శ్రీ క్షీరారామ లింగేశ్నర స్పామి అని పిలుస్లారు,0.0,క్షీరారామము పశ్సిమగోదావరి జిల్గాలోని పాలకొల్గులో కలదు ఇక్కడ శివుని మూర్లిని శ్రీ క్షీరారామ లింగేశ్యర స్నామి అని పిలుస్లారు
అంత సులువుగా ఉంది ఈ పద్ధతి,0.0,అంత సులువుగా ఉంది ఈ పద్డతి,0.0,అంత సులువుగా ఉంది ఈ పద్డతి,0.0,అంత సులువుగా ఉంది ఈ పద్గతి,0.0,అంత సులువుగా ఉంది ఈ పద్దతి
ఈ పెట్రోల్ ఇంజన్ కూడా స్పీడ్ మాన్యువల్ గేర్బాక్స్తో జతచేయబడి ఉంటుంది,0.0,ఈ పెట్రోల్ ఇంజన్ కూడా స్వీడ్ మాన్యువల్ గేర్బాక్న్లో జతచేయబడి ఉంటుంది,0.0,ఈ పెట్రోల్ ఇంజన్ కూడా స్యీడ్ మాన్యువల్ గేర్బాక్వ్లో జతచేయబడి ఉంటుంది,0.0,ఈ పెట్రోల్ ఇంజన్ కూడా స్నీడ్ మాన్యువల్ గేర్బాక్ప్లో జతచేయబడి ఉంటుంది,0.0,ఈ పెట్రోల్ ఇంజన్ కూడా స్యీడ్ మాన్యువల్ గేర్బాక్ప్లో జతచేయబడి ఉంటుంది
మిస్టర్ జుకాంతి అనిల్,0.0,మిస్టర్ జుకాంతి అనిల్,0.0,మిస్టర్ జుకాంతి అనిల్,0.0,మిస్టర్ జుకాంతి అనిల్,0.0,మిస్టర్ జుకాంతి అనిల్
కానీ ఆ పథకం పారకపోవడంతో ఊరియా యుద్ధంలో మరణించేలా రాజు ఏర్పాటుచేశాడు,0.0,కానీ ఆ పథకం పారకపోవడంతో ఊరియా యుద్డంలో మరణించేలా రాజు ఏర్సాటుచేశాడు,0.0,కానీ ఆ పథకం పారకపోవడంతో ఊరియా యుద్గంలో మరణించేలా రాజు ఏర్యాటుచేశాడు,0.0,కానీ ఆ పథకం పారకపోవడంతో ఊరియా యుద్దంలో మరణించేలా రాజు ఏర్సాటుచేశాడు,0.0,కానీ ఆ పథకం పారకపోవడంతో ఊరియా యుద్లంలో మరణించేలా రాజు ఏర్యాటుచేశాడు
ఈ విషయాన్ని తన ఇంస్టాగ్రామ్ ద్వారా పోస్ట్ చేశారు,0.0,ఈ విషయాన్వి తన ఇంస్టాగ్రామ్ ద్పారా పోస్ట్ చేశారు,0.0,ఈ విషయాన్వి తన ఇంస్టాగ్రామ్ ద్పారా పోస్ట్ చేశారు,0.0,ఈ విషయాన్పి తన ఇంస్టాగ్రామ్ ద్పారా పోస్ట్ చేశారు,0.0,ఈ విషయాన్వి తన ఇంస్టాగ్రామ్ ద్సారా పోస్ట్ చేశారు
ఇకపోతే రెండవ ఇంజన్ ఆప్షన్ అయిన కెకె లీటర్ డీజిల్ ఇంజన్ను బిఎస్ నిబంధనలకు అనుగుణంగా అప్డేట్ చేయలేదు,0.0,ఇకపోతే రెండవ ఇంజన్ ఆప్షన్ అయిన కెకె లీటర్ డీజిల్ ఇంజన్పు బిఎస్ నిబంధనలకు అనుగుణంగా అప్దేట్ చేయలేదు,0.0,ఇకపోతే రెండవ ఇంజన్ ఆప్షన్ అయిన కెకె లీటర్ డీజిల్ ఇంజన్పు బిఎస్ నిబంధనలకు అనుగుణంగా అప్ధేట్ చేయలేదు,0.0,ఇకపోతే రెండవ ఇంజన్ ఆప్షన్ అయిన కెకె లీటర్ డీజిల్ ఇంజన్వు బిఎస్ నిబంధనలకు అనుగుణంగా అప్దేట్ చేయలేదు,0.0,ఇకపోతే రెండవ ఇంజన్ ఆప్షన్ అయిన కెకె లీటర్ డీజిల్ ఇంజన్వు బిఎస్ నిబంధనలకు అనుగుణంగా అప్ధేట్ చేయలేదు
అనునది తో పోలడంలేదు,0.0,అనునది తో పోలడంలేదు,0.0,అనునది తో పోలడంలేదు,0.0,అనునది తో పోలడంలేదు,0.0,అనునది తో పోలడంలేదు
అతని అవకాశం చివరకు వస్తుంది,0.0,అతని అవకాశం చివరకు వస్లుంది,0.0,అతని అవకాశం చివరకు వస్లుంది,0.0,అతని అవకాశం చివరకు వస్లుంది,0.0,అతని అవకాశం చివరకు వస్లుంది
అసెంబ్లీ లేదా పార్లమెంటు ఎన్నికలు ప్రారంభం కాగానే నేను కూడా వారికి యాత్ర అంటే ఏమిటో చూపిస్తాను,0.0,అసెంబ్ధీ లేదా పార్తమెంటు ఎన్వికలు ప్రారంభం కాగానే నేను కూడా వారికి యాత్ర అంటే ఏమిటో చూపిస్లాను,0.0,అసెంబ్తీ లేదా పార్గమెంటు ఎన్పికలు ప్రారంభం కాగానే నేను కూడా వారికి యాత్ర అంటే ఏమిటో చూపిస్లాను,0.0,అసెంబ్గీ లేదా పార్తమెంటు ఎన్వికలు ప్రారంభం కాగానే నేను కూడా వారికి యాత్ర అంటే ఏమిటో చూపిస్లాను,0.0,అసెంబ్గీ లేదా పార్గమెంటు ఎన్పికలు ప్రారంభం కాగానే నేను కూడా వారికి యాత్ర అంటే ఏమిటో చూపిస్లాను
ఇంద్రగంటి మోహన కృష్ణ దర్శకత్వంలో తెరకెక్కించిన వి సినిమాలో నాని నటించారు,0.0,ఇంద్రగంటి మోహన కృష్ణ దర్మకత్చంలో తెరకెక్కించిన వి సినిమాలో నాని నటించారు,0.0,ఇంద్రగంటి మోహన కృష్ణ దర్మకత్పంలో తెరకెక్కించిన వి సినిమాలో నాని నటించారు,0.0,ఇంద్రగంటి మోహన కృష్ణ దర్మకత్పంలో తెరకెక్కించిన వి సినిమాలో నాని నటించారు,0.0,ఇంద్రగంటి మోహన కృష్ణ దర్మకత్యంలో తెరకెక్కించిన వి సినిమాలో నాని నటించారు
ఈ కార్యక్రమంలో రాష్ట్ర మంత్రులు ఎమ్మెల్యేలు ఎమ్మెల్సీలు ఎంపీలు రైతు సమన్వయ సమితుల సభ్యులు ఉన్నతాధికారులు పాల్గొంటారు,0.0,ఈ కార్యక్రమంలో రాష్ట్ర మంత్రులు ఎమ్శెల్యేలు ఎమ్శెల్చీలు ఎంపీలు రైతు సమన్చయ సమితుల సభ్యులు ఉన్పతాధికారులు పాల్లొంటారు,0.0,ఈ కార్యక్రమంలో రాష్ట్ర మంత్రులు ఎమ్శెల్యేలు ఎమ్శెల్నీలు ఎంపీలు రైతు సమన్నయ సమితుల సభ్యులు ఉన్పతాధికారులు పాల్ధొంటారు,0.0,ఈ కార్యక్రమంలో రాష్ట్ర మంత్రులు ఎమ్శెల్యేలు ఎమ్శెల్పీలు ఎంపీలు రైతు సమన్నయ సమితుల సభ్యులు ఉన్పతాధికారులు పాల్లొంటారు,0.0,ఈ కార్యక్రమంలో రాష్ట్ర మంత్రులు ఎమ్శెల్యేలు ఎమ్శెల్వీలు ఎంపీలు రైతు సమన్యయ సమితుల సభ్యులు ఉన్పతాధికారులు పాల్ధొంటారు
రాయల్ చాలెంజర్స్ బెంగళూరు జట్టుకు మొదటి ఆడుతున్న విరాట్ కోహ్లీ ఏబీ డివిలియర్స్ మంచి స్నేహితులు అన్న విషయం తెలిసిందే,0.0,రాయల్ చాలెంజర్న్ బెంగళూరు జట్టుకు మొదటి ఆడుతున్ప విరాట్ కోహ్గీ ఏబీ డివిలియర్వ్ మంచి స్పేహితులు అన్ప విషయం తెలిసిందే,0.0,రాయల్ చాలెంజర్చ్ బెంగళూరు జట్టుకు మొదటి ఆడుతున్ప విరాట్ కోహ్ధీ ఏబీ డివిలియర్న్ మంచి స్పేహితులు అన్ప విషయం తెలిసిందే,0.0,రాయల్ చాలెంజర్చ్ బెంగళూరు జట్టుకు మొదటి ఆడుతున్వ విరాట్ కోహ్తీ ఏబీ డివిలియర్న్ మంచి స్పేహితులు అన్వ విషయం తెలిసిందే,0.0,రాయల్ చాలెంజర్ప్ బెంగళూరు జట్టుకు మొదటి ఆడుతున్వ విరాట్ కోహ్తీ ఏబీ డివిలియర్వ్ మంచి స్వేహితులు అన్వ విషయం తెలిసిందే
వారి వెంట గ్రామస్తులు ఉన్నారు,0.0,వారి వెంట గ్రామస్లులు ఉన్పారు,0.0,వారి వెంట గ్రామస్లులు ఉన్వారు,0.0,వారి వెంట గ్రామస్లులు ఉన్వారు,0.0,వారి వెంట గ్రామస్లులు ఉన్వారు
ఈ లిస్టులో సల్మాన్ ఖాన్ రెండో స్థానంలో నిలిచాడు అతడికి షారుఖ్ కు తేడా రూ,0.0,ఈ లిస్టులో సల్శాన్ ఖాన్ రెండో స్థానంలో నిలిచాడు అతడికి షారుఖ్ కు తేడా రూ,0.0,ఈ లిస్టులో సల్శాన్ ఖాన్ రెండో స్థానంలో నిలిచాడు అతడికి షారుఖ్ కు తేడా రూ,0.0,ఈ లిస్టులో సల్శాన్ ఖాన్ రెండో స్థానంలో నిలిచాడు అతడికి షారుఖ్ కు తేడా రూ,0.0,ఈ లిస్టులో సల్శాన్ ఖాన్ రెండో స్థానంలో నిలిచాడు అతడికి షారుఖ్ కు తేడా రూ
కొత్త బిఎస్ కంప్లైంట్ స్కూటర్ల డెలివరీలు త్వరలోనే ప్రారంభం కానున్నాయి,0.0,కొత్ల బిఎస్ కంప్గైంట్ స్కూటర్ధ డెలివరీలు త్సరలోనే ప్రారంభం కానున్వాయి,0.0,కొత్ల బిఎస్ కంప్తైంట్ స్కూటర్గ డెలివరీలు త్నరలోనే ప్రారంభం కానున్వాయి,0.0,కొత్ల బిఎస్ కంప్ధైంట్ స్కూటర్గ డెలివరీలు త్పరలోనే ప్రారంభం కానున్పాయి,0.0,కొత్ల బిఎస్ కంప్ధైంట్ స్కూటర్ధ డెలివరీలు త్పరలోనే ప్రారంభం కానున్వాయి
దీనిపై ఇప్పుడు దేశవ్యాప్తంగా చర్చ నడుస్తోంది,0.0,దీనిపై ఇప్వుడు దేశవ్యాప్లంగా చర్స నడుస్లోంది,0.0,దీనిపై ఇప్యుడు దేశవ్యాప్లంగా చర్వ నడుస్లోంది,0.0,దీనిపై ఇప్సుడు దేశవ్యాప్లంగా చర్స నడుస్లోంది,0.0,దీనిపై ఇప్యుడు దేశవ్యాప్లంగా చర్స నడుస్లోంది
మన రెండు దేశాల భాగస్వామ్యం ఎన్నడూ లేనంత బలపడింది,0.0,మన రెండు దేశాల భాగస్పామ్యం ఎన్పడూ లేనంత బలపడింది,0.0,మన రెండు దేశాల భాగస్సామ్యం ఎన్పడూ లేనంత బలపడింది,0.0,మన రెండు దేశాల భాగస్పామ్యం ఎన్వడూ లేనంత బలపడింది,0.0,మన రెండు దేశాల భాగస్చామ్యం ఎన్పడూ లేనంత బలపడింది
చట్టం సీన్,0.0,చట్టం సీన్,0.0,చట్టం సీన్,0.0,చట్టం సీన్,0.0,చట్టం సీన్
ఈ సినిమాను అశ్వనీదత్ కుమార్తెలు స్వప్న దత్ ప్రియాంక దత్ లు నిర్మించారు,0.0,ఈ సినిమాను అశ్యనీదత్ కుమార్లెలు స్సప్వ దత్ ప్రియాంక దత్ లు నిర్శించారు,0.0,ఈ సినిమాను అశ్చనీదత్ కుమార్లెలు స్సప్వ దత్ ప్రియాంక దత్ లు నిర్శించారు,0.0,ఈ సినిమాను అశ్యనీదత్ కుమార్లెలు స్పప్వ దత్ ప్రియాంక దత్ లు నిర్శించారు,0.0,ఈ సినిమాను అశ్పనీదత్ కుమార్లెలు స్పప్ప దత్ ప్రియాంక దత్ లు నిర్శించారు
వాటిపై ప్రత్యేక శ్రద్ధ వహించాలని అధికారులకు సూచించారు,0.0,వాటిపై ప్రత్యేక శ్రద్గ వహించాలని అధికారులకు సూచించారు,0.0,వాటిపై ప్రత్యేక శ్రద్ద వహించాలని అధికారులకు సూచించారు,0.0,వాటిపై ప్రత్యేక శ్రద్గ వహించాలని అధికారులకు సూచించారు,0.0,వాటిపై ప్రత్యేక శ్రద్డ వహించాలని అధికారులకు సూచించారు
మంచి అభిప్రాయంతో ఉండండి,0.0,మంచి అభిప్రాయంతో ఉండండి,0.0,మంచి అభిప్రాయంతో ఉండండి,0.0,మంచి అభిప్రాయంతో ఉండండి,0.0,మంచి అభిప్రాయంతో ఉండండి
గ్రామం శ్రీనగర్,0.0,గ్రామం శ్రీనగర్,0.0,గ్రామం శ్రీనగర్,0.0,గ్రామం శ్రీనగర్,0.0,గ్రామం శ్రీనగర్
రకరకాల ప్రదేశాలు ఉన్నాయి,0.0,రకరకాల ప్రదేశాలు ఉన్పాయి,0.0,రకరకాల ప్రదేశాలు ఉన్పాయి,0.0,రకరకాల ప్రదేశాలు ఉన్వాయి,0.0,రకరకాల ప్రదేశాలు ఉన్వాయి
తేది శనివారం,0.0,తేది శనివారం,0.0,తేది శనివారం,0.0,తేది శనివారం,0.0,తేది శనివారం
దీనివల్ల సమస్యలు వస్తాయి,0.0,దీనివల్త సమస్యలు వస్లాయి,0.0,దీనివల్ధ సమస్యలు వస్లాయి,0.0,దీనివల్గ సమస్యలు వస్లాయి,0.0,దీనివల్త సమస్యలు వస్లాయి
లక్షల ప్రత్యేక ధరతో సొంతం చేసుకోవచ్చు,0.0,లక్షల ప్రత్యేక ధరతో సొంతం చేసుకోవచ్వు,0.0,లక్షల ప్రత్యేక ధరతో సొంతం చేసుకోవచ్వు,0.0,లక్షల ప్రత్యేక ధరతో సొంతం చేసుకోవచ్వు,0.0,లక్షల ప్రత్యేక ధరతో సొంతం చేసుకోవచ్వు
పలు వాహనాలను ధ్వపం చేశారు,0.0,పలు వాహనాలను ధ్సపం చేశారు,0.0,పలు వాహనాలను ధ్సపం చేశారు,0.0,పలు వాహనాలను ధ్నపం చేశారు,0.0,పలు వాహనాలను ధ్పపం చేశారు
లండన్ లోని నేషనల్ వెస్ట్ మినిస్టర్ బ్యాంక్ లో ఈ సొమ్ము ఉంది,0.0,లండన్ లోని నేషనల్ వెస్ట్ మినిస్టర్ బ్యాంక్ లో ఈ సొమ్శు ఉంది,0.0,లండన్ లోని నేషనల్ వెస్ట్ మినిస్టర్ బ్యాంక్ లో ఈ సొమ్శు ఉంది,0.0,లండన్ లోని నేషనల్ వెస్ట్ మినిస్టర్ బ్యాంక్ లో ఈ సొమ్శు ఉంది,0.0,లండన్ లోని నేషనల్ వెస్ట్ మినిస్టర్ బ్యాంక్ లో ఈ సొమ్శు ఉంది
పిపిటి కోసం క్లిక్ చేయండి,0.0,పిపిటి కోసం క్గిక్ చేయండి,0.0,పిపిటి కోసం క్తిక్ చేయండి,0.0,పిపిటి కోసం క్తిక్ చేయండి,0.0,పిపిటి కోసం క్గిక్ చేయండి
ఉల్లిపాయలు సగం వలయాలు కట్ వెల్లుల్లి మరియు గ్రీన్స్ గొడ్డలితో నరకడం,0.0,ఉల్తిపాయలు సగం వలయాలు కట్ వెల్తుల్తి మరియు గ్రీన్చ్ గొడ్ధలితో నరకడం,0.0,ఉల్గిపాయలు సగం వలయాలు కట్ వెల్ధుల్తి మరియు గ్రీన్వ్ గొడ్దలితో నరకడం,0.0,ఉల్ధిపాయలు సగం వలయాలు కట్ వెల్తుల్ధి మరియు గ్రీన్వ్ గొడ్ధలితో నరకడం,0.0,ఉల్ధిపాయలు సగం వలయాలు కట్ వెల్గుల్తి మరియు గ్రీన్వ్ గొడ్దలితో నరకడం
ఈ మరణాలకు బాధ్యులెవరు,0.0,ఈ మరణాలకు బాధ్యులెవరు,0.0,ఈ మరణాలకు బాధ్యులెవరు,0.0,ఈ మరణాలకు బాధ్యులెవరు,0.0,ఈ మరణాలకు బాధ్యులెవరు
భారత తెలంగాణ భూగోళశాస్త్రం ఆర్థిక వ్యవస్థ,0.0,భారత తెలంగాణ భూగోళశాస్ల్రం ఆర్థిక వ్యవస్థ,0.0,భారత తెలంగాణ భూగోళశాస్ల్రం ఆర్థిక వ్యవస్థ,0.0,భారత తెలంగాణ భూగోళశాస్ల్రం ఆర్థిక వ్యవస్థ,0.0,భారత తెలంగాణ భూగోళశాస్ల్రం ఆర్థిక వ్యవస్థ
వీటిని దోరగా వేపుకుని స్నాక్స్ రూపంలో తినొచ్చు,0.0,వీటిని దోరగా వేపుకుని స్పాక్చ్ రూపంలో తినొచ్సు,0.0,వీటిని దోరగా వేపుకుని స్పాక్న్ రూపంలో తినొచ్సు,0.0,వీటిని దోరగా వేపుకుని స్వాక్న్ రూపంలో తినొచ్వు,0.0,వీటిని దోరగా వేపుకుని స్వాక్వ్ రూపంలో తినొచ్సు
అందువల్ల స్టాక్హోమ్కు వెళ్లకూడదని అతను నిర్ణయించుకున్నాడు,0.0,అందువల్త స్టాక్హోమ్కు వెళ్ధకూడదని అతను నిర్ణయించుకున్పాడు,0.0,అందువల్ధ స్టాక్హోమ్కు వెళ్ధకూడదని అతను నిర్ణయించుకున్వాడు,0.0,అందువల్త స్టాక్హోమ్కు వెళ్తకూడదని అతను నిర్ణయించుకున్పాడు,0.0,అందువల్త స్టాక్హోమ్కు వెళ్తకూడదని అతను నిర్ణయించుకున్వాడు
ఏమో తెలియదు,0.0,ఏమో తెలియదు,0.0,ఏమో తెలియదు,0.0,ఏమో తెలియదు,0.0,ఏమో తెలియదు
ఇకనైనా బాధ్యతగా పనిచేయండి అని అన్నారు,0.0,ఇకనైనా బాధ్యతగా పనిచేయండి అని అన్వారు,0.0,ఇకనైనా బాధ్యతగా పనిచేయండి అని అన్వారు,0.0,ఇకనైనా బాధ్యతగా పనిచేయండి అని అన్వారు,0.0,ఇకనైనా బాధ్యతగా పనిచేయండి అని అన్పారు
రాజకీయ ఉద్యమాన్ని అణిచివేసేందుకు మిజోరాం ప్రభుత్వం హెచ్పిసి కార్యకర్తల మీద మిజోరం సాయుధ పోలీసులను ఎంఐపి మోహరించింది,0.0,రాజకీయ ఉద్యమాన్వి అణిచివేసేందుకు మిజోరాం ప్రభుత్పం హెచ్విసి కార్యకర్లల మీద మిజోరం సాయుధ పోలీసులను ఎంఐపి మోహరించింది,0.0,రాజకీయ ఉద్యమాన్పి అణిచివేసేందుకు మిజోరాం ప్రభుత్నం హెచ్నిసి కార్యకర్లల మీద మిజోరం సాయుధ పోలీసులను ఎంఐపి మోహరించింది,0.0,రాజకీయ ఉద్యమాన్పి అణిచివేసేందుకు మిజోరాం ప్రభుత్యం హెచ్విసి కార్యకర్లల మీద మిజోరం సాయుధ పోలీసులను ఎంఐపి మోహరించింది,0.0,రాజకీయ ఉద్యమాన్వి అణిచివేసేందుకు మిజోరాం ప్రభుత్నం హెచ్నిసి కార్యకర్లల మీద మిజోరం సాయుధ పోలీసులను ఎంఐపి మోహరించింది
ఏం కాజేసింది,0.0,ఏం కాజేసింది,0.0,ఏం కాజేసింది,0.0,ఏం కాజేసింది,0.0,ఏం కాజేసింది
ఆహ్లాదకరమైన వాతావరణం వల్ల పర్యాటకులు ఈ ప్రదేశాన్ని ఇష్టపడతారు,0.0,ఆహ్తాదకరమైన వాతావరణం వల్గ పర్యాటకులు ఈ ప్రదేశాన్వి ఇష్టపడతారు,0.0,ఆహ్తాదకరమైన వాతావరణం వల్ధ పర్యాటకులు ఈ ప్రదేశాన్పి ఇష్టపడతారు,0.0,ఆహ్ధాదకరమైన వాతావరణం వల్త పర్యాటకులు ఈ ప్రదేశాన్పి ఇష్టపడతారు,0.0,ఆహ్ధాదకరమైన వాతావరణం వల్గ పర్యాటకులు ఈ ప్రదేశాన్వి ఇష్టపడతారు
ానీ అవతలి వాళ్లు పాటించకపోవచ్చు,0.0,ానీ అవతలి వాళ్గు పాటించకపోవచ్సు,0.0,ానీ అవతలి వాళ్ధు పాటించకపోవచ్వు,0.0,ానీ అవతలి వాళ్ధు పాటించకపోవచ్సు,0.0,ానీ అవతలి వాళ్గు పాటించకపోవచ్వు
కాని ఏ ఒక్క సినిమా కూడా ఆమెకు సక్సెస్ తెచ్చి పెట్టలేక పోయాయి,0.0,కాని ఏ ఒక్క సినిమా కూడా ఆమెకు సక్చెస్ తెచ్వి పెట్టలేక పోయాయి,0.0,కాని ఏ ఒక్క సినిమా కూడా ఆమెకు సక్నెస్ తెచ్వి పెట్టలేక పోయాయి,0.0,కాని ఏ ఒక్క సినిమా కూడా ఆమెకు సక్నెస్ తెచ్సి పెట్టలేక పోయాయి,0.0,కాని ఏ ఒక్క సినిమా కూడా ఆమెకు సక్వెస్ తెచ్వి పెట్టలేక పోయాయి
కాబట్టి కామం ఏమిటి,0.0,కాబట్టి కామం ఏమిటి,0.0,కాబట్టి కామం ఏమిటి,0.0,కాబట్టి కామం ఏమిటి,0.0,కాబట్టి కామం ఏమిటి
మీరు ఈ అమ్మాయిని చూసారా,0.0,మీరు ఈ అమ్శాయిని చూసారా,0.0,మీరు ఈ అమ్శాయిని చూసారా,0.0,మీరు ఈ అమ్శాయిని చూసారా,0.0,మీరు ఈ అమ్శాయిని చూసారా
బీజేపీకి రాజీనామా చేస్తున్నట్లు ఆ రాష్ట్ర పార్టీ అధ్యక్షుడు సీఆర్ పాటిల్కు లేఖ రాశారు,0.0,బీజేపీకి రాజీనామా చేస్లున్పట్తు ఆ రాష్ట్ర పార్టీ అధ్యక్షుడు సీఆర్ పాటిల్కు లేఖ రాశారు,0.0,బీజేపీకి రాజీనామా చేస్లున్వట్గు ఆ రాష్ట్ర పార్టీ అధ్యక్షుడు సీఆర్ పాటిల్కు లేఖ రాశారు,0.0,బీజేపీకి రాజీనామా చేస్లున్వట్ధు ఆ రాష్ట్ర పార్టీ అధ్యక్షుడు సీఆర్ పాటిల్కు లేఖ రాశారు,0.0,బీజేపీకి రాజీనామా చేస్లున్వట్తు ఆ రాష్ట్ర పార్టీ అధ్యక్షుడు సీఆర్ పాటిల్కు లేఖ రాశారు
పచ్చిమిర్చి నాలుగు,0.0,పచ్విమిర్సి నాలుగు,0.0,పచ్విమిర్వి నాలుగు,0.0,పచ్విమిర్వి నాలుగు,0.0,పచ్సిమిర్సి నాలుగు
ఆమెను వొదులుతారా,0.0,ఆమెను వొదులుతారా,0.0,ఆమెను వొదులుతారా,0.0,ఆమెను వొదులుతారా,0.0,ఆమెను వొదులుతారా
హైదరాబాద్ లో మరోసారి డ్రగ్స్ కలకలం,0.0,హైదరాబాద్ లో మరోసారి డ్రగ్చ్ కలకలం,0.0,హైదరాబాద్ లో మరోసారి డ్రగ్ప్ కలకలం,0.0,హైదరాబాద్ లో మరోసారి డ్రగ్న్ కలకలం,0.0,హైదరాబాద్ లో మరోసారి డ్రగ్చ్ కలకలం
నీటితో మాత్రమే శుభ్రం చేయాలి,0.0,నీటితో మాత్రమే శుభ్రం చేయాలి,0.0,నీటితో మాత్రమే శుభ్రం చేయాలి,0.0,నీటితో మాత్రమే శుభ్రం చేయాలి,0.0,నీటితో మాత్రమే శుభ్రం చేయాలి
అయితే ఈ రెండు కీలక సూచీలు కూడా వారం రీత్యా చూస్తే వరుసగా మూడో వారం లాభపడ్డాయి,0.0,అయితే ఈ రెండు కీలక సూచీలు కూడా వారం రీత్యా చూస్లే వరుసగా మూడో వారం లాభపడ్దాయి,0.0,అయితే ఈ రెండు కీలక సూచీలు కూడా వారం రీత్యా చూస్లే వరుసగా మూడో వారం లాభపడ్ధాయి,0.0,అయితే ఈ రెండు కీలక సూచీలు కూడా వారం రీత్యా చూస్లే వరుసగా మూడో వారం లాభపడ్ధాయి,0.0,అయితే ఈ రెండు కీలక సూచీలు కూడా వారం రీత్యా చూస్లే వరుసగా మూడో వారం లాభపడ్దాయి
ఆ తరాత కాసేపటికి వారంతా రాజీనామా చేశారు,0.0,ఆ తరాత కాసేపటికి వారంతా రాజీనామా చేశారు,0.0,ఆ తరాత కాసేపటికి వారంతా రాజీనామా చేశారు,0.0,ఆ తరాత కాసేపటికి వారంతా రాజీనామా చేశారు,0.0,ఆ తరాత కాసేపటికి వారంతా రాజీనామా చేశారు
వెంటనే పోలీసులు అగ్నిమాపక సిబ్బంది రంగంలోకి దిగారు,0.0,వెంటనే పోలీసులు అగ్పిమాపక సిబ్బంది రంగంలోకి దిగారు,0.0,వెంటనే పోలీసులు అగ్విమాపక సిబ్బంది రంగంలోకి దిగారు,0.0,వెంటనే పోలీసులు అగ్విమాపక సిబ్బంది రంగంలోకి దిగారు,0.0,వెంటనే పోలీసులు అగ్పిమాపక సిబ్బంది రంగంలోకి దిగారు
ప్రియాంక ఈ డ్రెస్లో గార్జియస్ గా కనిపిస్తోంది,0.0,ప్రియాంక ఈ డ్రెస్తో గార్జియస్ గా కనిపిస్లోంది,0.0,ప్రియాంక ఈ డ్రెస్ధో గార్జియస్ గా కనిపిస్లోంది,0.0,ప్రియాంక ఈ డ్రెస్ధో గార్జియస్ గా కనిపిస్లోంది,0.0,ప్రియాంక ఈ డ్రెస్గో గార్జియస్ గా కనిపిస్లోంది
ప్రకాశం జిల్లాలోని చీరాల నియోజక వర్గంలో ఈ దారుణం చోటు చేసుకుంది,0.0,ప్రకాశం జిల్గాలోని చీరాల నియోజక వర్ధంలో ఈ దారుణం చోటు చేసుకుంది,0.0,ప్రకాశం జిల్ధాలోని చీరాల నియోజక వర్లంలో ఈ దారుణం చోటు చేసుకుంది,0.0,ప్రకాశం జిల్తాలోని చీరాల నియోజక వర్లంలో ఈ దారుణం చోటు చేసుకుంది,0.0,ప్రకాశం జిల్గాలోని చీరాల నియోజక వర్ఠంలో ఈ దారుణం చోటు చేసుకుంది
సురేందర్ రెడ్డి దర్శకత్వంలో రామ్చరణ్ ఈ చిత్రాన్ని నిర్మిస్తున్నారు,0.0,సురేందర్ రెడ్ది దర్మకత్నంలో రామ్సరణ్ ఈ చిత్రాన్వి నిర్శిస్లున్పారు,0.0,సురేందర్ రెడ్ది దర్మకత్సంలో రామ్సరణ్ ఈ చిత్రాన్వి నిర్శిస్లున్వారు,0.0,సురేందర్ రెడ్ది దర్మకత్చంలో రామ్సరణ్ ఈ చిత్రాన్వి నిర్శిస్లున్వారు,0.0,సురేందర్ రెడ్ధి దర్మకత్యంలో రామ్వరణ్ ఈ చిత్రాన్పి నిర్శిస్లున్వారు
తాజాగా జరిగిన ఓ,0.0,తాజాగా జరిగిన ఓ,0.0,తాజాగా జరిగిన ఓ,0.0,తాజాగా జరిగిన ఓ,0.0,తాజాగా జరిగిన ఓ
అమ్మాయిలకు చాక్లెట్స్ అంటే భలే ఇష్టం,0.0,అమ్శాయిలకు చాక్గెట్న్ అంటే భలే ఇష్టం,0.0,అమ్శాయిలకు చాక్గెట్వ్ అంటే భలే ఇష్టం,0.0,అమ్శాయిలకు చాక్తెట్ప్ అంటే భలే ఇష్టం,0.0,అమ్శాయిలకు చాక్ధెట్చ్ అంటే భలే ఇష్టం
మ్యాచ్లో ఈరోజే ఫలితం తేలాలంటే మాత్రం భారత్ కనీసం ఓవర్లు ఆట ఆడాల్సి ఉంటుంది,0.0,మ్యాచ్తో ఈరోజే ఫలితం తేలాలంటే మాత్రం భారత్ కనీసం ఓవర్తు ఆట ఆడాల్వి ఉంటుంది,0.0,మ్యాచ్గో ఈరోజే ఫలితం తేలాలంటే మాత్రం భారత్ కనీసం ఓవర్తు ఆట ఆడాల్వి ఉంటుంది,0.0,మ్యాచ్గో ఈరోజే ఫలితం తేలాలంటే మాత్రం భారత్ కనీసం ఓవర్గు ఆట ఆడాల్చి ఉంటుంది,0.0,మ్యాచ్గో ఈరోజే ఫలితం తేలాలంటే మాత్రం భారత్ కనీసం ఓవర్తు ఆట ఆడాల్చి ఉంటుంది
జెఫ్ అవును చాలామంది,0.0,జెఫ్ అవును చాలామంది,0.0,జెఫ్ అవును చాలామంది,0.0,జెఫ్ అవును చాలామంది,0.0,జెఫ్ అవును చాలామంది
మీ సహనమును సకల జనులకు తెలియబడనియ్యుడి అని బైబిలు చెబుతోంది,0.0,మీ సహనమును సకల జనులకు తెలియబడనియ్యుడి అని బైబిలు చెబుతోంది,0.0,మీ సహనమును సకల జనులకు తెలియబడనియ్యుడి అని బైబిలు చెబుతోంది,0.0,మీ సహనమును సకల జనులకు తెలియబడనియ్యుడి అని బైబిలు చెబుతోంది,0.0,మీ సహనమును సకల జనులకు తెలియబడనియ్యుడి అని బైబిలు చెబుతోంది
బీజేపీ తిరిగి అధికారంలోకి వచ్చేలా ఉంది,0.0,బీజేపీ తిరిగి అధికారంలోకి వచ్సేలా ఉంది,0.0,బీజేపీ తిరిగి అధికారంలోకి వచ్వేలా ఉంది,0.0,బీజేపీ తిరిగి అధికారంలోకి వచ్సేలా ఉంది,0.0,బీజేపీ తిరిగి అధికారంలోకి వచ్వేలా ఉంది
ఈ కార్యక్రమంలో అధికారులు పోలీసు సిబ్బంది గ్రామస్తులు పాల్గొన్నారు,0.0,ఈ కార్యక్రమంలో అధికారులు పోలీసు సిబ్బంది గ్రామస్లులు పాల్ధొన్వారు,0.0,ఈ కార్యక్రమంలో అధికారులు పోలీసు సిబ్బంది గ్రామస్లులు పాల్ధొన్పారు,0.0,ఈ కార్యక్రమంలో అధికారులు పోలీసు సిబ్బంది గ్రామస్లులు పాల్ధొన్పారు,0.0,ఈ కార్యక్రమంలో అధికారులు పోలీసు సిబ్బంది గ్రామస్లులు పాల్ఠొన్వారు
మరింత తరచుగా చిరునవ్వు,0.0,మరింత తరచుగా చిరునవ్యు,0.0,మరింత తరచుగా చిరునవ్సు,0.0,మరింత తరచుగా చిరునవ్ను,0.0,మరింత తరచుగా చిరునవ్ను
బిల్లుకు ఆమోదం లభించాలంటే మంది సభ్యుల రాజ్యసభలో కనీసం మంది సభ్యులు మద్దతివ్వాల్సి ఉంటుంది,0.0,బిల్గుకు ఆమోదం లభించాలంటే మంది సభ్యుల రాజ్యసభలో కనీసం మంది సభ్యులు మద్డతివ్సాల్చి ఉంటుంది,0.0,బిల్ధుకు ఆమోదం లభించాలంటే మంది సభ్యుల రాజ్యసభలో కనీసం మంది సభ్యులు మద్ధతివ్యాల్పి ఉంటుంది,0.0,బిల్ధుకు ఆమోదం లభించాలంటే మంది సభ్యుల రాజ్యసభలో కనీసం మంది సభ్యులు మద్ తివ్సాల్ని ఉంటుంది,0.0,బిల్తుకు ఆమోదం లభించాలంటే మంది సభ్యుల రాజ్యసభలో కనీసం మంది సభ్యులు మద్ధతివ్యాల్వి ఉంటుంది
ఉద్యోగం పేరు ఆఫీస్ సబార్డినేట్ వాచ్మెన్,0.0,ఉద్యోగం పేరు ఆఫీస్ సబార్దినేట్ వాచ్శెన్,0.0,ఉద్యోగం పేరు ఆఫీస్ సబార్ధినేట్ వాచ్శెన్,0.0,ఉద్యోగం పేరు ఆఫీస్ సబార్దినేట్ వాచ్శెన్,0.0,ఉద్యోగం పేరు ఆఫీస్ సబార్దినేట్ వాచ్శెన్
గట్లు మరియు గుంటలలో,0.0,గట్గు మరియు గుంటలలో,0.0,గట్ధు మరియు గుంటలలో,0.0,గట్గు మరియు గుంటలలో,0.0,గట్గు మరియు గుంటలలో
సినిమాని దసరా కానుకగా విడుదల చేయాలనీ ప్లాన్ చేస్తున్నారు,0.0,సినిమాని దసరా కానుకగా విడుదల చేయాలనీ ప్గాన్ చేస్లున్పారు,0.0,సినిమాని దసరా కానుకగా విడుదల చేయాలనీ ప్తాన్ చేస్లున్వారు,0.0,సినిమాని దసరా కానుకగా విడుదల చేయాలనీ ప్ధాన్ చేస్లున్వారు,0.0,సినిమాని దసరా కానుకగా విడుదల చేయాలనీ ప్తాన్ చేస్లున్వారు
కాని అది కూడా బెడిసికొట్టింది,0.0,కాని అది కూడా బెడిసికొట్టింది,0.0,కాని అది కూడా బెడిసికొట్టింది,0.0,కాని అది కూడా బెడిసికొట్టింది,0.0,కాని అది కూడా బెడిసికొట్టింది
నాణెం విలువ కలిగిన రూబిళ్లు మరియు బంగారం తయారు చేశారు,0.0,నాణెం విలువ కలిగిన రూబిళ్తు మరియు బంగారం తయారు చేశారు,0.0,నాణెం విలువ కలిగిన రూబిళ్ధు మరియు బంగారం తయారు చేశారు,0.0,నాణెం విలువ కలిగిన రూబిళ్గు మరియు బంగారం తయారు చేశారు,0.0,నాణెం విలువ కలిగిన రూబిళ్ధు మరియు బంగారం తయారు చేశారు
ప్రదర్శన చిరునామా చదువుటకు వీలుకాదు,0.0,ప్రదర్మన చిరునామా చదువుటకు వీలుకాదు,0.0,ప్రదర్మన చిరునామా చదువుటకు వీలుకాదు,0.0,ప్రదర్మన చిరునామా చదువుటకు వీలుకాదు,0.0,ప్రదర్మన చిరునామా చదువుటకు వీలుకాదు
సంలో తూర్పు రైల్వే నుండి దక్షిణ తూర్పు రైల్వేను ఏర్పరచారు,0.0,సంలో తూర్వు రైల్చే నుండి దక్షిణ తూర్సు రైల్సేను ఏర్వరచారు,0.0,సంలో తూర్వు రైల్నే నుండి దక్షిణ తూర్సు రైల్సేను ఏర్యరచారు,0.0,సంలో తూర్సు రైల్సే నుండి దక్షిణ తూర్వు రైల్సేను ఏర్వరచారు,0.0,సంలో తూర్వు రైల్చే నుండి దక్షిణ తూర్సు రైల్పేను ఏర్సరచారు
తెలంగాణలో దుబ్బాక ఉపఎన్నిక పోలింగ్ జరుగుతోంది,0.0,తెలంగాణలో దుబ్బాక ఉపఎన్పిక పోలింగ్ జరుగుతోంది,0.0,తెలంగాణలో దుబ్బాక ఉపఎన్పిక పోలింగ్ జరుగుతోంది,0.0,తెలంగాణలో దుబ్బాక ఉపఎన్పిక పోలింగ్ జరుగుతోంది,0.0,తెలంగాణలో దుబ్బాక ఉపఎన్పిక పోలింగ్ జరుగుతోంది
దోషపూరిత నిర్వచనం,0.0,దోషపూరిత నిర్పచనం,0.0,దోషపూరిత నిర్యచనం,0.0,దోషపూరిత నిర్చచనం,0.0,దోషపూరిత నిర్చచనం
అందుకని వాటిని ఫ్రిజ్లో అస్సలు పెట్టకూడదు,0.0,అందుకని వాటిని ఫ్రిజ్గో అస్చలు పెట్టకూడదు,0.0,అందుకని వాటిని ఫ్రిజ్గో అస్నలు పెట్టకూడదు,0.0,అందుకని వాటిని ఫ్రిజ్గో అస్పలు పెట్టకూడదు,0.0,అందుకని వాటిని ఫ్రిజ్గో అస్వలు పెట్టకూడదు
కాగా ఈ మ్యాచ్లో భారత్ ఘన విజయం సాధించింది,0.0,కాగా ఈ మ్యాచ్గో భారత్ ఘన విజయం సాధించింది,0.0,కాగా ఈ మ్యాచ్గో భారత్ ఘన విజయం సాధించింది,0.0,కాగా ఈ మ్యాచ్తో భారత్ ఘన విజయం సాధించింది,0.0,కాగా ఈ మ్యాచ్ధో భారత్ ఘన విజయం సాధించింది
ఏ సమస్యనైనా సమర్థవంతంగా ఎదుర్కొనేందుకు ప్రజల భాగస్వామ్యం అత్యంత ప్రభావవంతమైన మార్గమని ప్రధాన మంత్రి శ్రీ నరేంద్ర మోడి విశ్వాసం,0.0,ఏ సమస్యనైనా సమర్థవంతంగా ఎదుర్కొనేందుకు ప్రజల భాగస్చామ్యం అత్యంత ప్రభావవంతమైన మార్లమని ప్రధాన మంత్రి శ్రీ నరేంద్ర మోడి విశ్పాసం,0.0,ఏ సమస్యనైనా సమర్థవంతంగా ఎదుర్కొనేందుకు ప్రజల భాగస్సామ్యం అత్యంత ప్రభావవంతమైన మార్లమని ప్రధాన మంత్రి శ్రీ నరేంద్ర మోడి విశ్చాసం,0.0,ఏ సమస్యనైనా సమర్థవంతంగా ఎదుర్కొనేందుకు ప్రజల భాగస్యామ్యం అత్యంత ప్రభావవంతమైన మార్ఠమని ప్రధాన మంత్రి శ్రీ నరేంద్ర మోడి విశ్చాసం,0.0,ఏ సమస్యనైనా సమర్థవంతంగా ఎదుర్కొనేందుకు ప్రజల భాగస్నామ్యం అత్యంత ప్రభావవంతమైన మార్ఠమని ప్రధాన మంత్రి శ్రీ నరేంద్ర మోడి విశ్చాసం
ఈ నవలను తొలి తెలుగు స్త్రీవాద నవలగ కూడా పరిగణిస్తున్నారు,0.0,ఈ నవలను తొలి తెలుగు స్ల్రీవాద నవలగ కూడా పరిగణిస్లున్పారు,0.0,ఈ నవలను తొలి తెలుగు స్ల్రీవాద నవలగ కూడా పరిగణిస్లున్పారు,0.0,ఈ నవలను తొలి తెలుగు స్ల్రీవాద నవలగ కూడా పరిగణిస్లున్వారు,0.0,ఈ నవలను తొలి తెలుగు స్ల్రీవాద నవలగ కూడా పరిగణిస్లున్పారు
రాముడి అవతారం,0.0,రాముడి అవతారం,0.0,రాముడి అవతారం,0.0,రాముడి అవతారం,0.0,రాముడి అవతారం
ఎవరిదా కంఠం,0.0,ఎవరిదా కంఠం,0.0,ఎవరిదా కంఠం,0.0,ఎవరిదా కంఠం,0.0,ఎవరిదా కంఠం
ఫైనల్ మ్యాచ్లో చెన్నై సూపర్ కింగ్స్ జట్టు ఒక్క పరుగుతో ఓటమి పాలైంది,0.0,ఫైనల్ మ్యాచ్గో చెన్పై సూపర్ కింగ్చ్ జట్టు ఒక్క పరుగుతో ఓటమి పాలైంది,0.0,ఫైనల్ మ్యాచ్తో చెన్వై సూపర్ కింగ్చ్ జట్టు ఒక్క పరుగుతో ఓటమి పాలైంది,0.0,ఫైనల్ మ్యాచ్ధో చెన్పై సూపర్ కింగ్న్ జట్టు ఒక్క పరుగుతో ఓటమి పాలైంది,0.0,ఫైనల్ మ్యాచ్గో చెన్వై సూపర్ కింగ్వ్ జట్టు ఒక్క పరుగుతో ఓటమి పాలైంది
ప్రియుడితో కలిసి భర్తను హత్య చేసిన భార్య,0.0,ప్రియుడితో కలిసి భర్లను హత్య చేసిన భార్య,0.0,ప్రియుడితో కలిసి భర్లను హత్య చేసిన భార్య,0.0,ప్రియుడితో కలిసి భర్లను హత్య చేసిన భార్య,0.0,ప్రియుడితో కలిసి భర్లను హత్య చేసిన భార్య
ఎక్కడ దరఖాస్తు చేపసుకోవాలి,0.0,ఎక్కడ దరఖాస్లు చేపసుకోవాలి,0.0,ఎక్కడ దరఖాస్లు చేపసుకోవాలి,0.0,ఎక్కడ దరఖాస్లు చేపసుకోవాలి,0.0,ఎక్కడ దరఖాస్లు చేపసుకోవాలి
కోట్లకు పైగా రూ,0.0,కోట్ధకు పైగా రూ,0.0,కోట్తకు పైగా రూ,0.0,కోట్గకు పైగా రూ,0.0,కోట్తకు పైగా రూ
మరికొన్ని సంస్థలు,0.0,మరికొన్వి సంస్థలు,0.0,మరికొన్వి సంస్థలు,0.0,మరికొన్వి సంస్థలు,0.0,మరికొన్పి సంస్థలు
అయితే అది వారి జీవితాలను మార్చగలదు,0.0,అయితే అది వారి జీవితాలను మార్వగలదు,0.0,అయితే అది వారి జీవితాలను మార్సగలదు,0.0,అయితే అది వారి జీవితాలను మార్సగలదు,0.0,అయితే అది వారి జీవితాలను మార్వగలదు
పీఠభరితులకు కొన్ని సాధారణ కారణాలు,0.0,పీఠభరితులకు కొన్పి సాధారణ కారణాలు,0.0,పీఠభరితులకు కొన్వి సాధారణ కారణాలు,0.0,పీఠభరితులకు కొన్వి సాధారణ కారణాలు,0.0,పీఠభరితులకు కొన్వి సాధారణ కారణాలు
రోడ్ లో ఒక ఫోర్క్,0.0,రోడ్ లో ఒక ఫోర్క్,0.0,రోడ్ లో ఒక ఫోర్క్,0.0,రోడ్ లో ఒక ఫోర్క్,0.0,రోడ్ లో ఒక ఫోర్క్
తనకు రావాల్సి రూ,0.0,తనకు రావాల్పి రూ,0.0,తనకు రావాల్ని రూ,0.0,తనకు రావాల్చి రూ,0.0,తనకు రావాల్పి రూ
మొదటి స్థానంలో ఉంటాడు,0.0,మొదటి స్థానంలో ఉంటాడు,0.0,మొదటి స్థానంలో ఉంటాడు,0.0,మొదటి స్థానంలో ఉంటాడు,0.0,మొదటి స్థానంలో ఉంటాడు
అఖిలేశ్ యాదవ్ నాయకత్వంలో ప్రతి ఎన్నికలోనూ ఈ సీట్లు తగ్గుతూ వస్తున్నాయి అని ఆయన అన్నారు,0.0,అఖిలేశ్ యాదవ్ నాయకత్పంలో ప్రతి ఎన్పికలోనూ ఈ సీట్గు తగ్ధుతూ వస్లున్వాయి అని ఆయన అన్పారు,0.0,అఖిలేశ్ యాదవ్ నాయకత్చంలో ప్రతి ఎన్పికలోనూ ఈ సీట్ధు తగ్ధుతూ వస్లున్పాయి అని ఆయన అన్పారు,0.0,అఖిలేశ్ యాదవ్ నాయకత్పంలో ప్రతి ఎన్వికలోనూ ఈ సీట్ధు తగ్ధుతూ వస్లున్పాయి అని ఆయన అన్పారు,0.0,అఖిలేశ్ యాదవ్ నాయకత్పంలో ప్రతి ఎన్వికలోనూ ఈ సీట్తు తగ్ఠుతూ వస్లున్పాయి అని ఆయన అన్పారు
వేలు లంచం డిమాండ్ చేశాడు,0.0,వేలు లంచం డిమాండ్ చేశాడు,0.0,వేలు లంచం డిమాండ్ చేశాడు,0.0,వేలు లంచం డిమాండ్ చేశాడు,0.0,వేలు లంచం డిమాండ్ చేశాడు
గత లోక్సభ ఎన్నికల్లో ప్రజలు బీజేపీకి నాలుగు లోక్సభ సీట్లలో పట్టం కట్టారన్నారు,0.0,గత లోక్పభ ఎన్పికల్ధో ప్రజలు బీజేపీకి నాలుగు లోక్వభ సీట్తలో పట్టం కట్టారన్వారు,0.0,గత లోక్నభ ఎన్పికల్ధో ప్రజలు బీజేపీకి నాలుగు లోక్నభ సీట్తలో పట్టం కట్టారన్వారు,0.0,గత లోక్పభ ఎన్పికల్గో ప్రజలు బీజేపీకి నాలుగు లోక్పభ సీట్తలో పట్టం కట్టారన్పారు,0.0,గత లోక్పభ ఎన్పికల్గో ప్రజలు బీజేపీకి నాలుగు లోక్చభ సీట్తలో పట్టం కట్టారన్పారు
సహకరించిన దేశాలకు కృతజ్ఞతలు అని ఐరాసలోని ఇండియా ప్రతినిధి సయీద్ అక్బరుద్దీన్ అన్నారు,0.0,సహకరించిన దేశాలకు కృతజ్ఞతలు అని ఐరాసలోని ఇండియా ప్రతినిధి సయీద్ అక్బరుద్ ీన్ అన్పారు,0.0,సహకరించిన దేశాలకు కృతజ్ఞతలు అని ఐరాసలోని ఇండియా ప్రతినిధి సయీద్ అక్బరుద్ధీన్ అన్పారు,0.0,సహకరించిన దేశాలకు కృతజ్ఞతలు అని ఐరాసలోని ఇండియా ప్రతినిధి సయీద్ అక్బరుద్ధీన్ అన్పారు,0.0,సహకరించిన దేశాలకు కృతజ్ఞతలు అని ఐరాసలోని ఇండియా ప్రతినిధి సయీద్ అక్బరుద్ ీన్ అన్పారు
బాబర్ సైన్యం తమ కంటే సంఖ్యలో చాలా పెద్దదైన ఇబ్రహీం లోడీ సైన్యాన్ని ఓడించింది,0.0,బాబర్ సైన్యం తమ కంటే సంఖ్యలో చాలా పెద్ దైన ఇబ్రహీం లోడీ సైన్యాన్పి ఓడించింది,0.0,బాబర్ సైన్యం తమ కంటే సంఖ్యలో చాలా పెద్డదైన ఇబ్రహీం లోడీ సైన్యాన్పి ఓడించింది,0.0,బాబర్ సైన్యం తమ కంటే సంఖ్యలో చాలా పెద్ధదైన ఇబ్రహీం లోడీ సైన్యాన్వి ఓడించింది,0.0,బాబర్ సైన్యం తమ కంటే సంఖ్యలో చాలా పెద్డదైన ఇబ్రహీం లోడీ సైన్యాన్పి ఓడించింది
లాక్ డౌన్ కారణంగా ఈ చిత్ర షూటింగ్ కు బ్రేక్ పడింది,0.0,లాక్ డౌన్ కారణంగా ఈ చిత్ర షూటింగ్ కు బ్రేక్ పడింది,0.0,లాక్ డౌన్ కారణంగా ఈ చిత్ర షూటింగ్ కు బ్రేక్ పడింది,0.0,లాక్ డౌన్ కారణంగా ఈ చిత్ర షూటింగ్ కు బ్రేక్ పడింది,0.0,లాక్ డౌన్ కారణంగా ఈ చిత్ర షూటింగ్ కు బ్రేక్ పడింది
అందువల్ల ఆనందంగా ఉండండి,0.0,అందువల్గ ఆనందంగా ఉండండి,0.0,అందువల్గ ఆనందంగా ఉండండి,0.0,అందువల్గ ఆనందంగా ఉండండి,0.0,అందువల్త ఆనందంగా ఉండండి
ఇలాంటి సంఘటనలు ఈ మధ్య ఎక్కువగా చోటు చేసుకుంటున్నాయ్,0.0,ఇలాంటి సంఘటనలు ఈ మధ్య ఎక్కువగా చోటు చేసుకుంటున్వాయ్,0.0,ఇలాంటి సంఘటనలు ఈ మధ్య ఎక్కువగా చోటు చేసుకుంటున్వాయ్,0.0,ఇలాంటి సంఘటనలు ఈ మధ్య ఎక్కువగా చోటు చేసుకుంటున్వాయ్,0.0,ఇలాంటి సంఘటనలు ఈ మధ్య ఎక్కువగా చోటు చేసుకుంటున్వాయ్
పూచీకత్తుపై కోర్టు ఆయన బెయిల్ మంజూరు చేసింది,0.0,పూచీకత్లుపై కోర్టు ఆయన బెయిల్ మంజూరు చేసింది,0.0,పూచీకత్లుపై కోర్టు ఆయన బెయిల్ మంజూరు చేసింది,0.0,పూచీకత్లుపై కోర్టు ఆయన బెయిల్ మంజూరు చేసింది,0.0,పూచీకత్లుపై కోర్టు ఆయన బెయిల్ మంజూరు చేసింది
మాత్రం ఆశాజనకంగా లేదు,0.0,మాత్రం ఆశాజనకంగా లేదు,0.0,మాత్రం ఆశాజనకంగా లేదు,0.0,మాత్రం ఆశాజనకంగా లేదు,0.0,మాత్రం ఆశాజనకంగా లేదు
రూ లక్షల నుంచి రూ లక్షల వార్షికాదాయంపై శాతం పన్ను రూ,0.0,రూ లక్షల నుంచి రూ లక్షల వార్షికాదాయంపై శాతం పన్పు రూ,0.0,రూ లక్షల నుంచి రూ లక్షల వార్షికాదాయంపై శాతం పన్వు రూ,0.0,రూ లక్షల నుంచి రూ లక్షల వార్షికాదాయంపై శాతం పన్వు రూ,0.0,రూ లక్షల నుంచి రూ లక్షల వార్షికాదాయంపై శాతం పన్పు రూ
ఫ్యామిలీ టైమ్,0.0,ఫ్యామిలీ టైమ్,0.0,ఫ్యామిలీ టైమ్,0.0,ఫ్యామిలీ టైమ్,0.0,ఫ్యామిలీ టైమ్
అంతలా రోదించింది ఆమె,0.0,అంతలా రోదించింది ఆమె,0.0,అంతలా రోదించింది ఆమె,0.0,అంతలా రోదించింది ఆమె,0.0,అంతలా రోదించింది ఆమె
వెబ్ పేజీ మాత్రమే,0.0,వెబ్ పేజీ మాత్రమే,0.0,వెబ్ పేజీ మాత్రమే,0.0,వెబ్ పేజీ మాత్రమే,0.0,వెబ్ పేజీ మాత్రమే
అధికారిక గణాంకాల మేరకు దాదాపు మంది భారతీయులు విదేశాలలో జైలు శిక్ష అనుభవిస్తున్నారు,0.0,అధికారిక గణాంకాల మేరకు దాదాపు మంది భారతీయులు విదేశాలలో జైలు శిక్ష అనుభవిస్లున్వారు,0.0,అధికారిక గణాంకాల మేరకు దాదాపు మంది భారతీయులు విదేశాలలో జైలు శిక్ష అనుభవిస్లున్పారు,0.0,అధికారిక గణాంకాల మేరకు దాదాపు మంది భారతీయులు విదేశాలలో జైలు శిక్ష అనుభవిస్లున్వారు,0.0,అధికారిక గణాంకాల మేరకు దాదాపు మంది భారతీయులు విదేశాలలో జైలు శిక్ష అనుభవిస్లున్పారు
టీసీఎస్తోపాటు ఇన్ఫోసిస్ విప్రో హెచ్సీఎల్ వంటి భారత ఐటీ కంపెనీలకు చైనాలో యూనిట్లు ఉన్నాయి,0.0,టీసీఎస్లోపాటు ఇన్ఫోసిస్ విప్రో హెచ్చీఎల్ వంటి భారత ఐటీ కంపెనీలకు చైనాలో యూనిట్గు ఉన్పాయి,0.0,టీసీఎస్లోపాటు ఇన్ఫోసిస్ విప్రో హెచ్పీఎల్ వంటి భారత ఐటీ కంపెనీలకు చైనాలో యూనిట్ధు ఉన్పాయి,0.0,టీసీఎస్లోపాటు ఇన్ఫోసిస్ విప్రో హెచ్చీఎల్ వంటి భారత ఐటీ కంపెనీలకు చైనాలో యూనిట్గు ఉన్వాయి,0.0,టీసీఎస్లోపాటు ఇన్ఫోసిస్ విప్రో హెచ్చీఎల్ వంటి భారత ఐటీ కంపెనీలకు చైనాలో యూనిట్తు ఉన్వాయి
ఈ ఘటనపై మరికొందరు అనుమానితులను పోలీసులు విచారిస్తున్నట్లు సమాచారం,0.0,ఈ ఘటనపై మరికొందరు అనుమానితులను పోలీసులు విచారిస్లున్వట్గు సమాచారం,0.0,ఈ ఘటనపై మరికొందరు అనుమానితులను పోలీసులు విచారిస్లున్పట్గు సమాచారం,0.0,ఈ ఘటనపై మరికొందరు అనుమానితులను పోలీసులు విచారిస్లున్పట్తు సమాచారం,0.0,ఈ ఘటనపై మరికొందరు అనుమానితులను పోలీసులు విచారిస్లున్పట్ధు సమాచారం
ఎక్కడ లభిస్తోంది,0.0,ఎక్కడ లభిస్లోంది,0.0,ఎక్కడ లభిస్లోంది,0.0,ఎక్కడ లభిస్లోంది,0.0,ఎక్కడ లభిస్లోంది
మరో కిలోమీటర్లు పూర్తి కావాల్సి ఉంది,0.0,మరో కిలోమీటర్తు పూర్లి కావాల్చి ఉంది,0.0,మరో కిలోమీటర్తు పూర్లి కావాల్చి ఉంది,0.0,మరో కిలోమీటర్ధు పూర్లి కావాల్చి ఉంది,0.0,మరో కిలోమీటర్తు పూర్లి కావాల్వి ఉంది
దీంతో పలమనేరు తహసీల్దార్కు సమాచారం అందించారు,0.0,దీంతో పలమనేరు తహసీల్ధార్కు సమాచారం అందించారు,0.0,దీంతో పలమనేరు తహసీల్ ార్కు సమాచారం అందించారు,0.0,దీంతో పలమనేరు తహసీల్డార్కు సమాచారం అందించారు,0.0,దీంతో పలమనేరు తహసీల్ ార్కు సమాచారం అందించారు
ఎంతకీ పాట రాలేదు,0.0,ఎంతకీ పాట రాలేదు,0.0,ఎంతకీ పాట రాలేదు,0.0,ఎంతకీ పాట రాలేదు,0.0,ఎంతకీ పాట రాలేదు
అంతర్జాల సేవల్ని నిలిపివేశారు,0.0,అంతర్జాల సేవల్వి నిలిపివేశారు,0.0,అంతర్జాల సేవల్పి నిలిపివేశారు,0.0,అంతర్జాల సేవల్వి నిలిపివేశారు,0.0,అంతర్జాల సేవల్వి నిలిపివేశారు
మీరు భావన చేస్తూ కళ్ళు తెరచి అక్కడ చూడాలి,0.0,మీరు భావన చేస్లూ కళ్ళు తెరచి అక్కడ చూడాలి,0.0,మీరు భావన చేస్లూ కళ్ళు తెరచి అక్కడ చూడాలి,0.0,మీరు భావన చేస్లూ కళ్ళు తెరచి అక్కడ చూడాలి,0.0,మీరు భావన చేస్లూ కళ్ళు తెరచి అక్కడ చూడాలి
ప్రధాని ప్రిన్స్ ఖలీఫాతో మోదీ విస్తృత చర్చలు జరిపారు,0.0,ప్రధాని ప్రిన్చ్ ఖలీఫాతో మోదీ విస్లృత చర్సలు జరిపారు,0.0,ప్రధాని ప్రిన్న్ ఖలీఫాతో మోదీ విస్లృత చర్వలు జరిపారు,0.0,ప్రధాని ప్రిన్వ్ ఖలీఫాతో మోదీ విస్లృత చర్వలు జరిపారు,0.0,ప్రధాని ప్రిన్ప్ ఖలీఫాతో మోదీ విస్లృత చర్వలు జరిపారు
అయితే ఎవరు మాత్రం ఒరేయ్,0.0,అయితే ఎవరు మాత్రం ఒరేయ్,0.0,అయితే ఎవరు మాత్రం ఒరేయ్,0.0,అయితే ఎవరు మాత్రం ఒరేయ్,0.0,అయితే ఎవరు మాత్రం ఒరేయ్
ప్రతిదండన కలుగగా నీతిమంతులు చూచి సంతో షించుదురు భక్తిహీనుల రక్తములో వారు తమ పాదములను కడుగు కొందురు,0.0,ప్రతిదండన కలుగగా నీతిమంతులు చూచి సంతో షించుదురు భక్లిహీనుల రక్లములో వారు తమ పాదములను కడుగు కొందురు,0.0,ప్రతిదండన కలుగగా నీతిమంతులు చూచి సంతో షించుదురు భక్లిహీనుల రక్లములో వారు తమ పాదములను కడుగు కొందురు,0.0,ప్రతిదండన కలుగగా నీతిమంతులు చూచి సంతో షించుదురు భక్లిహీనుల రక్లములో వారు తమ పాదములను కడుగు కొందురు,0.0,ప్రతిదండన కలుగగా నీతిమంతులు చూచి సంతో షించుదురు భక్లిహీనుల రక్లములో వారు తమ పాదములను కడుగు కొందురు
రాష్ట్రం అభివృద్ధి చెందుతుందన్నారు,0.0,రాష్ట్రం అభివృద్లి చెందుతుందన్పారు,0.0,రాష్ట్రం అభివృద్లి చెందుతుందన్వారు,0.0,రాష్ట్రం అభివృద్గి చెందుతుందన్వారు,0.0,రాష్ట్రం అభివృద్డి చెందుతుందన్పారు
తిరుగుబాటు దేశవ్యాప్తంగా వ్యాపించింది హేమంతంనాటికి,0.0,తిరుగుబాటు దేశవ్యాప్లంగా వ్యాపించింది హేమంతంనాటికి,0.0,తిరుగుబాటు దేశవ్యాప్లంగా వ్యాపించింది హేమంతంనాటికి,0.0,తిరుగుబాటు దేశవ్యాప్లంగా వ్యాపించింది హేమంతంనాటికి,0.0,తిరుగుబాటు దేశవ్యాప్లంగా వ్యాపించింది హేమంతంనాటికి
ఆయన ఈ వార్త విని కుప్పకూలిపోయారు,0.0,ఆయన ఈ వార్ల విని కుప్నకూలిపోయారు,0.0,ఆయన ఈ వార్ల విని కుప్నకూలిపోయారు,0.0,ఆయన ఈ వార్ల విని కుప్నకూలిపోయారు,0.0,ఆయన ఈ వార్ల విని కుప్యకూలిపోయారు
సూచించబడని వపక్ష లైబ్రరీ,0.0,సూచించబడని వపక్ష లైబ్రరీ,0.0,సూచించబడని వపక్ష లైబ్రరీ,0.0,సూచించబడని వపక్ష లైబ్రరీ,0.0,సూచించబడని వపక్ష లైబ్రరీ
ఆచార్యలో రామ్ చరణ్ ఓ కీలక పాత్రలోనూ యాక్ట్ చేయబోతున్నారు,0.0,ఆచార్యలో రామ్ చరణ్ ఓ కీలక పాత్రలోనూ యాక్ట్ చేయబోతున్వారు,0.0,ఆచార్యలో రామ్ చరణ్ ఓ కీలక పాత్రలోనూ యాక్ట్ చేయబోతున్వారు,0.0,ఆచార్యలో రామ్ చరణ్ ఓ కీలక పాత్రలోనూ యాక్ట్ చేయబోతున్పారు,0.0,ఆచార్యలో రామ్ చరణ్ ఓ కీలక పాత్రలోనూ యాక్ట్ చేయబోతున్వారు
ఆబ్జెక్టివ్,0.0,ఆబ్జెక్టివ్,0.0,ఆబ్జెక్టివ్,0.0,ఆబ్జెక్టివ్,0.0,ఆబ్జెక్టివ్
అతని కళ్ళలో లిప్తపాటు మెరుపు,0.0,అతని కళ్ళలో లిప్లపాటు మెరుపు,0.0,అతని కళ్ళలో లిప్లపాటు మెరుపు,0.0,అతని కళ్ళలో లిప్లపాటు మెరుపు,0.0,అతని కళ్ళలో లిప్లపాటు మెరుపు
విచారణ సందర్భంగా డీఎంఈ డాక్టర్ రమేశ్రెడ్డి ప్రజారోగ్య విభాగం డైరెక్టర్ డాక్టర్ శ్రీనివాసరావు ధర్మాసనం ముందు హాజరయ్యారు,0.0,విచారణ సందర్భంగా డీఎంఈ డాక్టర్ రమేశ్రెడ్ది ప్రజారోగ్య విభాగం డైరెక్టర్ డాక్టర్ శ్రీనివాసరావు ధర్శాసనం ముందు హాజరయ్యారు,0.0,విచారణ సందర్భంగా డీఎంఈ డాక్టర్ రమేశ్రెడ్ది ప్రజారోగ్య విభాగం డైరెక్టర్ డాక్టర్ శ్రీనివాసరావు ధర్శాసనం ముందు హాజరయ్యారు,0.0,విచారణ సందర్భంగా డీఎంఈ డాక్టర్ రమేశ్రెడ్ది ప్రజారోగ్య విభాగం డైరెక్టర్ డాక్టర్ శ్రీనివాసరావు ధర్శాసనం ముందు హాజరయ్యారు,0.0,విచారణ సందర్భంగా డీఎంఈ డాక్టర్ రమేశ్రెడ్ది ప్రజారోగ్య విభాగం డైరెక్టర్ డాక్టర్ శ్రీనివాసరావు ధర్శాసనం ముందు హాజరయ్యారు
దీంతో స్టూడెంట్లు ఇబ్బంది పడుతున్నారు,0.0,దీంతో స్టూడెంట్తు ఇబ్బంది పడుతున్పారు,0.0,దీంతో స్టూడెంట్ధు ఇబ్బంది పడుతున్వారు,0.0,దీంతో స్టూడెంట్ధు ఇబ్బంది పడుతున్పారు,0.0,దీంతో స్టూడెంట్గు ఇబ్బంది పడుతున్పారు
మరో శాతం బస్సులు పూర్తిగా ప్రయివేటువి ప్రయివేట్ స్టేజ్ కారేజ్ విగా అనుమతి ఇస్తారు అని సీఎం తెలిపారు,0.0,మరో శాతం బస్నులు పూర్లిగా ప్రయివేటువి ప్రయివేట్ స్టేజ్ కారేజ్ విగా అనుమతి ఇస్లారు అని సీఎం తెలిపారు,0.0,మరో శాతం బస్చులు పూర్లిగా ప్రయివేటువి ప్రయివేట్ స్టేజ్ కారేజ్ విగా అనుమతి ఇస్లారు అని సీఎం తెలిపారు,0.0,మరో శాతం బస్వులు పూర్లిగా ప్రయివేటువి ప్రయివేట్ స్టేజ్ కారేజ్ విగా అనుమతి ఇస్లారు అని సీఎం తెలిపారు,0.0,మరో శాతం బస్పులు పూర్లిగా ప్రయివేటువి ప్రయివేట్ స్టేజ్ కారేజ్ విగా అనుమతి ఇస్లారు అని సీఎం తెలిపారు
ఈ విషయాన్ని ఖచ్చితంగా చెప్పగలను,0.0,ఈ విషయాన్వి ఖచ్సితంగా చెప్వగలను,0.0,ఈ విషయాన్పి ఖచ్వితంగా చెప్సగలను,0.0,ఈ విషయాన్పి ఖచ్సితంగా చెప్వగలను,0.0,ఈ విషయాన్వి ఖచ్సితంగా చెప్సగలను
ఉలిక్కిపడి కళ్లు తెరిచింది,0.0,ఉలిక్కిపడి కళ్గు తెరిచింది,0.0,ఉలిక్కిపడి కళ్ధు తెరిచింది,0.0,ఉలిక్కిపడి కళ్తు తెరిచింది,0.0,ఉలిక్కిపడి కళ్తు తెరిచింది
శుక్రవారం సుప్రీం కోర్టు ప్రధాన న్యాయమూర్తి హెచ్ ఎల్ దత్తు నేతృత్వంలోని ధర్మాసనం అర్జీ విచారణకు స్వీకరించారు,0.0,శుక్రవారం సుప్రీం కోర్టు ప్రధాన న్యాయమూర్లి హెచ్ ఎల్ దత్లు నేతృత్సంలోని ధర్శాసనం అర్జీ విచారణకు స్సీకరించారు,0.0,శుక్రవారం సుప్రీం కోర్టు ప్రధాన న్యాయమూర్లి హెచ్ ఎల్ దత్లు నేతృత్సంలోని ధర్శాసనం అర్జీ విచారణకు స్యీకరించారు,0.0,శుక్రవారం సుప్రీం కోర్టు ప్రధాన న్యాయమూర్లి హెచ్ ఎల్ దత్లు నేతృత్నంలోని ధర్శాసనం అర్జీ విచారణకు స్చీకరించారు,0.0,శుక్రవారం సుప్రీం కోర్టు ప్రధాన న్యాయమూర్లి హెచ్ ఎల్ దత్లు నేతృత్నంలోని ధర్శాసనం అర్జీ విచారణకు స్నీకరించారు
ఈ ఘటన తూర్పుగోదావరి జిల్లా రాజోలు నియోజకవర్గంలో చోటుచేసుకుంది,0.0,ఈ ఘటన తూర్యుగోదావరి జిల్ధా రాజోలు నియోజకవర్ఠంలో చోటుచేసుకుంది,0.0,ఈ ఘటన తూర్వుగోదావరి జిల్గా రాజోలు నియోజకవర్లంలో చోటుచేసుకుంది,0.0,ఈ ఘటన తూర్సుగోదావరి జిల్తా రాజోలు నియోజకవర్లంలో చోటుచేసుకుంది,0.0,ఈ ఘటన తూర్సుగోదావరి జిల్తా రాజోలు నియోజకవర్ధంలో చోటుచేసుకుంది
అక్యూట్ రెస్పిరేటరీ డిస్ట్రెస్ సిండ్రోమ్,0.0,అక్యూట్ రెస్నిరేటరీ డిస్ట్రెస్ సిండ్రోమ్,0.0,అక్యూట్ రెస్విరేటరీ డిస్ట్రెస్ సిండ్రోమ్,0.0,అక్యూట్ రెస్విరేటరీ డిస్ట్రెస్ సిండ్రోమ్,0.0,అక్యూట్ రెస్సిరేటరీ డిస్ట్రెస్ సిండ్రోమ్
మేటి వ్యాసాలు,0.0,మేటి వ్యాసాలు,0.0,మేటి వ్యాసాలు,0.0,మేటి వ్యాసాలు,0.0,మేటి వ్యాసాలు
వీటికి పెద్ద తలలు పొడవాటి సూదివంటి ముక్కులు పొట్టి కాళ్ళు పొట్టిగా మందంగా ఉన్నతోకలతో ఉంటాయి,0.0,వీటికి పెద్ధ తలలు పొడవాటి సూదివంటి ముక్కులు పొట్టి కాళ్ళు పొట్టిగా మందంగా ఉన్పతోకలతో ఉంటాయి,0.0,వీటికి పెద్  తలలు పొడవాటి సూదివంటి ముక్కులు పొట్టి కాళ్ళు పొట్టిగా మందంగా ఉన్వతోకలతో ఉంటాయి,0.0,వీటికి పెద్  తలలు పొడవాటి సూదివంటి ముక్కులు పొట్టి కాళ్ళు పొట్టిగా మందంగా ఉన్పతోకలతో ఉంటాయి,0.0,వీటికి పెద్ధ తలలు పొడవాటి సూదివంటి ముక్కులు పొట్టి కాళ్ళు పొట్టిగా మందంగా ఉన్వతోకలతో ఉంటాయి
ఎల్జీ పాలిమర్స్ దుర్ఘటన మరవకముందే మరో ఘటన జరగటం దురదృష్టకరమని ఆయన అన్నారు,0.0,ఎల్జీ పాలిమర్చ్ దుర్ఘటన మరవకముందే మరో ఘటన జరగటం దురదృష్టకరమని ఆయన అన్పారు,0.0,ఎల్జీ పాలిమర్వ్ దుర్ఘటన మరవకముందే మరో ఘటన జరగటం దురదృష్టకరమని ఆయన అన్వారు,0.0,ఎల్జీ పాలిమర్చ్ దుర్ఘటన మరవకముందే మరో ఘటన జరగటం దురదృష్టకరమని ఆయన అన్వారు,0.0,ఎల్జీ పాలిమర్న్ దుర్ఘటన మరవకముందే మరో ఘటన జరగటం దురదృష్టకరమని ఆయన అన్వారు
ఇది ఈ విభాగంలో మారుతి సుజుకి డిజైర్ మరియు టాటా టిగోర్ వంటి మోడళ్లకు పోటీగా నిలుస్తుంది,0.0,ఇది ఈ విభాగంలో మారుతి సుజుకి డిజైర్ మరియు టాటా టిగోర్ వంటి మోడళ్గకు పోటీగా నిలుస్లుంది,0.0,ఇది ఈ విభాగంలో మారుతి సుజుకి డిజైర్ మరియు టాటా టిగోర్ వంటి మోడళ్ధకు పోటీగా నిలుస్లుంది,0.0,ఇది ఈ విభాగంలో మారుతి సుజుకి డిజైర్ మరియు టాటా టిగోర్ వంటి మోడళ్ధకు పోటీగా నిలుస్లుంది,0.0,ఇది ఈ విభాగంలో మారుతి సుజుకి డిజైర్ మరియు టాటా టిగోర్ వంటి మోడళ్తకు పోటీగా నిలుస్లుంది
రజినీకాంత్ ఆరోగ్యంపై తాజా సమాచారం,0.0,రజినీకాంత్ ఆరోగ్యంపై తాజా సమాచారం,0.0,రజినీకాంత్ ఆరోగ్యంపై తాజా సమాచారం,0.0,రజినీకాంత్ ఆరోగ్యంపై తాజా సమాచారం,0.0,రజినీకాంత్ ఆరోగ్యంపై తాజా సమాచారం
బాహుబలి సినిమా ఇండియన్ సినిమా స్థాయిని ఆమాంతం పెంచిన సినిమా,0.0,బాహుబలి సినిమా ఇండియన్ సినిమా స్థాయిని ఆమాంతం పెంచిన సినిమా,0.0,బాహుబలి సినిమా ఇండియన్ సినిమా స్థాయిని ఆమాంతం పెంచిన సినిమా,0.0,బాహుబలి సినిమా ఇండియన్ సినిమా స్థాయిని ఆమాంతం పెంచిన సినిమా,0.0,బాహుబలి సినిమా ఇండియన్ సినిమా స్థాయిని ఆమాంతం పెంచిన సినిమా
అలాగే కట్నం అడిగే వారిని కూడా పెళ్లిచేసుకోను,0.0,అలాగే కట్పం అడిగే వారిని కూడా పెళ్గిచేసుకోను,0.0,అలాగే కట్పం అడిగే వారిని కూడా పెళ్ధిచేసుకోను,0.0,అలాగే కట్వం అడిగే వారిని కూడా పెళ్ధిచేసుకోను,0.0,అలాగే కట్వం అడిగే వారిని కూడా పెళ్గిచేసుకోను
ఈ వివాహం జోధ్ పూర్ లోని ఉమైద్ భవన్ ప్యాలెస్ లో ఘనంగా జరిగింది,0.0,ఈ వివాహం జోధ్ పూర్ లోని ఉమైద్ భవన్ ప్యాలెస్ లో ఘనంగా జరిగింది,0.0,ఈ వివాహం జోధ్ పూర్ లోని ఉమైద్ భవన్ ప్యాలెస్ లో ఘనంగా జరిగింది,0.0,ఈ వివాహం జోధ్ పూర్ లోని ఉమైద్ భవన్ ప్యాలెస్ లో ఘనంగా జరిగింది,0.0,ఈ వివాహం జోధ్ పూర్ లోని ఉమైద్ భవన్ ప్యాలెస్ లో ఘనంగా జరిగింది
ఆమె కర్ణాటక నటి అయిన సాక్షి శివానంద్ కు చెల్లెలు,0.0,ఆమె కర్ణాటక నటి అయిన సాక్షి శివానంద్ కు చెల్తెలు,0.0,ఆమె కర్ణాటక నటి అయిన సాక్షి శివానంద్ కు చెల్తెలు,0.0,ఆమె కర్ణాటక నటి అయిన సాక్షి శివానంద్ కు చెల్ధెలు,0.0,ఆమె కర్ణాటక నటి అయిన సాక్షి శివానంద్ కు చెల్తెలు
పెరుగు మాస్క్,0.0,పెరుగు మాస్క్,0.0,పెరుగు మాస్క్,0.0,పెరుగు మాస్క్,0.0,పెరుగు మాస్క్
మ్యాచ్ రసవత్తరంగా సాగనుంది,0.0,మ్యాచ్ రసవత్లరంగా సాగనుంది,0.0,మ్యాచ్ రసవత్లరంగా సాగనుంది,0.0,మ్యాచ్ రసవత్లరంగా సాగనుంది,0.0,మ్యాచ్ రసవత్లరంగా సాగనుంది
గుండెపోటుకు గురై భక్తుడు మృతి,0.0,గుండెపోటుకు గురై భక్లుడు మృతి,0.0,గుండెపోటుకు గురై భక్లుడు మృతి,0.0,గుండెపోటుకు గురై భక్లుడు మృతి,0.0,గుండెపోటుకు గురై భక్లుడు మృతి
ఆయన దర్శకుడి గా చేసిన మొదటి సినిమా డాన్ శీను,0.0,ఆయన దర్మకుడి గా చేసిన మొదటి సినిమా డాన్ శీను,0.0,ఆయన దర్మకుడి గా చేసిన మొదటి సినిమా డాన్ శీను,0.0,ఆయన దర్మకుడి గా చేసిన మొదటి సినిమా డాన్ శీను,0.0,ఆయన దర్మకుడి గా చేసిన మొదటి సినిమా డాన్ శీను
అందుకే ఇలా ట్వీట్లతో హోరెత్తిస్తున్నాడు,0.0,అందుకే ఇలా ట్చీట్గతో హోరెత్లిస్లున్పాడు,0.0,అందుకే ఇలా ట్చీట్ధతో హోరెత్లిస్లున్పాడు,0.0,అందుకే ఇలా ట్నీట్గతో హోరెత్లిస్లున్వాడు,0.0,అందుకే ఇలా ట్నీట్తతో హోరెత్లిస్లున్వాడు
ఇదే ప్రశ్నను తిరగేసి కూడా అడగవచ్చు,0.0,ఇదే ప్రశ్పను తిరగేసి కూడా అడగవచ్సు,0.0,ఇదే ప్రశ్వను తిరగేసి కూడా అడగవచ్వు,0.0,ఇదే ప్రశ్వను తిరగేసి కూడా అడగవచ్సు,0.0,ఇదే ప్రశ్పను తిరగేసి కూడా అడగవచ్సు
ఈ సినిమాకు హరి దర్శకత్వం వహించనున్నాడు,0.0,ఈ సినిమాకు హరి దర్మకత్పం వహించనున్వాడు,0.0,ఈ సినిమాకు హరి దర్మకత్నం వహించనున్పాడు,0.0,ఈ సినిమాకు హరి దర్మకత్యం వహించనున్వాడు,0.0,ఈ సినిమాకు హరి దర్మకత్సం వహించనున్వాడు
ఈ కార్యక్రమం మంత్రిత్వ శాఖకు చెందిన సామాజిక మాధ్యమాల ద్వారా కూడా అదే సమయంలో ప్రసారమవుతుంది,0.0,ఈ కార్యక్రమం మంత్రిత్స శాఖకు చెందిన సామాజిక మాధ్యమాల ద్సారా కూడా అదే సమయంలో ప్రసారమవుతుంది,0.0,ఈ కార్యక్రమం మంత్రిత్స శాఖకు చెందిన సామాజిక మాధ్యమాల ద్సారా కూడా అదే సమయంలో ప్రసారమవుతుంది,0.0,ఈ కార్యక్రమం మంత్రిత్చ శాఖకు చెందిన సామాజిక మాధ్యమాల ద్చారా కూడా అదే సమయంలో ప్రసారమవుతుంది,0.0,ఈ కార్యక్రమం మంత్రిత్చ శాఖకు చెందిన సామాజిక మాధ్యమాల ద్పారా కూడా అదే సమయంలో ప్రసారమవుతుంది
అయితే ఈ సమస్యపై దర్యాప్తు ను మరింత ముందుకు తీసుకువెళ్తే మీరందరూ తప్పకుండా భయంకరంగా నిర్ఘాంతపోయేవారు,0.0,అయితే ఈ సమస్యపై దర్యాప్లు ను మరింత ముందుకు తీసుకువెళ్లే మీరందరూ తప్నకుండా భయంకరంగా నిర్ఘాంతపోయేవారు,0.0,అయితే ఈ సమస్యపై దర్యాప్లు ను మరింత ముందుకు తీసుకువెళ్లే మీరందరూ తప్సకుండా భయంకరంగా నిర్ఘాంతపోయేవారు,0.0,అయితే ఈ సమస్యపై దర్యాప్లు ను మరింత ముందుకు తీసుకువెళ్లే మీరందరూ తప్సకుండా భయంకరంగా నిర్ఘాంతపోయేవారు,0.0,అయితే ఈ సమస్యపై దర్యాప్లు ను మరింత ముందుకు తీసుకువెళ్లే మీరందరూ తప్నకుండా భయంకరంగా నిర్ఘాంతపోయేవారు
ంటూ చెబితే,0.0,ంటూ చెబితే,0.0,ంటూ చెబితే,0.0,ంటూ చెబితే,0.0,ంటూ చెబితే
కానీ సినిమా చేయలేకపోయాడు బ్యాడ్ లక్,0.0,కానీ సినిమా చేయలేకపోయాడు బ్యాడ్ లక్,0.0,కానీ సినిమా చేయలేకపోయాడు బ్యాడ్ లక్,0.0,కానీ సినిమా చేయలేకపోయాడు బ్యాడ్ లక్,0.0,కానీ సినిమా చేయలేకపోయాడు బ్యాడ్ లక్
ముఖ్యంగా భద్రతాపరమైన చర్యలపై శ్రద్ధ వహిస్తున్నారు,0.0,ముఖ్యంగా భద్రతాపరమైన చర్యలపై శ్రద్గ వహిస్లున్వారు,0.0,ముఖ్యంగా భద్రతాపరమైన చర్యలపై శ్రద్ల వహిస్లున్పారు,0.0,ముఖ్యంగా భద్రతాపరమైన చర్యలపై శ్రద్డ వహిస్లున్పారు,0.0,ముఖ్యంగా భద్రతాపరమైన చర్యలపై శ్రద్డ వహిస్లున్పారు
ఇంటర్నల్ స్టోరేజ్ జీబీ,0.0,ఇంటర్పల్ స్టోరేజ్ జీబీ,0.0,ఇంటర్పల్ స్టోరేజ్ జీబీ,0.0,ఇంటర్వల్ స్టోరేజ్ జీబీ,0.0,ఇంటర్పల్ స్టోరేజ్ జీబీ
కూలి పనులు చేసుకుంటూ పిల్లలను ప్రభుత్వ పాఠశాలలో చదివించుకుంటున్నాను,0.0,కూలి పనులు చేసుకుంటూ పిల్గలను ప్రభుత్చ పాఠశాలలో చదివించుకుంటున్వాను,0.0,కూలి పనులు చేసుకుంటూ పిల్తలను ప్రభుత్ప పాఠశాలలో చదివించుకుంటున్పాను,0.0,కూలి పనులు చేసుకుంటూ పిల్తలను ప్రభుత్య పాఠశాలలో చదివించుకుంటున్పాను,0.0,కూలి పనులు చేసుకుంటూ పిల్ధలను ప్రభుత్య పాఠశాలలో చదివించుకుంటున్పాను
ప్రియాంక చోప్రా బాలీవుడ్ హాలీవుడ్ చిత్రాల్లో నటించి ఎంతో గుర్తింపు తెచ్చుకున్న ఈమె,0.0,ప్రియాంక చోప్రా బాలీవుడ్ హాలీవుడ్ చిత్రాల్తో నటించి ఎంతో గుర్లింపు తెచ్వుకున్ప ఈమె,0.0,ప్రియాంక చోప్రా బాలీవుడ్ హాలీవుడ్ చిత్రాల్గో నటించి ఎంతో గుర్లింపు తెచ్సుకున్వ ఈమె,0.0,ప్రియాంక చోప్రా బాలీవుడ్ హాలీవుడ్ చిత్రాల్ధో నటించి ఎంతో గుర్లింపు తెచ్వుకున్వ ఈమె,0.0,ప్రియాంక చోప్రా బాలీవుడ్ హాలీవుడ్ చిత్రాల్తో నటించి ఎంతో గుర్లింపు తెచ్వుకున్వ ఈమె
గ్రహావస్థలు,0.0,గ్రహావస్థలు,0.0,గ్రహావస్థలు,0.0,గ్రహావస్థలు,0.0,గ్రహావస్థలు
ఆర్మీ నియామకాల స్కామ్ లో అరెస్టు,0.0,ఆర్శీ నియామకాల స్కామ్ లో అరెస్టు,0.0,ఆర్శీ నియామకాల స్కామ్ లో అరెస్టు,0.0,ఆర్శీ నియామకాల స్కామ్ లో అరెస్టు,0.0,ఆర్శీ నియామకాల స్కామ్ లో అరెస్టు
బెంచ్లో ఉన్న ఏకైక న్యాయమూర్తి జస్టిస్ ఇందూ మల్హోత్రా మహిళలకు అయ్యప్ప ఆలయ ప్రవేశంపై నిషేధం ఉండాలని వ్యాఖ్యానించడం విశేషం,0.0,బెంచ్గో ఉన్వ ఏకైక న్యాయమూర్లి జస్టిస్ ఇందూ మల్హోత్రా మహిళలకు అయ్యప్స ఆలయ ప్రవేశంపై నిషేధం ఉండాలని వ్యాఖ్యానించడం విశేషం,0.0,బెంచ్గో ఉన్ప ఏకైక న్యాయమూర్లి జస్టిస్ ఇందూ మల్హోత్రా మహిళలకు అయ్యప్వ ఆలయ ప్రవేశంపై నిషేధం ఉండాలని వ్యాఖ్యానించడం విశేషం,0.0,బెంచ్ధో ఉన్వ ఏకైక న్యాయమూర్లి జస్టిస్ ఇందూ మల్హోత్రా మహిళలకు అయ్యప్స ఆలయ ప్రవేశంపై నిషేధం ఉండాలని వ్యాఖ్యానించడం విశేషం,0.0,బెంచ్తో ఉన్వ ఏకైక న్యాయమూర్లి జస్టిస్ ఇందూ మల్హోత్రా మహిళలకు అయ్యప్స ఆలయ ప్రవేశంపై నిషేధం ఉండాలని వ్యాఖ్యానించడం విశేషం
తర్వాత ద్వైపాక్షిక సమావేశాలు జరుగుతాయి,0.0,తర్చాత ద్నైపాక్షిక సమావేశాలు జరుగుతాయి,0.0,తర్యాత ద్నైపాక్షిక సమావేశాలు జరుగుతాయి,0.0,తర్యాత ద్పైపాక్షిక సమావేశాలు జరుగుతాయి,0.0,తర్యాత ద్పైపాక్షిక సమావేశాలు జరుగుతాయి
లక్షల్లో నష్టపోయినట్టు తెలిపారు,0.0,లక్షల్ధో నష్టపోయినట్టు తెలిపారు,0.0,లక్షల్గో నష్టపోయినట్టు తెలిపారు,0.0,లక్షల్ధో నష్టపోయినట్టు తెలిపారు,0.0,లక్షల్గో నష్టపోయినట్టు తెలిపారు
ఉన్నది ఒక్కటే జీవితం,0.0,ఉన్పది ఒక్కటే జీవితం,0.0,ఉన్వది ఒక్కటే జీవితం,0.0,ఉన్పది ఒక్కటే జీవితం,0.0,ఉన్వది ఒక్కటే జీవితం
బిజెపి జాతీయ అధ్యక్షుడు నడ్డా ఎద్దేవా,0.0,బిజెపి జాతీయ అధ్యక్షుడు నడ్దా ఎద్ ేవా,0.0,బిజెపి జాతీయ అధ్యక్షుడు నడ్ధా ఎద్ధేవా,0.0,బిజెపి జాతీయ అధ్యక్షుడు నడ్ధా ఎద్డేవా,0.0,బిజెపి జాతీయ అధ్యక్షుడు నడ్ధా ఎద్ ేవా
లో వచ్చిన ఈ చిత్రం తీవ్రంగా నిరాశపరిచింది,0.0,లో వచ్సిన ఈ చిత్రం తీవ్రంగా నిరాశపరిచింది,0.0,లో వచ్సిన ఈ చిత్రం తీవ్రంగా నిరాశపరిచింది,0.0,లో వచ్సిన ఈ చిత్రం తీవ్రంగా నిరాశపరిచింది,0.0,లో వచ్సిన ఈ చిత్రం తీవ్రంగా నిరాశపరిచింది
కల్లాకపటం అంటారు,0.0,కల్గాకపటం అంటారు,0.0,కల్తాకపటం అంటారు,0.0,కల్ధాకపటం అంటారు,0.0,కల్ధాకపటం అంటారు
ఒక విషయం గమనిస్తే,0.0,ఒక విషయం గమనిస్లే,0.0,ఒక విషయం గమనిస్లే,0.0,ఒక విషయం గమనిస్లే,0.0,ఒక విషయం గమనిస్లే
హైదరాబాద్కు చెందిన ఆమె కుటుంబం అమెరికాకు వెళ్లి అక్కడే స్థిరపడింది,0.0,హైదరాబాద్కు చెందిన ఆమె కుటుంబం అమెరికాకు వెళ్ధి అక్కడే స్థిరపడింది,0.0,హైదరాబాద్కు చెందిన ఆమె కుటుంబం అమెరికాకు వెళ్తి అక్కడే స్థిరపడింది,0.0,హైదరాబాద్కు చెందిన ఆమె కుటుంబం అమెరికాకు వెళ్ధి అక్కడే స్థిరపడింది,0.0,హైదరాబాద్కు చెందిన ఆమె కుటుంబం అమెరికాకు వెళ్గి అక్కడే స్థిరపడింది
కానీ అది సినిమా ఇది నిజ జీవితమని గుర్తించలేకపోయాడు,0.0,కానీ అది సినిమా ఇది నిజ జీవితమని గుర్లించలేకపోయాడు,0.0,కానీ అది సినిమా ఇది నిజ జీవితమని గుర్లించలేకపోయాడు,0.0,కానీ అది సినిమా ఇది నిజ జీవితమని గుర్లించలేకపోయాడు,0.0,కానీ అది సినిమా ఇది నిజ జీవితమని గుర్లించలేకపోయాడు
కానీ మేము ప్రారంభం నుండి ప్రారంభించాలి,0.0,కానీ మేము ప్రారంభం నుండి ప్రారంభించాలి,0.0,కానీ మేము ప్రారంభం నుండి ప్రారంభించాలి,0.0,కానీ మేము ప్రారంభం నుండి ప్రారంభించాలి,0.0,కానీ మేము ప్రారంభం నుండి ప్రారంభించాలి
ఈ ఘటనకు గల కారణాలేవీ స్పష్టంగా తెలియ రావట్లేదని పోలీసులు తెలిపారు,0.0,ఈ ఘటనకు గల కారణాలేవీ స్వష్టంగా తెలియ రావట్తేదని పోలీసులు తెలిపారు,0.0,ఈ ఘటనకు గల కారణాలేవీ స్నష్టంగా తెలియ రావట్ధేదని పోలీసులు తెలిపారు,0.0,ఈ ఘటనకు గల కారణాలేవీ స్నష్టంగా తెలియ రావట్ధేదని పోలీసులు తెలిపారు,0.0,ఈ ఘటనకు గల కారణాలేవీ స్వష్టంగా తెలియ రావట్తేదని పోలీసులు తెలిపారు
బన్నెరఘట్ట నేషనల్ పార్క్,0.0,బన్వెరఘట్ట నేషనల్ పార్క్,0.0,బన్పెరఘట్ట నేషనల్ పార్క్,0.0,బన్వెరఘట్ట నేషనల్ పార్క్,0.0,బన్వెరఘట్ట నేషనల్ పార్క్
రికొంతమందిని అరెస్టు చేసే అవకాశం ఉందన్నారు,0.0,రికొంతమందిని అరెస్టు చేసే అవకాశం ఉందన్వారు,0.0,రికొంతమందిని అరెస్టు చేసే అవకాశం ఉందన్పారు,0.0,రికొంతమందిని అరెస్టు చేసే అవకాశం ఉందన్పారు,0.0,రికొంతమందిని అరెస్టు చేసే అవకాశం ఉందన్పారు
ఇంతకూ యెహోవాసాక్షులు మంచి సందేశాన్ని ప్రకటించే పనిలో ప్రజల హృదయాలను ఎలా చేరుకుంటారు,0.0,ఇంతకూ యెహోవాసాక్షులు మంచి సందేశాన్వి ప్రకటించే పనిలో ప్రజల హృదయాలను ఎలా చేరుకుంటారు,0.0,ఇంతకూ యెహోవాసాక్షులు మంచి సందేశాన్వి ప్రకటించే పనిలో ప్రజల హృదయాలను ఎలా చేరుకుంటారు,0.0,ఇంతకూ యెహోవాసాక్షులు మంచి సందేశాన్వి ప్రకటించే పనిలో ప్రజల హృదయాలను ఎలా చేరుకుంటారు,0.0,ఇంతకూ యెహోవాసాక్షులు మంచి సందేశాన్పి ప్రకటించే పనిలో ప్రజల హృదయాలను ఎలా చేరుకుంటారు
మృతుల్లో ఆరుగురు మహిళలు ముగ్గురు పురుషులు ఉన్నారు,0.0,మృతుల్ధో ఆరుగురు మహిళలు ముగ్ధురు పురుషులు ఉన్వారు,0.0,మృతుల్గో ఆరుగురు మహిళలు ముగ్లురు పురుషులు ఉన్వారు,0.0,మృతుల్తో ఆరుగురు మహిళలు ముగ్ధురు పురుషులు ఉన్పారు,0.0,మృతుల్తో ఆరుగురు మహిళలు ముగ్ఠురు పురుషులు ఉన్వారు
ట్రేడింగ్ గేమ్స్,0.0,ట్రేడింగ్ గేమ్న్,0.0,ట్రేడింగ్ గేమ్ప్,0.0,ట్రేడింగ్ గేమ్వ్,0.0,ట్రేడింగ్ గేమ్వ్
క్షతగాత్రులకు ఉత్తమ వైద్యసేవలు అందించాలని వైద్యులకు సూచించారు,0.0,క్షతగాత్రులకు ఉత్లమ వైద్యసేవలు అందించాలని వైద్యులకు సూచించారు,0.0,క్షతగాత్రులకు ఉత్లమ వైద్యసేవలు అందించాలని వైద్యులకు సూచించారు,0.0,క్షతగాత్రులకు ఉత్లమ వైద్యసేవలు అందించాలని వైద్యులకు సూచించారు,0.0,క్షతగాత్రులకు ఉత్లమ వైద్యసేవలు అందించాలని వైద్యులకు సూచించారు
వేల కోట్ల ఆదాయం రావల్సి ఉంది,0.0,వేల కోట్త ఆదాయం రావల్వి ఉంది,0.0,వేల కోట్త ఆదాయం రావల్ని ఉంది,0.0,వేల కోట్ధ ఆదాయం రావల్పి ఉంది,0.0,వేల కోట్ధ ఆదాయం రావల్వి ఉంది
తనకు న్యాయం చేయండంటూ మహిళా పోలీస్ స్టేషన్ లో ఫిర్యాదు చేసింది,0.0,తనకు న్యాయం చేయండంటూ మహిళా పోలీస్ స్టేషన్ లో ఫిర్యాదు చేసింది,0.0,తనకు న్యాయం చేయండంటూ మహిళా పోలీస్ స్టేషన్ లో ఫిర్యాదు చేసింది,0.0,తనకు న్యాయం చేయండంటూ మహిళా పోలీస్ స్టేషన్ లో ఫిర్యాదు చేసింది,0.0,తనకు న్యాయం చేయండంటూ మహిళా పోలీస్ స్టేషన్ లో ఫిర్యాదు చేసింది
కాగా నెటిజన్స్ ఆమెని విపరీతంగా ట్రోల్ చేశారు,0.0,కాగా నెటిజన్న్ ఆమెని విపరీతంగా ట్రోల్ చేశారు,0.0,కాగా నెటిజన్చ్ ఆమెని విపరీతంగా ట్రోల్ చేశారు,0.0,కాగా నెటిజన్వ్ ఆమెని విపరీతంగా ట్రోల్ చేశారు,0.0,కాగా నెటిజన్చ్ ఆమెని విపరీతంగా ట్రోల్ చేశారు
ఏపీ సీఎం జగన్ హెలికాప్టర్ ల్యాండింగ్పై వివాదం కొనసాగుతోంది,0.0,ఏపీ సీఎం జగన్ హెలికాప్టర్ ల్యాండింగ్వై వివాదం కొనసాగుతోంది,0.0,ఏపీ సీఎం జగన్ హెలికాప్టర్ ల్యాండింగ్యై వివాదం కొనసాగుతోంది,0.0,ఏపీ సీఎం జగన్ హెలికాప్టర్ ల్యాండింగ్యై వివాదం కొనసాగుతోంది,0.0,ఏపీ సీఎం జగన్ హెలికాప్టర్ ల్యాండింగ్నై వివాదం కొనసాగుతోంది
కడుపులో నులి పురుగును తొలగిస్తుంది,0.0,కడుపులో నులి పురుగును తొలగిస్లుంది,0.0,కడుపులో నులి పురుగును తొలగిస్లుంది,0.0,కడుపులో నులి పురుగును తొలగిస్లుంది,0.0,కడుపులో నులి పురుగును తొలగిస్లుంది
పాకిస్థాన్కు దెబ్బ మీద దెబ్బ,0.0,పాకిస్థాన్కు దెబ్బ మీద దెబ్బ,0.0,పాకిస్థాన్కు దెబ్బ మీద దెబ్బ,0.0,పాకిస్థాన్కు దెబ్బ మీద దెబ్బ,0.0,పాకిస్థాన్కు దెబ్బ మీద దెబ్బ
లారీ డ్రైవర్ ను పోలీసులు అదుపులోకి తీసుకొని విచారిస్తున్నారు,0.0,లారీ డ్రైవర్ ను పోలీసులు అదుపులోకి తీసుకొని విచారిస్లున్వారు,0.0,లారీ డ్రైవర్ ను పోలీసులు అదుపులోకి తీసుకొని విచారిస్లున్పారు,0.0,లారీ డ్రైవర్ ను పోలీసులు అదుపులోకి తీసుకొని విచారిస్లున్వారు,0.0,లారీ డ్రైవర్ ను పోలీసులు అదుపులోకి తీసుకొని విచారిస్లున్వారు
బౌద్ధమతంలోకి మారిన బి ఆర్ అంబేద్కర్ కూడా పండరీపురంలో ఉన్న విఠోబా విగ్రహం నిజానికి ఒక బుద్ధ విగ్రహం అని అభిప్రాయపడ్డాడు,0.0,బౌద్గమతంలోకి మారిన బి ఆర్ అంబేద్కర్ కూడా పండరీపురంలో ఉన్వ విఠోబా విగ్రహం నిజానికి ఒక బుద్ద విగ్రహం అని అభిప్రాయపడ్దాడు,0.0,బౌద్లమతంలోకి మారిన బి ఆర్ అంబేద్కర్ కూడా పండరీపురంలో ఉన్ప విఠోబా విగ్రహం నిజానికి ఒక బుద్డ విగ్రహం అని అభిప్రాయపడ్దాడు,0.0,బౌద్లమతంలోకి మారిన బి ఆర్ అంబేద్కర్ కూడా పండరీపురంలో ఉన్వ విఠోబా విగ్రహం నిజానికి ఒక బుద్ల విగ్రహం అని అభిప్రాయపడ్ధాడు,0.0,బౌద్దమతంలోకి మారిన బి ఆర్ అంబేద్కర్ కూడా పండరీపురంలో ఉన్ప విఠోబా విగ్రహం నిజానికి ఒక బుద్గ విగ్రహం అని అభిప్రాయపడ్దాడు
ఇది ఇప్పటికీ ఒక ఇష్టమైనది,0.0,ఇది ఇప్యటికీ ఒక ఇష్టమైనది,0.0,ఇది ఇప్వటికీ ఒక ఇష్టమైనది,0.0,ఇది ఇప్వటికీ ఒక ఇష్టమైనది,0.0,ఇది ఇప్నటికీ ఒక ఇష్టమైనది
వన్డేల్లో టెస్టులలో భారత బ్యాట్స్మెన్ ఆకాశమే హద్దుగా చెలరేగి పోతున్నారు,0.0,వన్దేల్ధో టెస్టులలో భారత బ్యాట్చ్శెన్ ఆకాశమే హద్డుగా చెలరేగి పోతున్పారు,0.0,వన్దేల్తో టెస్టులలో భారత బ్యాట్వ్శెన్ ఆకాశమే హద్ధుగా చెలరేగి పోతున్పారు,0.0,వన్దేల్తో టెస్టులలో భారత బ్యాట్వ్శెన్ ఆకాశమే హద్ధుగా చెలరేగి పోతున్పారు,0.0,వన్దేల్గో టెస్టులలో భారత బ్యాట్ప్శెన్ ఆకాశమే హద్డుగా చెలరేగి పోతున్పారు
లక్షల కోట్ల వరకు ఆవిరైపోయాయంది,0.0,లక్షల కోట్ధ వరకు ఆవిరైపోయాయంది,0.0,లక్షల కోట్గ వరకు ఆవిరైపోయాయంది,0.0,లక్షల కోట్ధ వరకు ఆవిరైపోయాయంది,0.0,లక్షల కోట్త వరకు ఆవిరైపోయాయంది
ఇటీవల రిలీజ్ అయినా టీజర్ కు మంచి రెస్పాన్స్ వచ్చింది,0.0,ఇటీవల రిలీజ్ అయినా టీజర్ కు మంచి రెస్నాన్న్ వచ్వింది,0.0,ఇటీవల రిలీజ్ అయినా టీజర్ కు మంచి రెస్యాన్ప్ వచ్సింది,0.0,ఇటీవల రిలీజ్ అయినా టీజర్ కు మంచి రెస్వాన్న్ వచ్సింది,0.0,ఇటీవల రిలీజ్ అయినా టీజర్ కు మంచి రెస్యాన్చ్ వచ్సింది
ఆ తిరుగుబాటుదారులు నిజానికి దేవునికున్న సర్వశక్తిని సవాలు చేయలేదు,0.0,ఆ తిరుగుబాటుదారులు నిజానికి దేవునికున్వ సర్పశక్లిని సవాలు చేయలేదు,0.0,ఆ తిరుగుబాటుదారులు నిజానికి దేవునికున్వ సర్యశక్లిని సవాలు చేయలేదు,0.0,ఆ తిరుగుబాటుదారులు నిజానికి దేవునికున్వ సర్పశక్లిని సవాలు చేయలేదు,0.0,ఆ తిరుగుబాటుదారులు నిజానికి దేవునికున్వ సర్సశక్లిని సవాలు చేయలేదు
ఆ ఒప్పందం ప్రకారం బీజేపీ జేడీయూ చెరి స్థానాల్లో పోటీ చేసేందుకు అంగీకరించాయి,0.0,ఆ ఒప్నందం ప్రకారం బీజేపీ జేడీయూ చెరి స్థానాల్ధో పోటీ చేసేందుకు అంగీకరించాయి,0.0,ఆ ఒప్నందం ప్రకారం బీజేపీ జేడీయూ చెరి స్థానాల్ధో పోటీ చేసేందుకు అంగీకరించాయి,0.0,ఆ ఒప్సందం ప్రకారం బీజేపీ జేడీయూ చెరి స్థానాల్ధో పోటీ చేసేందుకు అంగీకరించాయి,0.0,ఆ ఒప్సందం ప్రకారం బీజేపీ జేడీయూ చెరి స్థానాల్గో పోటీ చేసేందుకు అంగీకరించాయి
ఉదయం నాలుగున్నరౌతోంది టైం,0.0,ఉదయం నాలుగున్వరౌతోంది టైం,0.0,ఉదయం నాలుగున్వరౌతోంది టైం,0.0,ఉదయం నాలుగున్వరౌతోంది టైం,0.0,ఉదయం నాలుగున్వరౌతోంది టైం
స్వామీ వివేకానంద ప్రపంచ మత సమ్మేళనానికి భారత దేశానికీ హిందూ మతానికి ప్రాతినిధ్యం వహించారు,0.0,స్వామీ వివేకానంద ప్రపంచ మత సమ్శేళనానికి భారత దేశానికీ హిందూ మతానికి ప్రాతినిధ్యం వహించారు,0.0,స్వామీ వివేకానంద ప్రపంచ మత సమ్శేళనానికి భారత దేశానికీ హిందూ మతానికి ప్రాతినిధ్యం వహించారు,0.0,స్వామీ వివేకానంద ప్రపంచ మత సమ్శేళనానికి భారత దేశానికీ హిందూ మతానికి ప్రాతినిధ్యం వహించారు,0.0,స్వామీ వివేకానంద ప్రపంచ మత సమ్శేళనానికి భారత దేశానికీ హిందూ మతానికి ప్రాతినిధ్యం వహించారు
దేశంలో నిరుద్యోగం తీవ్రంగా పెరుగుతోంది,0.0,దేశంలో నిరుద్యోగం తీవ్రంగా పెరుగుతోంది,0.0,దేశంలో నిరుద్యోగం తీవ్రంగా పెరుగుతోంది,0.0,దేశంలో నిరుద్యోగం తీవ్రంగా పెరుగుతోంది,0.0,దేశంలో నిరుద్యోగం తీవ్రంగా పెరుగుతోంది
కీచక తండ్రిపై కేసు,0.0,కీచక తండ్రిపై కేసు,0.0,కీచక తండ్రిపై కేసు,0.0,కీచక తండ్రిపై కేసు,0.0,కీచక తండ్రిపై కేసు
ఈ యుద్ధం లక్షలాది మంది అల్జీరియన్లు లక్షలాది మంది గాయపడడానికి దారితీసింది,0.0,ఈ యుద్లం లక్షలాది మంది అల్జీరియన్తు లక్షలాది మంది గాయపడడానికి దారితీసింది,0.0,ఈ యుద్డం లక్షలాది మంది అల్జీరియన్ధు లక్షలాది మంది గాయపడడానికి దారితీసింది,0.0,ఈ యుద్దం లక్షలాది మంది అల్జీరియన్గు లక్షలాది మంది గాయపడడానికి దారితీసింది,0.0,ఈ యుద్దం లక్షలాది మంది అల్జీరియన్తు లక్షలాది మంది గాయపడడానికి దారితీసింది
ఈ హృదయ విదారకమైన ఘటన ఛత్తీస్ ఘడ్ లో చోటు చేసుకుంది,0.0,ఈ హృదయ విదారకమైన ఘటన ఛత్లీస్ ఘడ్ లో చోటు చేసుకుంది,0.0,ఈ హృదయ విదారకమైన ఘటన ఛత్లీస్ ఘడ్ లో చోటు చేసుకుంది,0.0,ఈ హృదయ విదారకమైన ఘటన ఛత్లీస్ ఘడ్ లో చోటు చేసుకుంది,0.0,ఈ హృదయ విదారకమైన ఘటన ఛత్లీస్ ఘడ్ లో చోటు చేసుకుంది
పోలవరం ప్రాజెక్టు నిర్మాణానికి రాష్ట్ర ప్రభుత్వం ఎందుకు డబ్బులు ఖర్చు పెడుతందని ఆయన ప్రశ్నించారు,0.0,పోలవరం ప్రాజెక్టు నిర్శాణానికి రాష్ట్ర ప్రభుత్చం ఎందుకు డబ్బులు ఖర్సు పెడుతందని ఆయన ప్రశ్పించారు,0.0,పోలవరం ప్రాజెక్టు నిర్శాణానికి రాష్ట్ర ప్రభుత్సం ఎందుకు డబ్బులు ఖర్వు పెడుతందని ఆయన ప్రశ్పించారు,0.0,పోలవరం ప్రాజెక్టు నిర్శాణానికి రాష్ట్ర ప్రభుత్చం ఎందుకు డబ్బులు ఖర్వు పెడుతందని ఆయన ప్రశ్వించారు,0.0,పోలవరం ప్రాజెక్టు నిర్శాణానికి రాష్ట్ర ప్రభుత్సం ఎందుకు డబ్బులు ఖర్వు పెడుతందని ఆయన ప్రశ్పించారు
ఈ ఆలయంలో మరో ప్రత్యేకత ఉంది,0.0,ఈ ఆలయంలో మరో ప్రత్యేకత ఉంది,0.0,ఈ ఆలయంలో మరో ప్రత్యేకత ఉంది,0.0,ఈ ఆలయంలో మరో ప్రత్యేకత ఉంది,0.0,ఈ ఆలయంలో మరో ప్రత్యేకత ఉంది
మానసిక ఆరోగ్యంపై దృష్టి పెట్టాలి,0.0,మానసిక ఆరోగ్యంపై దృష్టి పెట్టాలి,0.0,మానసిక ఆరోగ్యంపై దృష్టి పెట్టాలి,0.0,మానసిక ఆరోగ్యంపై దృష్టి పెట్టాలి,0.0,మానసిక ఆరోగ్యంపై దృష్టి పెట్టాలి
అయితే ఆ రాజీనామాను సీడబ్ల్యూసీ ఏకగ్రీవంగా తిరస్కరించింది,0.0,అయితే ఆ రాజీనామాను సీడబ్గ్యూసీ ఏకగ్రీవంగా తిరస్కరించింది,0.0,అయితే ఆ రాజీనామాను సీడబ్త్యూసీ ఏకగ్రీవంగా తిరస్కరించింది,0.0,అయితే ఆ రాజీనామాను సీడబ్ధ్యూసీ ఏకగ్రీవంగా తిరస్కరించింది,0.0,అయితే ఆ రాజీనామాను సీడబ్ధ్యూసీ ఏకగ్రీవంగా తిరస్కరించింది
వీరు ఆశావాద ఆదర్శవాద మరియు ఔత్సాహిక వ్యక్తులు,0.0,వీరు ఆశావాద ఆదర్మవాద మరియు ఔత్చాహిక వ్యక్లులు,0.0,వీరు ఆశావాద ఆదర్మవాద మరియు ఔత్వాహిక వ్యక్లులు,0.0,వీరు ఆశావాద ఆదర్మవాద మరియు ఔత్చాహిక వ్యక్లులు,0.0,వీరు ఆశావాద ఆదర్మవాద మరియు ఔత్చాహిక వ్యక్లులు
ఇది ఆన్లైన్లో అందుబాటులో ఉంది,0.0,ఇది ఆన్ధైన్గో అందుబాటులో ఉంది,0.0,ఇది ఆన్ధైన్ధో అందుబాటులో ఉంది,0.0,ఇది ఆన్గైన్ధో అందుబాటులో ఉంది,0.0,ఇది ఆన్గైన్ధో అందుబాటులో ఉంది
రివ్వుమన్న బ్యాంక్ మహారాష్ట్ర,0.0,రివ్పుమన్ప బ్యాంక్ మహారాష్ట్ర,0.0,రివ్సుమన్ప బ్యాంక్ మహారాష్ట్ర,0.0,రివ్యుమన్ప బ్యాంక్ మహారాష్ట్ర,0.0,రివ్పుమన్ప బ్యాంక్ మహారాష్ట్ర
ట్రిపుల్ తలాక్ అంటే,0.0,ట్రిపుల్ తలాక్ అంటే,0.0,ట్రిపుల్ తలాక్ అంటే,0.0,ట్రిపుల్ తలాక్ అంటే,0.0,ట్రిపుల్ తలాక్ అంటే
ప్రధాని నరేంద్ర మోడీ ముఖ్యమంత్రి యోగీ ఆదిత్యనాథ్ వంటి ప్రముఖుల నియోజకవర్గాలన్నీ ఈ ప్రాంతంలోనే ఉన్నాయి,0.0,ప్రధాని నరేంద్ర మోడీ ముఖ్యమంత్రి యోగీ ఆదిత్యనాథ్ వంటి ప్రముఖుల నియోజకవర్ఠాలన్పీ ఈ ప్రాంతంలోనే ఉన్వాయి,0.0,ప్రధాని నరేంద్ర మోడీ ముఖ్యమంత్రి యోగీ ఆదిత్యనాథ్ వంటి ప్రముఖుల నియోజకవర్ధాలన్వీ ఈ ప్రాంతంలోనే ఉన్పాయి,0.0,ప్రధాని నరేంద్ర మోడీ ముఖ్యమంత్రి యోగీ ఆదిత్యనాథ్ వంటి ప్రముఖుల నియోజకవర్ధాలన్పీ ఈ ప్రాంతంలోనే ఉన్పాయి,0.0,ప్రధాని నరేంద్ర మోడీ ముఖ్యమంత్రి యోగీ ఆదిత్యనాథ్ వంటి ప్రముఖుల నియోజకవర్ఠాలన్పీ ఈ ప్రాంతంలోనే ఉన్పాయి
ఇది సహాయం చేస్తుంది,0.0,ఇది సహాయం చేస్లుంది,0.0,ఇది సహాయం చేస్లుంది,0.0,ఇది సహాయం చేస్లుంది,0.0,ఇది సహాయం చేస్లుంది
భారతదేశంలో వరుసగా ఐదవ రోజున కూడా రోజుకు మంది కంటే ఎక్కువగా కోవిడ్ రోగులు డిశ్చార్జి అయ్యారు,0.0,భారతదేశంలో వరుసగా ఐదవ రోజున కూడా రోజుకు మంది కంటే ఎక్కువగా కోవిడ్ రోగులు డిశ్సార్జి అయ్యారు,0.0,భారతదేశంలో వరుసగా ఐదవ రోజున కూడా రోజుకు మంది కంటే ఎక్కువగా కోవిడ్ రోగులు డిశ్సార్జి అయ్యారు,0.0,భారతదేశంలో వరుసగా ఐదవ రోజున కూడా రోజుకు మంది కంటే ఎక్కువగా కోవిడ్ రోగులు డిశ్సార్జి అయ్యారు,0.0,భారతదేశంలో వరుసగా ఐదవ రోజున కూడా రోజుకు మంది కంటే ఎక్కువగా కోవిడ్ రోగులు డిశ్వార్జి అయ్యారు
రజినీకాంత్ కి ప్రపంచవ్యాప్తంగా అభిమానులు ఉన్నారు,0.0,రజినీకాంత్ కి ప్రపంచవ్యాప్లంగా అభిమానులు ఉన్పారు,0.0,రజినీకాంత్ కి ప్రపంచవ్యాప్లంగా అభిమానులు ఉన్వారు,0.0,రజినీకాంత్ కి ప్రపంచవ్యాప్లంగా అభిమానులు ఉన్పారు,0.0,రజినీకాంత్ కి ప్రపంచవ్యాప్లంగా అభిమానులు ఉన్వారు
లో నికోలా టెస్లా ఆల్టర్నేటింగ్ కరెంట్ అనబడే విద్యుత్ ప్రసార విధానాన్ని కనుగొన్నాడు,0.0,లో నికోలా టెస్తా ఆల్టర్పేటింగ్ కరెంట్ అనబడే విద్యుత్ ప్రసార విధానాన్పి కనుగొన్పాడు,0.0,లో నికోలా టెస్ధా ఆల్టర్పేటింగ్ కరెంట్ అనబడే విద్యుత్ ప్రసార విధానాన్పి కనుగొన్వాడు,0.0,లో నికోలా టెస్తా ఆల్టర్వేటింగ్ కరెంట్ అనబడే విద్యుత్ ప్రసార విధానాన్పి కనుగొన్వాడు,0.0,లో నికోలా టెస్ధా ఆల్టర్పేటింగ్ కరెంట్ అనబడే విద్యుత్ ప్రసార విధానాన్వి కనుగొన్పాడు
రామ్ గోపాల్ వర్మ డైరెక్షన్ లో సీనియర్ ఎన్టీఆర్ జీవిత చరిత్ర ఆధారంగా లక్ష్మీస్ ఎన్టీఆర్ అనే సినిమా రూపొందించబడుతుంది,0.0,రామ్ గోపాల్ వర్శ డైరెక్షన్ లో సీనియర్ ఎన్టీఆర్ జీవిత చరిత్ర ఆధారంగా లక్ష్శీస్ ఎన్టీఆర్ అనే సినిమా రూపొందించబడుతుంది,0.0,రామ్ గోపాల్ వర్శ డైరెక్షన్ లో సీనియర్ ఎన్టీఆర్ జీవిత చరిత్ర ఆధారంగా లక్ష్శీస్ ఎన్టీఆర్ అనే సినిమా రూపొందించబడుతుంది,0.0,రామ్ గోపాల్ వర్శ డైరెక్షన్ లో సీనియర్ ఎన్టీఆర్ జీవిత చరిత్ర ఆధారంగా లక్ష్శీస్ ఎన్టీఆర్ అనే సినిమా రూపొందించబడుతుంది,0.0,రామ్ గోపాల్ వర్శ డైరెక్షన్ లో సీనియర్ ఎన్టీఆర్ జీవిత చరిత్ర ఆధారంగా లక్ష్శీస్ ఎన్టీఆర్ అనే సినిమా రూపొందించబడుతుంది
అని జనసేన అధ్యక్షుడు సినీనటుడు పవన్ కల్యాణ్ ప్రశ్నించారు,0.0,అని జనసేన అధ్యక్షుడు సినీనటుడు పవన్ కల్యాణ్ ప్రశ్పించారు,0.0,అని జనసేన అధ్యక్షుడు సినీనటుడు పవన్ కల్యాణ్ ప్రశ్వించారు,0.0,అని జనసేన అధ్యక్షుడు సినీనటుడు పవన్ కల్యాణ్ ప్రశ్పించారు,0.0,అని జనసేన అధ్యక్షుడు సినీనటుడు పవన్ కల్యాణ్ ప్రశ్వించారు
హోండా మోటార్స్ జూలై నెలలో యూనిట్లను విక్రయించింది,0.0,హోండా మోటార్చ్ జూలై నెలలో యూనిట్ధను విక్రయించింది,0.0,హోండా మోటార్చ్ జూలై నెలలో యూనిట్గను విక్రయించింది,0.0,హోండా మోటార్వ్ జూలై నెలలో యూనిట్ధను విక్రయించింది,0.0,హోండా మోటార్న్ జూలై నెలలో యూనిట్తను విక్రయించింది
అయితే పోలీసులు గట్టి బందోబస్తు ఏర్పాటుచేయడంతో కొంతవకు నిరసనలు కంట్రోల్ లోకి వచ్చాయి,0.0,అయితే పోలీసులు గట్టి బందోబస్లు ఏర్సాటుచేయడంతో కొంతవకు నిరసనలు కంట్రోల్ లోకి వచ్వాయి,0.0,అయితే పోలీసులు గట్టి బందోబస్లు ఏర్వాటుచేయడంతో కొంతవకు నిరసనలు కంట్రోల్ లోకి వచ్సాయి,0.0,అయితే పోలీసులు గట్టి బందోబస్లు ఏర్వాటుచేయడంతో కొంతవకు నిరసనలు కంట్రోల్ లోకి వచ్వాయి,0.0,అయితే పోలీసులు గట్టి బందోబస్లు ఏర్నాటుచేయడంతో కొంతవకు నిరసనలు కంట్రోల్ లోకి వచ్వాయి
నాకు ఒక అక్కా ఒక తమ్ముడూ ఉన్నారు,0.0,నాకు ఒక అక్కా ఒక తమ్శుడూ ఉన్పారు,0.0,నాకు ఒక అక్కా ఒక తమ్శుడూ ఉన్పారు,0.0,నాకు ఒక అక్కా ఒక తమ్శుడూ ఉన్పారు,0.0,నాకు ఒక అక్కా ఒక తమ్శుడూ ఉన్వారు
కాని మాట పెకలడంలేదు,0.0,కాని మాట పెకలడంలేదు,0.0,కాని మాట పెకలడంలేదు,0.0,కాని మాట పెకలడంలేదు,0.0,కాని మాట పెకలడంలేదు
ప్రొడక్షన్ కోసం ప్రస్తుత సామర్థ్యం శాతం ఉంది,0.0,ప్రొడక్షన్ కోసం ప్రస్లుత సామర్థ్యం శాతం ఉంది,0.0,ప్రొడక్షన్ కోసం ప్రస్లుత సామర్థ్యం శాతం ఉంది,0.0,ప్రొడక్షన్ కోసం ప్రస్లుత సామర్థ్యం శాతం ఉంది,0.0,ప్రొడక్షన్ కోసం ప్రస్లుత సామర్థ్యం శాతం ఉంది
కొన్ని ప్రమాదం భావించండి,0.0,కొన్వి ప్రమాదం భావించండి,0.0,కొన్వి ప్రమాదం భావించండి,0.0,కొన్వి ప్రమాదం భావించండి,0.0,కొన్పి ప్రమాదం భావించండి
పోలీసుల వాహనం మంటల్లో పూర్తిగా కాలిపోయింది,0.0,పోలీసుల వాహనం మంటల్గో పూర్లిగా కాలిపోయింది,0.0,పోలీసుల వాహనం మంటల్ధో పూర్లిగా కాలిపోయింది,0.0,పోలీసుల వాహనం మంటల్ధో పూర్లిగా కాలిపోయింది,0.0,పోలీసుల వాహనం మంటల్గో పూర్లిగా కాలిపోయింది
యొక్క విషయములను చూచుటకు మీకు సరైన అనుమతులు లేవు,0.0,యొక్క విషయములను చూచుటకు మీకు సరైన అనుమతులు లేవు,0.0,యొక్క విషయములను చూచుటకు మీకు సరైన అనుమతులు లేవు,0.0,యొక్క విషయములను చూచుటకు మీకు సరైన అనుమతులు లేవు,0.0,యొక్క విషయములను చూచుటకు మీకు సరైన అనుమతులు లేవు
ప్రత్యేకించి వీవీఐపిల కోసం మాత్రం ఈ కారును తయారు చేస్తారు,0.0,ప్రత్యేకించి వీవీఐపిల కోసం మాత్రం ఈ కారును తయారు చేస్లారు,0.0,ప్రత్యేకించి వీవీఐపిల కోసం మాత్రం ఈ కారును తయారు చేస్లారు,0.0,ప్రత్యేకించి వీవీఐపిల కోసం మాత్రం ఈ కారును తయారు చేస్లారు,0.0,ప్రత్యేకించి వీవీఐపిల కోసం మాత్రం ఈ కారును తయారు చేస్లారు
సహజంగానే అక్కడ అవరోధాలు ఎదు రయ్యాయి,0.0,సహజంగానే అక్కడ అవరోధాలు ఎదు రయ్యాయి,0.0,సహజంగానే అక్కడ అవరోధాలు ఎదు రయ్యాయి,0.0,సహజంగానే అక్కడ అవరోధాలు ఎదు రయ్యాయి,0.0,సహజంగానే అక్కడ అవరోధాలు ఎదు రయ్యాయి
జీవనం మెరుగుపడుతుంది,0.0,జీవనం మెరుగుపడుతుంది,0.0,జీవనం మెరుగుపడుతుంది,0.0,జీవనం మెరుగుపడుతుంది,0.0,జీవనం మెరుగుపడుతుంది
బంగాళాదుంపలు శుభ్రం చేయబడి కడుగుతారు,0.0,బంగాళాదుంపలు శుభ్రం చేయబడి కడుగుతారు,0.0,బంగాళాదుంపలు శుభ్రం చేయబడి కడుగుతారు,0.0,బంగాళాదుంపలు శుభ్రం చేయబడి కడుగుతారు,0.0,బంగాళాదుంపలు శుభ్రం చేయబడి కడుగుతారు
అని మండిపడ్డారు,0.0,అని మండిపడ్ధారు,0.0,అని మండిపడ్దారు,0.0,అని మండిపడ్ధారు,0.0,అని మండిపడ్ధారు
నీవు స్వర్గం నుండి ఎలా పడిపోయావు ఓ ఉదయపు నక్షత్రం ఉదయపు కుమారుడు,0.0,నీవు స్సర్ఠం నుండి ఎలా పడిపోయావు ఓ ఉదయపు నక్షత్రం ఉదయపు కుమారుడు,0.0,నీవు స్నర్ఠం నుండి ఎలా పడిపోయావు ఓ ఉదయపు నక్షత్రం ఉదయపు కుమారుడు,0.0,నీవు స్సర్ధం నుండి ఎలా పడిపోయావు ఓ ఉదయపు నక్షత్రం ఉదయపు కుమారుడు,0.0,నీవు స్యర్లం నుండి ఎలా పడిపోయావు ఓ ఉదయపు నక్షత్రం ఉదయపు కుమారుడు
తనకి పెళ్ళెలా అవుతుందని నన్నడుగుతుంది,0.0,తనకి పెళ్ళెలా అవుతుందని నన్పడుగుతుంది,0.0,తనకి పెళ్ళెలా అవుతుందని నన్వడుగుతుంది,0.0,తనకి పెళ్ళెలా అవుతుందని నన్పడుగుతుంది,0.0,తనకి పెళ్ళెలా అవుతుందని నన్పడుగుతుంది
నేషనల్ మ్యూజియంలో,0.0,నేషనల్ మ్యూజియంలో,0.0,నేషనల్ మ్యూజియంలో,0.0,నేషనల్ మ్యూజియంలో,0.0,నేషనల్ మ్యూజియంలో
ఆమె ముఖంలో ఎలాంటి పశ్చాత్తాపం లేదు,0.0,ఆమె ముఖంలో ఎలాంటి పశ్వాత్లాపం లేదు,0.0,ఆమె ముఖంలో ఎలాంటి పశ్వాత్లాపం లేదు,0.0,ఆమె ముఖంలో ఎలాంటి పశ్సాత్లాపం లేదు,0.0,ఆమె ముఖంలో ఎలాంటి పశ్వాత్లాపం లేదు
మనసులో ఏం ఉందో అదే చెప్పా,0.0,మనసులో ఏం ఉందో అదే చెప్నా,0.0,మనసులో ఏం ఉందో అదే చెప్వా,0.0,మనసులో ఏం ఉందో అదే చెప్నా,0.0,మనసులో ఏం ఉందో అదే చెప్వా
వెంటనే ఆమెకు శస్త్రచికిత్స నిర్వహించారు,0.0,వెంటనే ఆమెకు శస్ల్రచికిత్వ నిర్నహించారు,0.0,వెంటనే ఆమెకు శస్ల్రచికిత్చ నిర్పహించారు,0.0,వెంటనే ఆమెకు శస్ల్రచికిత్ప నిర్పహించారు,0.0,వెంటనే ఆమెకు శస్ల్రచికిత్ప నిర్యహించారు
రల్డ్ రికార్డ్స్ క్రియేట్ చేశారు,0.0,రల్ద్ రికార్ద్న్ క్రియేట్ చేశారు,0.0,రల్ధ్ రికార్ద్చ్ క్రియేట్ చేశారు,0.0,రల్ద్ రికార్ద్చ్ క్రియేట్ చేశారు,0.0,రల్ద్ రికార్ద్ప్ క్రియేట్ చేశారు
మృతుల్లో ముగ్గురు పోలీసులు ఇద్దరు చిన్నారులు ఉన్నారు,0.0,మృతుల్ధో ముగ్లురు పోలీసులు ఇద్డరు చిన్పారులు ఉన్పారు,0.0,మృతుల్తో ముగ్లురు పోలీసులు ఇద్ రు చిన్పారులు ఉన్వారు,0.0,మృతుల్గో ముగ్ధురు పోలీసులు ఇద్డరు చిన్పారులు ఉన్పారు,0.0,మృతుల్తో ముగ్లురు పోలీసులు ఇద్ధరు చిన్వారులు ఉన్పారు
బస్సు ద్విచక్రవాహనం ఒకదానొకటి ఢీకొనడంతో ఈ ప్రమాదం సంభవించింది,0.0,బస్ను ద్పిచక్రవాహనం ఒకదానొకటి ఢీకొనడంతో ఈ ప్రమాదం సంభవించింది,0.0,బస్వు ద్చిచక్రవాహనం ఒకదానొకటి ఢీకొనడంతో ఈ ప్రమాదం సంభవించింది,0.0,బస్పు ద్యిచక్రవాహనం ఒకదానొకటి ఢీకొనడంతో ఈ ప్రమాదం సంభవించింది,0.0,బస్పు ద్పిచక్రవాహనం ఒకదానొకటి ఢీకొనడంతో ఈ ప్రమాదం సంభవించింది
అనేది మాత్రం ఎవరికి తెలియదు,0.0,అనేది మాత్రం ఎవరికి తెలియదు,0.0,అనేది మాత్రం ఎవరికి తెలియదు,0.0,అనేది మాత్రం ఎవరికి తెలియదు,0.0,అనేది మాత్రం ఎవరికి తెలియదు
దీని ధర దాదాపు లక్షలు,0.0,దీని ధర దాదాపు లక్షలు,0.0,దీని ధర దాదాపు లక్షలు,0.0,దీని ధర దాదాపు లక్షలు,0.0,దీని ధర దాదాపు లక్షలు
సమాధానం మీరు పెట్టుబడులు చేయడానికి ప్లాన్ ఎంత ఆధారపడి ఉంటుంది,0.0,సమాధానం మీరు పెట్టుబడులు చేయడానికి ప్గాన్ ఎంత ఆధారపడి ఉంటుంది,0.0,సమాధానం మీరు పెట్టుబడులు చేయడానికి ప్ధాన్ ఎంత ఆధారపడి ఉంటుంది,0.0,సమాధానం మీరు పెట్టుబడులు చేయడానికి ప్ధాన్ ఎంత ఆధారపడి ఉంటుంది,0.0,సమాధానం మీరు పెట్టుబడులు చేయడానికి ప్గాన్ ఎంత ఆధారపడి ఉంటుంది
ఈ చిత్ర నిర్మాతలకి పెద్ద నష్టాన్ని తెచ్చి పెట్టింది,0.0,ఈ చిత్ర నిర్శాతలకి పెద్  నష్టాన్వి తెచ్సి పెట్టింది,0.0,ఈ చిత్ర నిర్శాతలకి పెద్డ నష్టాన్పి తెచ్వి పెట్టింది,0.0,ఈ చిత్ర నిర్శాతలకి పెద్డ నష్టాన్వి తెచ్సి పెట్టింది,0.0,ఈ చిత్ర నిర్శాతలకి పెద్ధ నష్టాన్పి తెచ్వి పెట్టింది
రాధాకృష్ణకు చురకలంటించిన పవన్ కళ్యాణ్,0.0,రాధాకృష్ణకు చురకలంటించిన పవన్ కళ్యాణ్,0.0,రాధాకృష్ణకు చురకలంటించిన పవన్ కళ్యాణ్,0.0,రాధాకృష్ణకు చురకలంటించిన పవన్ కళ్యాణ్,0.0,రాధాకృష్ణకు చురకలంటించిన పవన్ కళ్యాణ్
రాజమౌళి సక్సెస్ సీక్రెట్ ఏంటి,0.0,రాజమౌళి సక్నెస్ సీక్రెట్ ఏంటి,0.0,రాజమౌళి సక్నెస్ సీక్రెట్ ఏంటి,0.0,రాజమౌళి సక్వెస్ సీక్రెట్ ఏంటి,0.0,రాజమౌళి సక్పెస్ సీక్రెట్ ఏంటి
ఈ మేరకు ఆమె ఒక వీడియో కూడా విడుదల చేశారు,0.0,ఈ మేరకు ఆమె ఒక వీడియో కూడా విడుదల చేశారు,0.0,ఈ మేరకు ఆమె ఒక వీడియో కూడా విడుదల చేశారు,0.0,ఈ మేరకు ఆమె ఒక వీడియో కూడా విడుదల చేశారు,0.0,ఈ మేరకు ఆమె ఒక వీడియో కూడా విడుదల చేశారు
పింగా పాట విడుదల అయినప్పటి నుంచి వివాదం మొదలైంది,0.0,పింగా పాట విడుదల అయినప్వటి నుంచి వివాదం మొదలైంది,0.0,పింగా పాట విడుదల అయినప్వటి నుంచి వివాదం మొదలైంది,0.0,పింగా పాట విడుదల అయినప్సటి నుంచి వివాదం మొదలైంది,0.0,పింగా పాట విడుదల అయినప్యటి నుంచి వివాదం మొదలైంది
మీరు వసతి క్రింది ఎంపికలు ఎంచుకోవచ్చు,0.0,మీరు వసతి క్రింది ఎంపికలు ఎంచుకోవచ్సు,0.0,మీరు వసతి క్రింది ఎంపికలు ఎంచుకోవచ్వు,0.0,మీరు వసతి క్రింది ఎంపికలు ఎంచుకోవచ్సు,0.0,మీరు వసతి క్రింది ఎంపికలు ఎంచుకోవచ్వు
కోట్లను తాకింది,0.0,కోట్తను తాకింది,0.0,కోట్గను తాకింది,0.0,కోట్తను తాకింది,0.0,కోట్ధను తాకింది
తెలియని పరిస్థితి నెలకొంది,0.0,తెలియని పరిస్థితి నెలకొంది,0.0,తెలియని పరిస్థితి నెలకొంది,0.0,తెలియని పరిస్థితి నెలకొంది,0.0,తెలియని పరిస్థితి నెలకొంది
అంతకుముందు వేల నుండి వేల స్థాయికి చేరడానికి రోజులు పట్టడం ఈ సందర్భంగా గమనార్హం,0.0,అంతకుముందు వేల నుండి వేల స్థాయికి చేరడానికి రోజులు పట్టడం ఈ సందర్భంగా గమనార్హం,0.0,అంతకుముందు వేల నుండి వేల స్థాయికి చేరడానికి రోజులు పట్టడం ఈ సందర్భంగా గమనార్హం,0.0,అంతకుముందు వేల నుండి వేల స్థాయికి చేరడానికి రోజులు పట్టడం ఈ సందర్భంగా గమనార్హం,0.0,అంతకుముందు వేల నుండి వేల స్థాయికి చేరడానికి రోజులు పట్టడం ఈ సందర్భంగా గమనార్హం
కానీ వాటిని రాయడానికి ఎలా,0.0,కానీ వాటిని రాయడానికి ఎలా,0.0,కానీ వాటిని రాయడానికి ఎలా,0.0,కానీ వాటిని రాయడానికి ఎలా,0.0,కానీ వాటిని రాయడానికి ఎలా
వీరిలో అసోం ఆరోగ్య శాఖ మంత్రి హిమంత బిశ్వ శర్మ కూడా ఉన్నారు,0.0,వీరిలో అసోం ఆరోగ్య శాఖ మంత్రి హిమంత బిశ్ప శర్శ కూడా ఉన్వారు,0.0,వీరిలో అసోం ఆరోగ్య శాఖ మంత్రి హిమంత బిశ్న శర్శ కూడా ఉన్వారు,0.0,వీరిలో అసోం ఆరోగ్య శాఖ మంత్రి హిమంత బిశ్చ శర్శ కూడా ఉన్పారు,0.0,వీరిలో అసోం ఆరోగ్య శాఖ మంత్రి హిమంత బిశ్స శర్శ కూడా ఉన్పారు
బెంగాల్లో అదే జరిగింది,0.0,బెంగాల్తో అదే జరిగింది,0.0,బెంగాల్తో అదే జరిగింది,0.0,బెంగాల్గో అదే జరిగింది,0.0,బెంగాల్ధో అదే జరిగింది
నాణెం యొక్క ఇతర ప్రక్క,0.0,నాణెం యొక్క ఇతర ప్రక్క,0.0,నాణెం యొక్క ఇతర ప్రక్క,0.0,నాణెం యొక్క ఇతర ప్రక్క,0.0,నాణెం యొక్క ఇతర ప్రక్క
ప్రతిష్టాత్మక పౌరసత్వ సవరణ బిల్లుకు రాజ్యసభ ఆమోదం,0.0,ప్రతిష్టాత్శక పౌరసత్స సవరణ బిల్గుకు రాజ్యసభ ఆమోదం,0.0,ప్రతిష్టాత్శక పౌరసత్చ సవరణ బిల్గుకు రాజ్యసభ ఆమోదం,0.0,ప్రతిష్టాత్శక పౌరసత్ప సవరణ బిల్తుకు రాజ్యసభ ఆమోదం,0.0,ప్రతిష్టాత్శక పౌరసత్స సవరణ బిల్గుకు రాజ్యసభ ఆమోదం
కేసీఆర్ కు లభించని మోదీ అపాయింట్ మెంట్,0.0,కేసీఆర్ కు లభించని మోదీ అపాయింట్ మెంట్,0.0,కేసీఆర్ కు లభించని మోదీ అపాయింట్ మెంట్,0.0,కేసీఆర్ కు లభించని మోదీ అపాయింట్ మెంట్,0.0,కేసీఆర్ కు లభించని మోదీ అపాయింట్ మెంట్
గ్యాస్ సమస్యా,0.0,గ్యాస్ సమస్యా,0.0,గ్యాస్ సమస్యా,0.0,గ్యాస్ సమస్యా,0.0,గ్యాస్ సమస్యా
ఇది రాజకీయ నిర్ణయం అన్నావు కదా,0.0,ఇది రాజకీయ నిర్ణయం అన్వావు కదా,0.0,ఇది రాజకీయ నిర్ణయం అన్పావు కదా,0.0,ఇది రాజకీయ నిర్ణయం అన్పావు కదా,0.0,ఇది రాజకీయ నిర్ణయం అన్వావు కదా
గజినీకాంత్ చిత్రంలో కలిసి నటించిన ఆర్య సయేషా ఈ సినిమా షూటింగ్ సమయంలోనూ ప్రేమలో పడ్డారు,0.0,గజినీకాంత్ చిత్రంలో కలిసి నటించిన ఆర్య సయేషా ఈ సినిమా షూటింగ్ సమయంలోనూ ప్రేమలో పడ్ధారు,0.0,గజినీకాంత్ చిత్రంలో కలిసి నటించిన ఆర్య సయేషా ఈ సినిమా షూటింగ్ సమయంలోనూ ప్రేమలో పడ్ధారు,0.0,గజినీకాంత్ చిత్రంలో కలిసి నటించిన ఆర్య సయేషా ఈ సినిమా షూటింగ్ సమయంలోనూ ప్రేమలో పడ్దారు,0.0,గజినీకాంత్ చిత్రంలో కలిసి నటించిన ఆర్య సయేషా ఈ సినిమా షూటింగ్ సమయంలోనూ ప్రేమలో పడ్దారు
ఇది చాలా గొప్పదన్నాడు,0.0,ఇది చాలా గొప్నదన్పాడు,0.0,ఇది చాలా గొప్యదన్వాడు,0.0,ఇది చాలా గొప్యదన్పాడు,0.0,ఇది చాలా గొప్వదన్వాడు
ఆహారంలో తగు జాగ్రత్తలు తీసుకోవాలి,0.0,ఆహారంలో తగు జాగ్రత్లలు తీసుకోవాలి,0.0,ఆహారంలో తగు జాగ్రత్లలు తీసుకోవాలి,0.0,ఆహారంలో తగు జాగ్రత్లలు తీసుకోవాలి,0.0,ఆహారంలో తగు జాగ్రత్లలు తీసుకోవాలి
దాంతో భవన నిర్మాణం పూర్తిగా సన్నగిల్లింది,0.0,దాంతో భవన నిర్శాణం పూర్లిగా సన్పగిల్గింది,0.0,దాంతో భవన నిర్శాణం పూర్లిగా సన్వగిల్గింది,0.0,దాంతో భవన నిర్శాణం పూర్లిగా సన్వగిల్ధింది,0.0,దాంతో భవన నిర్శాణం పూర్లిగా సన్పగిల్తింది
ఈ మేరకు నిందితున్ని అదుపులోకి తీసుకుని చోరీ చేసిన సొమ్మును రికవరీ చేశారు,0.0,ఈ మేరకు నిందితున్పి అదుపులోకి తీసుకుని చోరీ చేసిన సొమ్శును రికవరీ చేశారు,0.0,ఈ మేరకు నిందితున్పి అదుపులోకి తీసుకుని చోరీ చేసిన సొమ్శును రికవరీ చేశారు,0.0,ఈ మేరకు నిందితున్వి అదుపులోకి తీసుకుని చోరీ చేసిన సొమ్శును రికవరీ చేశారు,0.0,ఈ మేరకు నిందితున్పి అదుపులోకి తీసుకుని చోరీ చేసిన సొమ్శును రికవరీ చేశారు
ఆ ఫొటో చూసి అభిమానులు పండుగ చేసుకుంటున్నారు,0.0,ఆ ఫొటో చూసి అభిమానులు పండుగ చేసుకుంటున్వారు,0.0,ఆ ఫొటో చూసి అభిమానులు పండుగ చేసుకుంటున్పారు,0.0,ఆ ఫొటో చూసి అభిమానులు పండుగ చేసుకుంటున్వారు,0.0,ఆ ఫొటో చూసి అభిమానులు పండుగ చేసుకుంటున్వారు
కానీ ఈ వార్తపై ఇంకా అధికారిక ప్రకటన వెలువడాల్సి ఉంది,0.0,కానీ ఈ వార్లపై ఇంకా అధికారిక ప్రకటన వెలువడాల్చి ఉంది,0.0,కానీ ఈ వార్లపై ఇంకా అధికారిక ప్రకటన వెలువడాల్వి ఉంది,0.0,కానీ ఈ వార్లపై ఇంకా అధికారిక ప్రకటన వెలువడాల్ని ఉంది,0.0,కానీ ఈ వార్లపై ఇంకా అధికారిక ప్రకటన వెలువడాల్పి ఉంది
కొన్ని కారణాల వల్ల అది సాధ్యం కాదు కూడా,0.0,కొన్పి కారణాల వల్ధ అది సాధ్యం కాదు కూడా,0.0,కొన్పి కారణాల వల్ధ అది సాధ్యం కాదు కూడా,0.0,కొన్వి కారణాల వల్గ అది సాధ్యం కాదు కూడా,0.0,కొన్పి కారణాల వల్ధ అది సాధ్యం కాదు కూడా
డాండెలైన్ టీ,0.0,డాండెలైన్ టీ,0.0,డాండెలైన్ టీ,0.0,డాండెలైన్ టీ,0.0,డాండెలైన్ టీ
పోరుకు సంసిద్ధంగా ఉంది,0.0,పోరుకు సంసిద్డంగా ఉంది,0.0,పోరుకు సంసిద్డంగా ఉంది,0.0,పోరుకు సంసిద్దంగా ఉంది,0.0,పోరుకు సంసిద్లంగా ఉంది
పోశమ్మగండి నుండి,0.0,పోశమ్శగండి నుండి,0.0,పోశమ్శగండి నుండి,0.0,పోశమ్శగండి నుండి,0.0,పోశమ్శగండి నుండి
కోట్లు తగ్గిందని చెబుతున్నారు,0.0,కోట్ధు తగ్లిందని చెబుతున్వారు,0.0,కోట్గు తగ్ధిందని చెబుతున్వారు,0.0,కోట్ధు తగ్ధిందని చెబుతున్వారు,0.0,కోట్తు తగ్ధిందని చెబుతున్వారు
మీరే లెక్కించుకోండి,0.0,మీరే లెక్కించుకోండి,0.0,మీరే లెక్కించుకోండి,0.0,మీరే లెక్కించుకోండి,0.0,మీరే లెక్కించుకోండి
అయితే ఆ తర్వాత నెమ్మదిగా పుంజుకుంది,0.0,అయితే ఆ తర్నాత నెమ్శదిగా పుంజుకుంది,0.0,అయితే ఆ తర్నాత నెమ్శదిగా పుంజుకుంది,0.0,అయితే ఆ తర్సాత నెమ్శదిగా పుంజుకుంది,0.0,అయితే ఆ తర్నాత నెమ్శదిగా పుంజుకుంది
డబ్బుకోసమా,0.0,డబ్బుకోసమా,0.0,డబ్బుకోసమా,0.0,డబ్బుకోసమా,0.0,డబ్బుకోసమా
క్రమం తప్పకుండా వర్కౌట్స్ చేస్తా,0.0,క్రమం తప్సకుండా వర్కౌట్చ్ చేస్లా,0.0,క్రమం తప్నకుండా వర్కౌట్వ్ చేస్లా,0.0,క్రమం తప్సకుండా వర్కౌట్ప్ చేస్లా,0.0,క్రమం తప్యకుండా వర్కౌట్ప్ చేస్లా
సోషల్ మీడియాలో పో,0.0,సోషల్ మీడియాలో పో,0.0,సోషల్ మీడియాలో పో,0.0,సోషల్ మీడియాలో పో,0.0,సోషల్ మీడియాలో పో
నివేదికల సారాంశం ఏంటీ,0.0,నివేదికల సారాంశం ఏంటీ,0.0,నివేదికల సారాంశం ఏంటీ,0.0,నివేదికల సారాంశం ఏంటీ,0.0,నివేదికల సారాంశం ఏంటీ
కరోనా వైరస్ సంక్రమణ రోజురోజుకూ ఎక్కువవుతోంది,0.0,కరోనా వైరస్ సంక్రమణ రోజురోజుకూ ఎక్కువవుతోంది,0.0,కరోనా వైరస్ సంక్రమణ రోజురోజుకూ ఎక్కువవుతోంది,0.0,కరోనా వైరస్ సంక్రమణ రోజురోజుకూ ఎక్కువవుతోంది,0.0,కరోనా వైరస్ సంక్రమణ రోజురోజుకూ ఎక్కువవుతోంది
ఆ తరువాత ఏం జరుగుతుంది,0.0,ఆ తరువాత ఏం జరుగుతుంది,0.0,ఆ తరువాత ఏం జరుగుతుంది,0.0,ఆ తరువాత ఏం జరుగుతుంది,0.0,ఆ తరువాత ఏం జరుగుతుంది
సూరత్లో భారీ అగ్నిప్రమాదం,0.0,సూరత్ధో భారీ అగ్పిప్రమాదం,0.0,సూరత్ధో భారీ అగ్పిప్రమాదం,0.0,సూరత్గో భారీ అగ్విప్రమాదం,0.0,సూరత్ధో భారీ అగ్విప్రమాదం
సర్కారు సాయం,0.0,సర్కారు సాయం,0.0,సర్కారు సాయం,0.0,సర్కారు సాయం,0.0,సర్కారు సాయం
దీంతో ఎవరా ఈ చిట్టి తండ్రి,0.0,దీంతో ఎవరా ఈ చిట్టి తండ్రి,0.0,దీంతో ఎవరా ఈ చిట్టి తండ్రి,0.0,దీంతో ఎవరా ఈ చిట్టి తండ్రి,0.0,దీంతో ఎవరా ఈ చిట్టి తండ్రి
ఢిల్లీలో మొత్తం కోట్ల మంది ఓటర్లు ఉన్నారు,0.0,ఢిల్గీలో మొత్లం కోట్గ మంది ఓటర్గు ఉన్పారు,0.0,ఢిల్ధీలో మొత్లం కోట్గ మంది ఓటర్తు ఉన్వారు,0.0,ఢిల్గీలో మొత్లం కోట్ధ మంది ఓటర్గు ఉన్పారు,0.0,ఢిల్ధీలో మొత్లం కోట్త మంది ఓటర్ధు ఉన్వారు
అవాక్కైన పోలీసులు,0.0,అవాక్కైన పోలీసులు,0.0,అవాక్కైన పోలీసులు,0.0,అవాక్కైన పోలీసులు,0.0,అవాక్కైన పోలీసులు
దాంతో తలకు బలమైన గాయాలు తగిలాయి,0.0,దాంతో తలకు బలమైన గాయాలు తగిలాయి,0.0,దాంతో తలకు బలమైన గాయాలు తగిలాయి,0.0,దాంతో తలకు బలమైన గాయాలు తగిలాయి,0.0,దాంతో తలకు బలమైన గాయాలు తగిలాయి
కర్నూలు గుంటూరు కృష్ణా జిల్లాల స్థాయిలో చిత్తూరు లో కరోనా కేసులు పెరిగిపోయాయి,0.0,కర్పూలు గుంటూరు కృష్ణా జిల్గాల స్థాయిలో చిత్లూరు లో కరోనా కేసులు పెరిగిపోయాయి,0.0,కర్వూలు గుంటూరు కృష్ణా జిల్తాల స్థాయిలో చిత్లూరు లో కరోనా కేసులు పెరిగిపోయాయి,0.0,కర్పూలు గుంటూరు కృష్ణా జిల్తాల స్థాయిలో చిత్లూరు లో కరోనా కేసులు పెరిగిపోయాయి,0.0,కర్వూలు గుంటూరు కృష్ణా జిల్తాల స్థాయిలో చిత్లూరు లో కరోనా కేసులు పెరిగిపోయాయి
మరి ఈ చెమట నుంచి ఎలా బయట పడాలి,0.0,మరి ఈ చెమట నుంచి ఎలా బయట పడాలి,0.0,మరి ఈ చెమట నుంచి ఎలా బయట పడాలి,0.0,మరి ఈ చెమట నుంచి ఎలా బయట పడాలి,0.0,మరి ఈ చెమట నుంచి ఎలా బయట పడాలి
అయన తీసిన చాలా సినిమాలు అంతర్జాతీయ స్థాయిలో గుర్తింపు పొందాయి,0.0,అయన తీసిన చాలా సినిమాలు అంతర్జాతీయ స్థాయిలో గుర్లింపు పొందాయి,0.0,అయన తీసిన చాలా సినిమాలు అంతర్జాతీయ స్థాయిలో గుర్లింపు పొందాయి,0.0,అయన తీసిన చాలా సినిమాలు అంతర్జాతీయ స్థాయిలో గుర్లింపు పొందాయి,0.0,అయన తీసిన చాలా సినిమాలు అంతర్జాతీయ స్థాయిలో గుర్లింపు పొందాయి
పోలీసులా పశువులా,0.0,పోలీసులా పశువులా,0.0,పోలీసులా పశువులా,0.0,పోలీసులా పశువులా,0.0,పోలీసులా పశువులా
నాకు చాలా కంగారుగా వుంది,0.0,నాకు చాలా కంగారుగా వుంది,0.0,నాకు చాలా కంగారుగా వుంది,0.0,నాకు చాలా కంగారుగా వుంది,0.0,నాకు చాలా కంగారుగా వుంది
ముంబయిలోని జరిగిన ఓ,0.0,ముంబయిలోని జరిగిన ఓ,0.0,ముంబయిలోని జరిగిన ఓ,0.0,ముంబయిలోని జరిగిన ఓ,0.0,ముంబయిలోని జరిగిన ఓ
ఈ సినిమాలో శృతిహాసన్ మరియు అమీ జాక్సన్ హీరోయిన్స్,0.0,ఈ సినిమాలో శృతిహాసన్ మరియు అమీ జాక్నన్ హీరోయిన్ప్,0.0,ఈ సినిమాలో శృతిహాసన్ మరియు అమీ జాక్చన్ హీరోయిన్చ్,0.0,ఈ సినిమాలో శృతిహాసన్ మరియు అమీ జాక్చన్ హీరోయిన్ప్,0.0,ఈ సినిమాలో శృతిహాసన్ మరియు అమీ జాక్చన్ హీరోయిన్వ్
మృతుల సంఖ్య కి చేరుకుంది,0.0,మృతుల సంఖ్య కి చేరుకుంది,0.0,మృతుల సంఖ్య కి చేరుకుంది,0.0,మృతుల సంఖ్య కి చేరుకుంది,0.0,మృతుల సంఖ్య కి చేరుకుంది
ఒకే ప్రోగ్రామ్లో అనేక త్రెడ్లు లేదా ఫంక్షన్లు ఉండవచ్చు వీటిని వేర్వేరుగా లేదా సమాంతరంగా అమలు చేయవచ్చు,0.0,ఒకే ప్రోగ్రామ్గో అనేక త్రెడ్గు లేదా ఫంక్షన్గు ఉండవచ్వు వీటిని వేర్చేరుగా లేదా సమాంతరంగా అమలు చేయవచ్సు,0.0,ఒకే ప్రోగ్రామ్గో అనేక త్రెడ్ధు లేదా ఫంక్షన్తు ఉండవచ్సు వీటిని వేర్చేరుగా లేదా సమాంతరంగా అమలు చేయవచ్వు,0.0,ఒకే ప్రోగ్రామ్గో అనేక త్రెడ్తు లేదా ఫంక్షన్తు ఉండవచ్వు వీటిని వేర్నేరుగా లేదా సమాంతరంగా అమలు చేయవచ్సు,0.0,ఒకే ప్రోగ్రామ్తో అనేక త్రెడ్ధు లేదా ఫంక్షన్తు ఉండవచ్వు వీటిని వేర్యేరుగా లేదా సమాంతరంగా అమలు చేయవచ్వు
ఇన్లైన్ సిలిండర్ ఇంజిన్ సిలిండర్కు రెండు ఇంధకాలను కలిగి ఉంటుంది,0.0,ఇన్ధైన్ సిలిండర్ ఇంజిన్ సిలిండర్కు రెండు ఇంధకాలను కలిగి ఉంటుంది,0.0,ఇన్గైన్ సిలిండర్ ఇంజిన్ సిలిండర్కు రెండు ఇంధకాలను కలిగి ఉంటుంది,0.0,ఇన్గైన్ సిలిండర్ ఇంజిన్ సిలిండర్కు రెండు ఇంధకాలను కలిగి ఉంటుంది,0.0,ఇన్ధైన్ సిలిండర్ ఇంజిన్ సిలిండర్కు రెండు ఇంధకాలను కలిగి ఉంటుంది
ఎవరూ పట్టించుకునేవారు,0.0,ఎవరూ పట్టించుకునేవారు,0.0,ఎవరూ పట్టించుకునేవారు,0.0,ఎవరూ పట్టించుకునేవారు,0.0,ఎవరూ పట్టించుకునేవారు
తప్పుడు సాక్ష్యం,0.0,తప్నుడు సాక్ష్యం,0.0,తప్యుడు సాక్ష్యం,0.0,తప్వుడు సాక్ష్యం,0.0,తప్నుడు సాక్ష్యం
డెట్ సర్వీసింగ్ మరియు రివర్స్ ఖాతా,0.0,డెట్ సర్చీసింగ్ మరియు రివర్న్ ఖాతా,0.0,డెట్ సర్పీసింగ్ మరియు రివర్ప్ ఖాతా,0.0,డెట్ సర్సీసింగ్ మరియు రివర్చ్ ఖాతా,0.0,డెట్ సర్యీసింగ్ మరియు రివర్వ్ ఖాతా
మంత్రివర్గ సమావేశంలో పాల్గొన్న ముఖ్యమంత్రి వైఎస్ జగన్,0.0,మంత్రివర్ఠ సమావేశంలో పాల్ధొన్ప ముఖ్యమంత్రి వైఎస్ జగన్,0.0,మంత్రివర్ల సమావేశంలో పాల్లొన్వ ముఖ్యమంత్రి వైఎస్ జగన్,0.0,మంత్రివర్ధ సమావేశంలో పాల్లొన్ప ముఖ్యమంత్రి వైఎస్ జగన్,0.0,మంత్రివర్ల సమావేశంలో పాల్ధొన్ప ముఖ్యమంత్రి వైఎస్ జగన్
అయితే వాటి వల్ల పేరెంట్స్ సంతృప్తిగా లేరు,0.0,అయితే వాటి వల్త పేరెంట్న్ సంతృప్లిగా లేరు,0.0,అయితే వాటి వల్త పేరెంట్ప్ సంతృప్లిగా లేరు,0.0,అయితే వాటి వల్గ పేరెంట్న్ సంతృప్లిగా లేరు,0.0,అయితే వాటి వల్త పేరెంట్ప్ సంతృప్లిగా లేరు
ఇక రెండో ఇన్నింగ్స్లో ఆ జట్టు పరుగులకే ఆలౌటవ్వడంతో భారత్ పరుగుల లక్ష్యాన్ని ఛేదించి,0.0,ఇక రెండో ఇన్పింగ్వ్గో ఆ జట్టు పరుగులకే ఆలౌటవ్యడంతో భారత్ పరుగుల లక్ష్యాన్పి ఛేదించి,0.0,ఇక రెండో ఇన్పింగ్న్ధో ఆ జట్టు పరుగులకే ఆలౌటవ్పడంతో భారత్ పరుగుల లక్ష్యాన్వి ఛేదించి,0.0,ఇక రెండో ఇన్పింగ్న్గో ఆ జట్టు పరుగులకే ఆలౌటవ్పడంతో భారత్ పరుగుల లక్ష్యాన్పి ఛేదించి,0.0,ఇక రెండో ఇన్పింగ్ప్గో ఆ జట్టు పరుగులకే ఆలౌటవ్పడంతో భారత్ పరుగుల లక్ష్యాన్పి ఛేదించి
ఈ సినిమాలో తమన్నా హీరోయిన్ గా యాక్ట్ చేస్తుంది,0.0,ఈ సినిమాలో తమన్వా హీరోయిన్ గా యాక్ట్ చేస్లుంది,0.0,ఈ సినిమాలో తమన్వా హీరోయిన్ గా యాక్ట్ చేస్లుంది,0.0,ఈ సినిమాలో తమన్వా హీరోయిన్ గా యాక్ట్ చేస్లుంది,0.0,ఈ సినిమాలో తమన్వా హీరోయిన్ గా యాక్ట్ చేస్లుంది
జాతీయ పతాకంతోపాటు జమ్ము కశ్మీర్కు ప్రత్యేక ప్రాంతీయ పతాకం ఉంది,0.0,జాతీయ పతాకంతోపాటు జమ్శు కశ్శీర్కు ప్రత్యేక ప్రాంతీయ పతాకం ఉంది,0.0,జాతీయ పతాకంతోపాటు జమ్శు కశ్శీర్కు ప్రత్యేక ప్రాంతీయ పతాకం ఉంది,0.0,జాతీయ పతాకంతోపాటు జమ్శు కశ్శీర్కు ప్రత్యేక ప్రాంతీయ పతాకం ఉంది,0.0,జాతీయ పతాకంతోపాటు జమ్శు కశ్శీర్కు ప్రత్యేక ప్రాంతీయ పతాకం ఉంది
కాకన్ మఠ్ ఆలయం,0.0,కాకన్ మఠ్ ఆలయం,0.0,కాకన్ మఠ్ ఆలయం,0.0,కాకన్ మఠ్ ఆలయం,0.0,కాకన్ మఠ్ ఆలయం
దానిని ఎవరిచ్చారో తేలాల్సి ఉంది,0.0,దానిని ఎవరిచ్వారో తేలాల్చి ఉంది,0.0,దానిని ఎవరిచ్వారో తేలాల్చి ఉంది,0.0,దానిని ఎవరిచ్సారో తేలాల్చి ఉంది,0.0,దానిని ఎవరిచ్సారో తేలాల్వి ఉంది
వలయాలు మరియు కోణీయ పంక్తులు,0.0,వలయాలు మరియు కోణీయ పంక్లులు,0.0,వలయాలు మరియు కోణీయ పంక్లులు,0.0,వలయాలు మరియు కోణీయ పంక్లులు,0.0,వలయాలు మరియు కోణీయ పంక్లులు
ఏ కాస్త సమయం దొరికినా మ్యూజిక్ వింటుంటాను,0.0,ఏ కాస్ల సమయం దొరికినా మ్యూజిక్ వింటుంటాను,0.0,ఏ కాస్ల సమయం దొరికినా మ్యూజిక్ వింటుంటాను,0.0,ఏ కాస్ల సమయం దొరికినా మ్యూజిక్ వింటుంటాను,0.0,ఏ కాస్ల సమయం దొరికినా మ్యూజిక్ వింటుంటాను
కానీ ఇది ఇంకా రుజువు చేయగలిగారు లేదు,0.0,కానీ ఇది ఇంకా రుజువు చేయగలిగారు లేదు,0.0,కానీ ఇది ఇంకా రుజువు చేయగలిగారు లేదు,0.0,కానీ ఇది ఇంకా రుజువు చేయగలిగారు లేదు,0.0,కానీ ఇది ఇంకా రుజువు చేయగలిగారు లేదు
ఎ స్వతంత్ర చిత్ర నిర్మాతలు భారతీయ పౌరులు,0.0,ఎ స్సతంత్ర చిత్ర నిర్శాతలు భారతీయ పౌరులు,0.0,ఎ స్సతంత్ర చిత్ర నిర్శాతలు భారతీయ పౌరులు,0.0,ఎ స్నతంత్ర చిత్ర నిర్శాతలు భారతీయ పౌరులు,0.0,ఎ స్సతంత్ర చిత్ర నిర్శాతలు భారతీయ పౌరులు
తీవ్రమైన పరిస్థితులు శస్త్రచికిత్స సంరక్షణ అవసరం విషయంలో,0.0,తీవ్రమైన పరిస్థితులు శస్ల్రచికిత్చ సంరక్షణ అవసరం విషయంలో,0.0,తీవ్రమైన పరిస్థితులు శస్ల్రచికిత్ప సంరక్షణ అవసరం విషయంలో,0.0,తీవ్రమైన పరిస్థితులు శస్ల్రచికిత్వ సంరక్షణ అవసరం విషయంలో,0.0,తీవ్రమైన పరిస్థితులు శస్ల్రచికిత్ప సంరక్షణ అవసరం విషయంలో
కానీ ఈ కేసు మాత్రం చాలా విచిత్రంగా ఉంది,0.0,కానీ ఈ కేసు మాత్రం చాలా విచిత్రంగా ఉంది,0.0,కానీ ఈ కేసు మాత్రం చాలా విచిత్రంగా ఉంది,0.0,కానీ ఈ కేసు మాత్రం చాలా విచిత్రంగా ఉంది,0.0,కానీ ఈ కేసు మాత్రం చాలా విచిత్రంగా ఉంది
ప్రధాని మోదీ పార్లమెంటు నియోజకవర్గమైన వారణాసి నుంచే దీనికి శ్రీకారం చుడుతున్నారు,0.0,ప్రధాని మోదీ పార్తమెంటు నియోజకవర్ఠమైన వారణాసి నుంచే దీనికి శ్రీకారం చుడుతున్వారు,0.0,ప్రధాని మోదీ పార్ధమెంటు నియోజకవర్ధమైన వారణాసి నుంచే దీనికి శ్రీకారం చుడుతున్వారు,0.0,ప్రధాని మోదీ పార్గమెంటు నియోజకవర్లమైన వారణాసి నుంచే దీనికి శ్రీకారం చుడుతున్వారు,0.0,ప్రధాని మోదీ పార్ధమెంటు నియోజకవర్ధమైన వారణాసి నుంచే దీనికి శ్రీకారం చుడుతున్పారు
ఈ ప్రమాదంలో ఒకరు చనిపోయారు,0.0,ఈ ప్రమాదంలో ఒకరు చనిపోయారు,0.0,ఈ ప్రమాదంలో ఒకరు చనిపోయారు,0.0,ఈ ప్రమాదంలో ఒకరు చనిపోయారు,0.0,ఈ ప్రమాదంలో ఒకరు చనిపోయారు
చెప్పినా వినడంలేదు,0.0,చెప్యినా వినడంలేదు,0.0,చెప్యినా వినడంలేదు,0.0,చెప్వినా వినడంలేదు,0.0,చెప్యినా వినడంలేదు
గ్లోబల్ ఐకాన్ ప్రియాంక చోప్రా,0.0,గ్లోబల్ ఐకాన్ ప్రియాంక చోప్రా,0.0,గ్లోబల్ ఐకాన్ ప్రియాంక చోప్రా,0.0,గ్లోబల్ ఐకాన్ ప్రియాంక చోప్రా,0.0,గ్లోబల్ ఐకాన్ ప్రియాంక చోప్రా
దీంతో తొలిసారిగా మణిపూర్లో భాజపా ప్రభుత్వం ఏర్పాటు చేయనుంది,0.0,దీంతో తొలిసారిగా మణిపూర్ధో భాజపా ప్రభుత్పం ఏర్నాటు చేయనుంది,0.0,దీంతో తొలిసారిగా మణిపూర్గో భాజపా ప్రభుత్చం ఏర్వాటు చేయనుంది,0.0,దీంతో తొలిసారిగా మణిపూర్గో భాజపా ప్రభుత్యం ఏర్వాటు చేయనుంది,0.0,దీంతో తొలిసారిగా మణిపూర్ధో భాజపా ప్రభుత్పం ఏర్యాటు చేయనుంది
తెలుగుతో పాటు ఆంగ్లం ఫ్రెంచ్ హిందీ తమిళం కన్నడ భాషల మీద పట్టు సాధించారు,0.0,తెలుగుతో పాటు ఆంగ్గం ఫ్రెంచ్ హిందీ తమిళం కన్పడ భాషల మీద పట్టు సాధించారు,0.0,తెలుగుతో పాటు ఆంగ్గం ఫ్రెంచ్ హిందీ తమిళం కన్వడ భాషల మీద పట్టు సాధించారు,0.0,తెలుగుతో పాటు ఆంగ్తం ఫ్రెంచ్ హిందీ తమిళం కన్వడ భాషల మీద పట్టు సాధించారు,0.0,తెలుగుతో పాటు ఆంగ్ధం ఫ్రెంచ్ హిందీ తమిళం కన్పడ భాషల మీద పట్టు సాధించారు
మస్టాంగ్ లోని కన్వర్టిబుల్ వేరియంట్ వార్షిక ఇంధన సవాలుని ఎదుర్కోనుంది,0.0,మస్టాంగ్ లోని కన్సర్టిబుల్ వేరియంట్ వార్షిక ఇంధన సవాలుని ఎదుర్కోనుంది,0.0,మస్టాంగ్ లోని కన్చర్టిబుల్ వేరియంట్ వార్షిక ఇంధన సవాలుని ఎదుర్కోనుంది,0.0,మస్టాంగ్ లోని కన్పర్టిబుల్ వేరియంట్ వార్షిక ఇంధన సవాలుని ఎదుర్కోనుంది,0.0,మస్టాంగ్ లోని కన్నర్టిబుల్ వేరియంట్ వార్షిక ఇంధన సవాలుని ఎదుర్కోనుంది
సంగీతం రక్తి కట్టిస్తుంది,0.0,సంగీతం రక్లి కట్టిస్లుంది,0.0,సంగీతం రక్లి కట్టిస్లుంది,0.0,సంగీతం రక్లి కట్టిస్లుంది,0.0,సంగీతం రక్లి కట్టిస్లుంది
మద్యం లేదా మత్తు పదార్థాలు సేవించి వాహనం నడపరాదు,0.0,మద్యం లేదా మత్లు పదార్థాలు సేవించి వాహనం నడపరాదు,0.0,మద్యం లేదా మత్లు పదార్థాలు సేవించి వాహనం నడపరాదు,0.0,మద్యం లేదా మత్లు పదార్థాలు సేవించి వాహనం నడపరాదు,0.0,మద్యం లేదా మత్లు పదార్థాలు సేవించి వాహనం నడపరాదు
వారు జాగ్రత్త మరియు గౌరవం తో చికిత్స చెయ్యాలి,0.0,వారు జాగ్రత్ల మరియు గౌరవం తో చికిత్ప చెయ్యాలి,0.0,వారు జాగ్రత్ల మరియు గౌరవం తో చికిత్ప చెయ్యాలి,0.0,వారు జాగ్రత్ల మరియు గౌరవం తో చికిత్చ చెయ్యాలి,0.0,వారు జాగ్రత్ల మరియు గౌరవం తో చికిత్న చెయ్యాలి
పోలీసులు తొలుత మైనర్ బాలుడిని పట్టుకున్నారు,0.0,పోలీసులు తొలుత మైనర్ బాలుడిని పట్టుకున్వారు,0.0,పోలీసులు తొలుత మైనర్ బాలుడిని పట్టుకున్వారు,0.0,పోలీసులు తొలుత మైనర్ బాలుడిని పట్టుకున్వారు,0.0,పోలీసులు తొలుత మైనర్ బాలుడిని పట్టుకున్వారు
టీడీపీవైసీపీజనసేనకాంగ్రెస్బీజేపీలు ప్రధాన పార్టీలుగా ఉన్నాయి,0.0,టీడీపీవైసీపీజనసేనకాంగ్రెస్బీజేపీలు ప్రధాన పార్టీలుగా ఉన్వాయి,0.0,టీడీపీవైసీపీజనసేనకాంగ్రెస్బీజేపీలు ప్రధాన పార్టీలుగా ఉన్పాయి,0.0,టీడీపీవైసీపీజనసేనకాంగ్రెస్బీజేపీలు ప్రధాన పార్టీలుగా ఉన్పాయి,0.0,టీడీపీవైసీపీజనసేనకాంగ్రెస్బీజేపీలు ప్రధాన పార్టీలుగా ఉన్వాయి
ఇక్కడ కల అందమైన టెంపుల్స్ మరియు బౌద్ధ ఆరామాలు చూసేందుకు పర్యాటకులు వస్తారు,0.0,ఇక్కడ కల అందమైన టెంపుల్న్ మరియు బౌద్డ ఆరామాలు చూసేందుకు పర్యాటకులు వస్లారు,0.0,ఇక్కడ కల అందమైన టెంపుల్వ్ మరియు బౌద్డ ఆరామాలు చూసేందుకు పర్యాటకులు వస్లారు,0.0,ఇక్కడ కల అందమైన టెంపుల్న్ మరియు బౌద్ద ఆరామాలు చూసేందుకు పర్యాటకులు వస్లారు,0.0,ఇక్కడ కల అందమైన టెంపుల్చ్ మరియు బౌద్ల ఆరామాలు చూసేందుకు పర్యాటకులు వస్లారు
రోజూ స్కందతో ఫోన్లో మాట్లాడుతూనే వుంది,0.0,రోజూ స్కందతో ఫోన్ధో మాట్ధాడుతూనే వుంది,0.0,రోజూ స్కందతో ఫోన్గో మాట్గాడుతూనే వుంది,0.0,రోజూ స్కందతో ఫోన్తో మాట్ధాడుతూనే వుంది,0.0,రోజూ స్కందతో ఫోన్ధో మాట్గాడుతూనే వుంది
అక్రమ మైనింగ్ వ్యవహారంపై సీబీఐతో విచారణ జరిపించాలని బొత్స డిమాండ్ చేశారు,0.0,అక్రమ మైనింగ్ వ్యవహారంపై సీబీఐతో విచారణ జరిపించాలని బొత్వ డిమాండ్ చేశారు,0.0,అక్రమ మైనింగ్ వ్యవహారంపై సీబీఐతో విచారణ జరిపించాలని బొత్వ డిమాండ్ చేశారు,0.0,అక్రమ మైనింగ్ వ్యవహారంపై సీబీఐతో విచారణ జరిపించాలని బొత్న డిమాండ్ చేశారు,0.0,అక్రమ మైనింగ్ వ్యవహారంపై సీబీఐతో విచారణ జరిపించాలని బొత్ప డిమాండ్ చేశారు
ఈ షోలో భారతి సింగ్ ఆమె భర్త హార్ష్ కలసి పాల్గొనబోతున్నారు,0.0,ఈ షోలో భారతి సింగ్ ఆమె భర్ల హార్ష్ కలసి పాల్లొనబోతున్వారు,0.0,ఈ షోలో భారతి సింగ్ ఆమె భర్ల హార్ష్ కలసి పాల్ఠొనబోతున్వారు,0.0,ఈ షోలో భారతి సింగ్ ఆమె భర్ల హార్ష్ కలసి పాల్ఠొనబోతున్వారు,0.0,ఈ షోలో భారతి సింగ్ ఆమె భర్ల హార్ష్ కలసి పాల్ధొనబోతున్వారు
ప్రమాద ఘటన సీసీటీవీలో రికార్డైంది,0.0,ప్రమాద ఘటన సీసీటీవీలో రికార్దైంది,0.0,ప్రమాద ఘటన సీసీటీవీలో రికార్ధైంది,0.0,ప్రమాద ఘటన సీసీటీవీలో రికార్ధైంది,0.0,ప్రమాద ఘటన సీసీటీవీలో రికార్ధైంది
ఏమిటా కవిత్వం,0.0,ఏమిటా కవిత్పం,0.0,ఏమిటా కవిత్నం,0.0,ఏమిటా కవిత్యం,0.0,ఏమిటా కవిత్నం
కేంద్రం పై కాంగ్రెస్ నిరసన ర్యాలీ,0.0,కేంద్రం పై కాంగ్రెస్ నిరసన ర్యాలీ,0.0,కేంద్రం పై కాంగ్రెస్ నిరసన ర్యాలీ,0.0,కేంద్రం పై కాంగ్రెస్ నిరసన ర్యాలీ,0.0,కేంద్రం పై కాంగ్రెస్ నిరసన ర్యాలీ
ఇక్కడ రెండు మార్గాలు ముందుకు వస్తాయి,0.0,ఇక్కడ రెండు మార్ఠాలు ముందుకు వస్లాయి,0.0,ఇక్కడ రెండు మార్లాలు ముందుకు వస్లాయి,0.0,ఇక్కడ రెండు మార్ధాలు ముందుకు వస్లాయి,0.0,ఇక్కడ రెండు మార్ఠాలు ముందుకు వస్లాయి
వరకు ఉంది,0.0,వరకు ఉంది,0.0,వరకు ఉంది,0.0,వరకు ఉంది,0.0,వరకు ఉంది
ఇలా చేయడంవల్ల చర్మం నిగారింపుతోపాటు మృదువుగానూ మారుతుంది,0.0,ఇలా చేయడంవల్గ చర్శం నిగారింపుతోపాటు మృదువుగానూ మారుతుంది,0.0,ఇలా చేయడంవల్గ చర్శం నిగారింపుతోపాటు మృదువుగానూ మారుతుంది,0.0,ఇలా చేయడంవల్ధ చర్శం నిగారింపుతోపాటు మృదువుగానూ మారుతుంది,0.0,ఇలా చేయడంవల్ధ చర్శం నిగారింపుతోపాటు మృదువుగానూ మారుతుంది
లో ప్రతి మంది ప్రజలకు రేడియోలు టెలివిజన్ సెట్లు ఉన్నట్లు అంచనా వేయబడ్డాయి,0.0,లో ప్రతి మంది ప్రజలకు రేడియోలు టెలివిజన్ సెట్ధు ఉన్వట్ధు అంచనా వేయబడ్దాయి,0.0,లో ప్రతి మంది ప్రజలకు రేడియోలు టెలివిజన్ సెట్ధు ఉన్వట్ధు అంచనా వేయబడ్ధాయి,0.0,లో ప్రతి మంది ప్రజలకు రేడియోలు టెలివిజన్ సెట్తు ఉన్వట్గు అంచనా వేయబడ్ధాయి,0.0,లో ప్రతి మంది ప్రజలకు రేడియోలు టెలివిజన్ సెట్తు ఉన్పట్ధు అంచనా వేయబడ్దాయి
ఏదైనా నేను మన్నించు ఎప్పటికీ ఆ చిన్న వ్యక్తి నిర్మాణము ఉంటే,0.0,ఏదైనా నేను మన్పించు ఎప్యటికీ ఆ చిన్ప వ్యక్లి నిర్శాణము ఉంటే,0.0,ఏదైనా నేను మన్వించు ఎప్సటికీ ఆ చిన్ప వ్యక్లి నిర్శాణము ఉంటే,0.0,ఏదైనా నేను మన్పించు ఎప్సటికీ ఆ చిన్ప వ్యక్లి నిర్శాణము ఉంటే,0.0,ఏదైనా నేను మన్పించు ఎప్సటికీ ఆ చిన్వ వ్యక్లి నిర్శాణము ఉంటే
రహస్యంగానే ఉంచండి,0.0,రహస్యంగానే ఉంచండి,0.0,రహస్యంగానే ఉంచండి,0.0,రహస్యంగానే ఉంచండి,0.0,రహస్యంగానే ఉంచండి
పెడ్డా యెల్లయ్య,0.0,పెడ్ధా యెల్తయ్య,0.0,పెడ్దా యెల్తయ్య,0.0,పెడ్దా యెల్ధయ్య,0.0,పెడ్ధా యెల్తయ్య
ఎంతో ఇష్టపడి చేసిన ఈ సినిమా తప్పకుండా మీకు నచ్చుతుంది,0.0,ఎంతో ఇష్టపడి చేసిన ఈ సినిమా తప్నకుండా మీకు నచ్సుతుంది,0.0,ఎంతో ఇష్టపడి చేసిన ఈ సినిమా తప్యకుండా మీకు నచ్సుతుంది,0.0,ఎంతో ఇష్టపడి చేసిన ఈ సినిమా తప్సకుండా మీకు నచ్వుతుంది,0.0,ఎంతో ఇష్టపడి చేసిన ఈ సినిమా తప్సకుండా మీకు నచ్సుతుంది
మంచిగా విశ్రాంతిగా ఉండాలి,0.0,మంచిగా విశ్రాంతిగా ఉండాలి,0.0,మంచిగా విశ్రాంతిగా ఉండాలి,0.0,మంచిగా విశ్రాంతిగా ఉండాలి,0.0,మంచిగా విశ్రాంతిగా ఉండాలి
ట్యాన్ తొలగించడానికి,0.0,ట్యాన్ తొలగించడానికి,0.0,ట్యాన్ తొలగించడానికి,0.0,ట్యాన్ తొలగించడానికి,0.0,ట్యాన్ తొలగించడానికి
బంగారు పతకాలతో పాటు నగదు పురస్కారం ప్రశంసా పత్రం కూడా ఇస్తారు,0.0,బంగారు పతకాలతో పాటు నగదు పురస్కారం ప్రశంసా పత్రం కూడా ఇస్లారు,0.0,బంగారు పతకాలతో పాటు నగదు పురస్కారం ప్రశంసా పత్రం కూడా ఇస్లారు,0.0,బంగారు పతకాలతో పాటు నగదు పురస్కారం ప్రశంసా పత్రం కూడా ఇస్లారు,0.0,బంగారు పతకాలతో పాటు నగదు పురస్కారం ప్రశంసా పత్రం కూడా ఇస్లారు
అందులో ఒకటి మరణానంతరం బహుకరించబడింది,0.0,అందులో ఒకటి మరణానంతరం బహుకరించబడింది,0.0,అందులో ఒకటి మరణానంతరం బహుకరించబడింది,0.0,అందులో ఒకటి మరణానంతరం బహుకరించబడింది,0.0,అందులో ఒకటి మరణానంతరం బహుకరించబడింది
శ్రీకృష్ణుడు కొలువైన పరమ పవిత్రమైన క్షేత్రాల్లో గురువాయూర్ ఒకటి,0.0,శ్రీకృష్ణుడు కొలువైన పరమ పవిత్రమైన క్షేత్రాల్తో గురువాయూర్ ఒకటి,0.0,శ్రీకృష్ణుడు కొలువైన పరమ పవిత్రమైన క్షేత్రాల్ధో గురువాయూర్ ఒకటి,0.0,శ్రీకృష్ణుడు కొలువైన పరమ పవిత్రమైన క్షేత్రాల్ధో గురువాయూర్ ఒకటి,0.0,శ్రీకృష్ణుడు కొలువైన పరమ పవిత్రమైన క్షేత్రాల్ధో గురువాయూర్ ఒకటి
నెమలి అతని వాహనము,0.0,నెమలి అతని వాహనము,0.0,నెమలి అతని వాహనము,0.0,నెమలి అతని వాహనము,0.0,నెమలి అతని వాహనము
కామెడీ హార్రర్గా ఈ సినిమా ఉంటుందిఅని చెప్పారు,0.0,కామెడీ హార్రర్ధా ఈ సినిమా ఉంటుందిఅని చెప్వారు,0.0,కామెడీ హార్రర్లా ఈ సినిమా ఉంటుందిఅని చెప్నారు,0.0,కామెడీ హార్రర్ఠా ఈ సినిమా ఉంటుందిఅని చెప్యారు,0.0,కామెడీ హార్రర్ధా ఈ సినిమా ఉంటుందిఅని చెప్నారు
ఏ సమస్యా రాదు అని కుమార స్వామి అన్నారు,0.0,ఏ సమస్యా రాదు అని కుమార స్యామి అన్పారు,0.0,ఏ సమస్యా రాదు అని కుమార స్నామి అన్వారు,0.0,ఏ సమస్యా రాదు అని కుమార స్యామి అన్వారు,0.0,ఏ సమస్యా రాదు అని కుమార స్పామి అన్వారు
తెలుగు తమిళ మలయాళ కన్నడ భాషల్లో సినిమాను విడుదల చేశారు,0.0,తెలుగు తమిళ మలయాళ కన్పడ భాషల్గో సినిమాను విడుదల చేశారు,0.0,తెలుగు తమిళ మలయాళ కన్వడ భాషల్ధో సినిమాను విడుదల చేశారు,0.0,తెలుగు తమిళ మలయాళ కన్పడ భాషల్గో సినిమాను విడుదల చేశారు,0.0,తెలుగు తమిళ మలయాళ కన్పడ భాషల్తో సినిమాను విడుదల చేశారు
ఆ రోల్ లో అతన్ని తప్ప వేరేవాళ్లను ఊహించుకోలేం,0.0,ఆ రోల్ లో అతన్వి తప్స వేరేవాళ్ధను ఊహించుకోలేం,0.0,ఆ రోల్ లో అతన్పి తప్స వేరేవాళ్తను ఊహించుకోలేం,0.0,ఆ రోల్ లో అతన్పి తప్వ వేరేవాళ్తను ఊహించుకోలేం,0.0,ఆ రోల్ లో అతన్వి తప్స వేరేవాళ్గను ఊహించుకోలేం
ఎన్నికల్లో ఇచ్చిన వాగ్దానాలను అమలు చేశామని గర్జించిన ప్రభుత్వం ఇచ్చిన హామీలను దుంగలో తొక్కిందన్నారు,0.0,ఎన్వికల్తో ఇచ్విన వాగ్ ానాలను అమలు చేశామని గర్జించిన ప్రభుత్చం ఇచ్సిన హామీలను దుంగలో తొక్కిందన్వారు,0.0,ఎన్పికల్తో ఇచ్సిన వాగ్ ానాలను అమలు చేశామని గర్జించిన ప్రభుత్యం ఇచ్సిన హామీలను దుంగలో తొక్కిందన్వారు,0.0,ఎన్పికల్తో ఇచ్విన వాగ్ధానాలను అమలు చేశామని గర్జించిన ప్రభుత్చం ఇచ్విన హామీలను దుంగలో తొక్కిందన్పారు,0.0,ఎన్వికల్తో ఇచ్సిన వాగ్డానాలను అమలు చేశామని గర్జించిన ప్రభుత్పం ఇచ్సిన హామీలను దుంగలో తొక్కిందన్పారు
ఈ ఇండొనేషియా జోడీ చేతిలో భారత జంట ఓడిపోవడం ఇది వరుసగా ఎనిమిదోసారి,0.0,ఈ ఇండొనేషియా జోడీ చేతిలో భారత జంట ఓడిపోవడం ఇది వరుసగా ఎనిమిదోసారి,0.0,ఈ ఇండొనేషియా జోడీ చేతిలో భారత జంట ఓడిపోవడం ఇది వరుసగా ఎనిమిదోసారి,0.0,ఈ ఇండొనేషియా జోడీ చేతిలో భారత జంట ఓడిపోవడం ఇది వరుసగా ఎనిమిదోసారి,0.0,ఈ ఇండొనేషియా జోడీ చేతిలో భారత జంట ఓడిపోవడం ఇది వరుసగా ఎనిమిదోసారి
ఒకరినొకరు తిట్టుకుంటూ నోటికొచ్చినట్లు తిట్టుకున్నారు,0.0,ఒకరినొకరు తిట్టుకుంటూ నోటికొచ్వినట్తు తిట్టుకున్వారు,0.0,ఒకరినొకరు తిట్టుకుంటూ నోటికొచ్వినట్ధు తిట్టుకున్వారు,0.0,ఒకరినొకరు తిట్టుకుంటూ నోటికొచ్వినట్గు తిట్టుకున్వారు,0.0,ఒకరినొకరు తిట్టుకుంటూ నోటికొచ్వినట్గు తిట్టుకున్పారు
ఆతిథ్య భారత్తో ఆడేందుకు వెస్టిండీస్ జట్టు ఖరారు,0.0,ఆతిథ్య భారత్లో ఆడేందుకు వెస్టిండీస్ జట్టు ఖరారు,0.0,ఆతిథ్య భారత్లో ఆడేందుకు వెస్టిండీస్ జట్టు ఖరారు,0.0,ఆతిథ్య భారత్లో ఆడేందుకు వెస్టిండీస్ జట్టు ఖరారు,0.0,ఆతిథ్య భారత్లో ఆడేందుకు వెస్టిండీస్ జట్టు ఖరారు
ఆకర్షణీయమైన డిజైన్,0.0,ఆకర్షణీయమైన డిజైన్,0.0,ఆకర్షణీయమైన డిజైన్,0.0,ఆకర్షణీయమైన డిజైన్,0.0,ఆకర్షణీయమైన డిజైన్
ఈ సందర్భంగా ఆ దేశ అధ్యక్షుడు అష్రఫ్ ఘనీతో భేటీ అయ్యారు,0.0,ఈ సందర్భంగా ఆ దేశ అధ్యక్షుడు అష్రఫ్ ఘనీతో భేటీ అయ్యారు,0.0,ఈ సందర్భంగా ఆ దేశ అధ్యక్షుడు అష్రఫ్ ఘనీతో భేటీ అయ్యారు,0.0,ఈ సందర్భంగా ఆ దేశ అధ్యక్షుడు అష్రఫ్ ఘనీతో భేటీ అయ్యారు,0.0,ఈ సందర్భంగా ఆ దేశ అధ్యక్షుడు అష్రఫ్ ఘనీతో భేటీ అయ్యారు
సీఐడీ కేసు నమోదు చేసిన వ్యవహారంపై సీబీఐతో విచారణ జరపాలన్నారు,0.0,సీఐడీ కేసు నమోదు చేసిన వ్యవహారంపై సీబీఐతో విచారణ జరపాలన్వారు,0.0,సీఐడీ కేసు నమోదు చేసిన వ్యవహారంపై సీబీఐతో విచారణ జరపాలన్వారు,0.0,సీఐడీ కేసు నమోదు చేసిన వ్యవహారంపై సీబీఐతో విచారణ జరపాలన్వారు,0.0,సీఐడీ కేసు నమోదు చేసిన వ్యవహారంపై సీబీఐతో విచారణ జరపాలన్పారు
ఈ మేరకు కిరణ్ తన ట్విట్టర్లో ఈ విషయాన్ని వెల్లడించారు,0.0,ఈ మేరకు కిరణ్ తన ట్పిట్టర్గో ఈ విషయాన్పి వెల్తడించారు,0.0,ఈ మేరకు కిరణ్ తన ట్యిట్టర్గో ఈ విషయాన్పి వెల్తడించారు,0.0,ఈ మేరకు కిరణ్ తన ట్పిట్టర్గో ఈ విషయాన్వి వెల్గడించారు,0.0,ఈ మేరకు కిరణ్ తన ట్యిట్టర్గో ఈ విషయాన్పి వెల్గడించారు
యాజమాన్య టెక్నాలజీస్,0.0,యాజమాన్య టెక్వాలజీస్,0.0,యాజమాన్య టెక్పాలజీస్,0.0,యాజమాన్య టెక్పాలజీస్,0.0,యాజమాన్య టెక్పాలజీస్
అంటే శాతం ఓట్లు సాధించారు,0.0,అంటే శాతం ఓట్గు సాధించారు,0.0,అంటే శాతం ఓట్గు సాధించారు,0.0,అంటే శాతం ఓట్గు సాధించారు,0.0,అంటే శాతం ఓట్గు సాధించారు
చివరి వైస్రాయ్ లార్డ్ మౌంట్ బాటన్ భారత గవర్నర్ జనరల్గా కొనసాగాలని భారత నాయకులు కోరారు,0.0,చివరి వైస్రాయ్ లార్ధ్ మౌంట్ బాటన్ భారత గవర్వర్ జనరల్ఠా కొనసాగాలని భారత నాయకులు కోరారు,0.0,చివరి వైస్రాయ్ లార్ధ్ మౌంట్ బాటన్ భారత గవర్పర్ జనరల్ఠా కొనసాగాలని భారత నాయకులు కోరారు,0.0,చివరి వైస్రాయ్ లార్ద్ మౌంట్ బాటన్ భారత గవర్వర్ జనరల్లా కొనసాగాలని భారత నాయకులు కోరారు,0.0,చివరి వైస్రాయ్ లార్ద్ మౌంట్ బాటన్ భారత గవర్పర్ జనరల్ఠా కొనసాగాలని భారత నాయకులు కోరారు
పోలీసులు అతడిని విచారించి రిమాండ్కు తరలించారు,0.0,పోలీసులు అతడిని విచారించి రిమాండ్కు తరలించారు,0.0,పోలీసులు అతడిని విచారించి రిమాండ్కు తరలించారు,0.0,పోలీసులు అతడిని విచారించి రిమాండ్కు తరలించారు,0.0,పోలీసులు అతడిని విచారించి రిమాండ్కు తరలించారు
మీరు క్రింద చూడండి ఉదాహరణలు,0.0,మీరు క్రింద చూడండి ఉదాహరణలు,0.0,మీరు క్రింద చూడండి ఉదాహరణలు,0.0,మీరు క్రింద చూడండి ఉదాహరణలు,0.0,మీరు క్రింద చూడండి ఉదాహరణలు
ఉడికించిన బియ్యాన్ని తెలంగాణ నుండి కేరళ తమిళనాడు మరియు పశ్చిమ బెంగాల్లకు తరలించారు,0.0,ఉడికించిన బియ్యాన్పి తెలంగాణ నుండి కేరళ తమిళనాడు మరియు పశ్సిమ బెంగాల్తకు తరలించారు,0.0,ఉడికించిన బియ్యాన్పి తెలంగాణ నుండి కేరళ తమిళనాడు మరియు పశ్విమ బెంగాల్గకు తరలించారు,0.0,ఉడికించిన బియ్యాన్పి తెలంగాణ నుండి కేరళ తమిళనాడు మరియు పశ్సిమ బెంగాల్తకు తరలించారు,0.0,ఉడికించిన బియ్యాన్పి తెలంగాణ నుండి కేరళ తమిళనాడు మరియు పశ్విమ బెంగాల్ధకు తరలించారు
వాస్తవం సినిమా రాజమౌళి దర్శకత్వంలో ఎన్టీఆర్ రామ్ చరణ్ ఇద్దరు కలిసి నటిస్తున్న సినిమా షూటింగ్ చాలా శరవేగంగా సాగుతోంది,0.0,వాస్లవం సినిమా రాజమౌళి దర్మకత్సంలో ఎన్టీఆర్ రామ్ చరణ్ ఇద్ రు కలిసి నటిస్లున్ప సినిమా షూటింగ్ చాలా శరవేగంగా సాగుతోంది,0.0,వాస్లవం సినిమా రాజమౌళి దర్మకత్నంలో ఎన్టీఆర్ రామ్ చరణ్ ఇద్డరు కలిసి నటిస్లున్ప సినిమా షూటింగ్ చాలా శరవేగంగా సాగుతోంది,0.0,వాస్లవం సినిమా రాజమౌళి దర్మకత్పంలో ఎన్టీఆర్ రామ్ చరణ్ ఇద్ధరు కలిసి నటిస్లున్వ సినిమా షూటింగ్ చాలా శరవేగంగా సాగుతోంది,0.0,వాస్లవం సినిమా రాజమౌళి దర్మకత్చంలో ఎన్టీఆర్ రామ్ చరణ్ ఇద్డరు కలిసి నటిస్లున్వ సినిమా షూటింగ్ చాలా శరవేగంగా సాగుతోంది
అని శ్రీకాంత్ ప్రశ్నించారు,0.0,అని శ్రీకాంత్ ప్రశ్వించారు,0.0,అని శ్రీకాంత్ ప్రశ్వించారు,0.0,అని శ్రీకాంత్ ప్రశ్పించారు,0.0,అని శ్రీకాంత్ ప్రశ్పించారు
రిస్ట్ రష్యాలో చూస్తుంది,0.0,రిస్ట్ రష్యాలో చూస్లుంది,0.0,రిస్ట్ రష్యాలో చూస్లుంది,0.0,రిస్ట్ రష్యాలో చూస్లుంది,0.0,రిస్ట్ రష్యాలో చూస్లుంది
కానీ మార్కెట్లో వాస్తవాలు వేరు ఎలాగంటే క్రికెట్లో రాణించాలంటే,0.0,కానీ మార్కెట్ధో వాస్లవాలు వేరు ఎలాగంటే క్రికెట్తో రాణించాలంటే,0.0,కానీ మార్కెట్ధో వాస్లవాలు వేరు ఎలాగంటే క్రికెట్గో రాణించాలంటే,0.0,కానీ మార్కెట్తో వాస్లవాలు వేరు ఎలాగంటే క్రికెట్తో రాణించాలంటే,0.0,కానీ మార్కెట్గో వాస్లవాలు వేరు ఎలాగంటే క్రికెట్గో రాణించాలంటే
ఆ రెండు యాక్సిడెంట్లు సీసీటీవీలో రికార్డయ్యాయి,0.0,ఆ రెండు యాక్విడెంట్ధు సీసీటీవీలో రికార్దయ్యాయి,0.0,ఆ రెండు యాక్నిడెంట్తు సీసీటీవీలో రికార్ధయ్యాయి,0.0,ఆ రెండు యాక్నిడెంట్గు సీసీటీవీలో రికార్ధయ్యాయి,0.0,ఆ రెండు యాక్చిడెంట్గు సీసీటీవీలో రికార్ధయ్యాయి
చాలామంది అది నాకేమో అనుకున్నారు,0.0,చాలామంది అది నాకేమో అనుకున్వారు,0.0,చాలామంది అది నాకేమో అనుకున్పారు,0.0,చాలామంది అది నాకేమో అనుకున్వారు,0.0,చాలామంది అది నాకేమో అనుకున్పారు
వారిద్దరికీ ఎప్పుడూ పడేది కాదు,0.0,వారిద్ రికీ ఎప్సుడూ పడేది కాదు,0.0,వారిద్ రికీ ఎప్వుడూ పడేది కాదు,0.0,వారిద్ రికీ ఎప్సుడూ పడేది కాదు,0.0,వారిద్డరికీ ఎప్నుడూ పడేది కాదు
ఇది చివరి ఆప్షన్,0.0,ఇది చివరి ఆప్షన్,0.0,ఇది చివరి ఆప్షన్,0.0,ఇది చివరి ఆప్షన్,0.0,ఇది చివరి ఆప్షన్
వరలక్ష్మి శరత్కుమార్ సముద్రఖని ఇందులో పవర్ఫుల్ పాత్రలు పోషిస్తున్నారు,0.0,వరలక్ష్శి శరత్కుమార్ సముద్రఖని ఇందులో పవర్ఫుల్ పాత్రలు పోషిస్లున్పారు,0.0,వరలక్ష్శి శరత్కుమార్ సముద్రఖని ఇందులో పవర్ఫుల్ పాత్రలు పోషిస్లున్పారు,0.0,వరలక్ష్శి శరత్కుమార్ సముద్రఖని ఇందులో పవర్ఫుల్ పాత్రలు పోషిస్లున్వారు,0.0,వరలక్ష్శి శరత్కుమార్ సముద్రఖని ఇందులో పవర్ఫుల్ పాత్రలు పోషిస్లున్వారు
ఆయనకు తెలియని విషయంలేదు,0.0,ఆయనకు తెలియని విషయంలేదు,0.0,ఆయనకు తెలియని విషయంలేదు,0.0,ఆయనకు తెలియని విషయంలేదు,0.0,ఆయనకు తెలియని విషయంలేదు
ఇదీ నడుస్తున్న చరిత్ర,0.0,ఇదీ నడుస్లున్వ చరిత్ర,0.0,ఇదీ నడుస్లున్ప చరిత్ర,0.0,ఇదీ నడుస్లున్ప చరిత్ర,0.0,ఇదీ నడుస్లున్వ చరిత్ర
ల నుంచి రూ,0.0,ల నుంచి రూ,0.0,ల నుంచి రూ,0.0,ల నుంచి రూ,0.0,ల నుంచి రూ
ఈ కేసుపై సమగ్ర విచారణ జరుపుతున్నట్లు ఆయన తెలిపారు,0.0,ఈ కేసుపై సమగ్ర విచారణ జరుపుతున్పట్గు ఆయన తెలిపారు,0.0,ఈ కేసుపై సమగ్ర విచారణ జరుపుతున్పట్గు ఆయన తెలిపారు,0.0,ఈ కేసుపై సమగ్ర విచారణ జరుపుతున్పట్తు ఆయన తెలిపారు,0.0,ఈ కేసుపై సమగ్ర విచారణ జరుపుతున్వట్గు ఆయన తెలిపారు
పీఠికనుంచుటను చూపుము,0.0,పీఠికనుంచుటను చూపుము,0.0,పీఠికనుంచుటను చూపుము,0.0,పీఠికనుంచుటను చూపుము,0.0,పీఠికనుంచుటను చూపుము
మార్చి న అసలు పేజీ నుండి తీసుకుని బధ్రపరిచారు న పునరుద్ధరించబడింది,0.0,మార్వి న అసలు పేజీ నుండి తీసుకుని బధ్రపరిచారు న పునరుద్గరించబడింది,0.0,మార్సి న అసలు పేజీ నుండి తీసుకుని బధ్రపరిచారు న పునరుద్డరించబడింది,0.0,మార్వి న అసలు పేజీ నుండి తీసుకుని బధ్రపరిచారు న పునరుద్డరించబడింది,0.0,మార్సి న అసలు పేజీ నుండి తీసుకుని బధ్రపరిచారు న పునరుద్లరించబడింది
పంజాబ్లో కాంగ్రెస్ పార్టీ పగ్గాలు చేపట్టింది,0.0,పంజాబ్తో కాంగ్రెస్ పార్టీ పగ్ధాలు చేపట్టింది,0.0,పంజాబ్తో కాంగ్రెస్ పార్టీ పగ్లాలు చేపట్టింది,0.0,పంజాబ్గో కాంగ్రెస్ పార్టీ పగ్ఠాలు చేపట్టింది,0.0,పంజాబ్తో కాంగ్రెస్ పార్టీ పగ్లాలు చేపట్టింది
ఆ సమస్య వెంటనే పరిష్కారం అయింది,0.0,ఆ సమస్య వెంటనే పరిష్కారం అయింది,0.0,ఆ సమస్య వెంటనే పరిష్కారం అయింది,0.0,ఆ సమస్య వెంటనే పరిష్కారం అయింది,0.0,ఆ సమస్య వెంటనే పరిష్కారం అయింది
మిర్యాలగూడలో ప్రణయ్ హత్య దారుణమన్నారు,0.0,మిర్యాలగూడలో ప్రణయ్ హత్య దారుణమన్వారు,0.0,మిర్యాలగూడలో ప్రణయ్ హత్య దారుణమన్వారు,0.0,మిర్యాలగూడలో ప్రణయ్ హత్య దారుణమన్పారు,0.0,మిర్యాలగూడలో ప్రణయ్ హత్య దారుణమన్పారు
మనోవేదనతో యువకుడి ఆత్మహత్య,0.0,మనోవేదనతో యువకుడి ఆత్శహత్య,0.0,మనోవేదనతో యువకుడి ఆత్శహత్య,0.0,మనోవేదనతో యువకుడి ఆత్శహత్య,0.0,మనోవేదనతో యువకుడి ఆత్శహత్య
దీనిపై కూడా జంపా స్పందించాడు,0.0,దీనిపై కూడా జంపా స్వందించాడు,0.0,దీనిపై కూడా జంపా స్సందించాడు,0.0,దీనిపై కూడా జంపా స్వందించాడు,0.0,దీనిపై కూడా జంపా స్సందించాడు
అది వాయిస్తుంది,0.0,అది వాయిస్లుంది,0.0,అది వాయిస్లుంది,0.0,అది వాయిస్లుంది,0.0,అది వాయిస్లుంది
ఘటనపై పోలీసులకు సమాచారమందించారు,0.0,ఘటనపై పోలీసులకు సమాచారమందించారు,0.0,ఘటనపై పోలీసులకు సమాచారమందించారు,0.0,ఘటనపై పోలీసులకు సమాచారమందించారు,0.0,ఘటనపై పోలీసులకు సమాచారమందించారు
ఇండియన్ స్కౌట్ సిక్ట్సి దేశీయంగా విడుదల ధర రూ,0.0,ఇండియన్ స్కౌట్ సిక్ట్చి దేశీయంగా విడుదల ధర రూ,0.0,ఇండియన్ స్కౌట్ సిక్ట్ని దేశీయంగా విడుదల ధర రూ,0.0,ఇండియన్ స్కౌట్ సిక్ట్ని దేశీయంగా విడుదల ధర రూ,0.0,ఇండియన్ స్కౌట్ సిక్ట్ని దేశీయంగా విడుదల ధర రూ
తర్వాత అతను తిరిగి ఇంటికి వెళ్లలేదు,0.0,తర్యాత అతను తిరిగి ఇంటికి వెళ్తలేదు,0.0,తర్పాత అతను తిరిగి ఇంటికి వెళ్ధలేదు,0.0,తర్సాత అతను తిరిగి ఇంటికి వెళ్ధలేదు,0.0,తర్సాత అతను తిరిగి ఇంటికి వెళ్తలేదు
అయినా రైతు సంతోషంగా లేడు,0.0,అయినా రైతు సంతోషంగా లేడు,0.0,అయినా రైతు సంతోషంగా లేడు,0.0,అయినా రైతు సంతోషంగా లేడు,0.0,అయినా రైతు సంతోషంగా లేడు
తన భర్త మరో మహిళతో కలిసి ఉన్న స్థితిలో భార్య పట్టుకుంది,0.0,తన భర్ల మరో మహిళతో కలిసి ఉన్వ స్థితిలో భార్య పట్టుకుంది,0.0,తన భర్ల మరో మహిళతో కలిసి ఉన్వ స్థితిలో భార్య పట్టుకుంది,0.0,తన భర్ల మరో మహిళతో కలిసి ఉన్వ స్థితిలో భార్య పట్టుకుంది,0.0,తన భర్ల మరో మహిళతో కలిసి ఉన్వ స్థితిలో భార్య పట్టుకుంది
వారు ఆలోచన ఏ విధమైన అర్థం ఏమి,0.0,వారు ఆలోచన ఏ విధమైన అర్థం ఏమి,0.0,వారు ఆలోచన ఏ విధమైన అర్థం ఏమి,0.0,వారు ఆలోచన ఏ విధమైన అర్థం ఏమి,0.0,వారు ఆలోచన ఏ విధమైన అర్థం ఏమి
వీసా ఖండించారు ఉంటే నేను ఏమి చెయ్యాలి,0.0,వీసా ఖండించారు ఉంటే నేను ఏమి చెయ్యాలి,0.0,వీసా ఖండించారు ఉంటే నేను ఏమి చెయ్యాలి,0.0,వీసా ఖండించారు ఉంటే నేను ఏమి చెయ్యాలి,0.0,వీసా ఖండించారు ఉంటే నేను ఏమి చెయ్యాలి
ఏకంగా అభ్యర్థిపై పోలీస్ కేసు నమోదైంది,0.0,ఏకంగా అభ్యర్థిపై పోలీస్ కేసు నమోదైంది,0.0,ఏకంగా అభ్యర్థిపై పోలీస్ కేసు నమోదైంది,0.0,ఏకంగా అభ్యర్థిపై పోలీస్ కేసు నమోదైంది,0.0,ఏకంగా అభ్యర్థిపై పోలీస్ కేసు నమోదైంది
సోషల్ మీడియాలోనూ ఇదే హాట్ టాపిక్ అయింది,0.0,సోషల్ మీడియాలోనూ ఇదే హాట్ టాపిక్ అయింది,0.0,సోషల్ మీడియాలోనూ ఇదే హాట్ టాపిక్ అయింది,0.0,సోషల్ మీడియాలోనూ ఇదే హాట్ టాపిక్ అయింది,0.0,సోషల్ మీడియాలోనూ ఇదే హాట్ టాపిక్ అయింది
పెద్ద అరటి,0.0,పెద్ధ అరటి,0.0,పెద్  అరటి,0.0,పెద్ధ అరటి,0.0,పెద్  అరటి
మరింత లోతుగా విచారించిన పోలీసులు ఐదుగురు నిందితులను అరెస్ట్ చేశారు,0.0,మరింత లోతుగా విచారించిన పోలీసులు ఐదుగురు నిందితులను అరెస్ట్ చేశారు,0.0,మరింత లోతుగా విచారించిన పోలీసులు ఐదుగురు నిందితులను అరెస్ట్ చేశారు,0.0,మరింత లోతుగా విచారించిన పోలీసులు ఐదుగురు నిందితులను అరెస్ట్ చేశారు,0.0,మరింత లోతుగా విచారించిన పోలీసులు ఐదుగురు నిందితులను అరెస్ట్ చేశారు
అన్న చర్చ జరిగింది,0.0,అన్ప చర్వ జరిగింది,0.0,అన్వ చర్స జరిగింది,0.0,అన్వ చర్స జరిగింది,0.0,అన్వ చర్స జరిగింది
తర్వాత తన సహనానికి ప్రతిఫలం దక్కుతుంది తన కృషికి తగ్గ ఫలాల్ని ఆయన చూస్తాడు,0.0,తర్చాత తన సహనానికి ప్రతిఫలం దక్కుతుంది తన కృషికి తగ్ల ఫలాల్పి ఆయన చూస్లాడు,0.0,తర్పాత తన సహనానికి ప్రతిఫలం దక్కుతుంది తన కృషికి తగ్ల ఫలాల్పి ఆయన చూస్లాడు,0.0,తర్పాత తన సహనానికి ప్రతిఫలం దక్కుతుంది తన కృషికి తగ్ఠ ఫలాల్పి ఆయన చూస్లాడు,0.0,తర్పాత తన సహనానికి ప్రతిఫలం దక్కుతుంది తన కృషికి తగ్ధ ఫలాల్వి ఆయన చూస్లాడు
అంతరిక్ష ప్రయాణం చేసిన తొలి భారతీయ వ్యోమగామి రాకేష్ శర్మ జీవితం ఆధారంగా ఓ చిత్రం తెరకెక్కనుంది,0.0,అంతరిక్ష ప్రయాణం చేసిన తొలి భారతీయ వ్యోమగామి రాకేష్ శర్శ జీవితం ఆధారంగా ఓ చిత్రం తెరకెక్కనుంది,0.0,అంతరిక్ష ప్రయాణం చేసిన తొలి భారతీయ వ్యోమగామి రాకేష్ శర్శ జీవితం ఆధారంగా ఓ చిత్రం తెరకెక్కనుంది,0.0,అంతరిక్ష ప్రయాణం చేసిన తొలి భారతీయ వ్యోమగామి రాకేష్ శర్శ జీవితం ఆధారంగా ఓ చిత్రం తెరకెక్కనుంది,0.0,అంతరిక్ష ప్రయాణం చేసిన తొలి భారతీయ వ్యోమగామి రాకేష్ శర్శ జీవితం ఆధారంగా ఓ చిత్రం తెరకెక్కనుంది
అయితే బ్యాంకింగ్ ఇండెక్స్ శాతం బలపడింది,0.0,అయితే బ్యాంకింగ్ ఇండెక్న్ శాతం బలపడింది,0.0,అయితే బ్యాంకింగ్ ఇండెక్చ్ శాతం బలపడింది,0.0,అయితే బ్యాంకింగ్ ఇండెక్న్ శాతం బలపడింది,0.0,అయితే బ్యాంకింగ్ ఇండెక్వ్ శాతం బలపడింది
స్నేహమంటే ఇదేనా,0.0,స్నేహమంటే ఇదేనా,0.0,స్నేహమంటే ఇదేనా,0.0,స్నేహమంటే ఇదేనా,0.0,స్నేహమంటే ఇదేనా
ఈ పెళ్లి కూడా ఎక్కువకాలం నిలవలేదు,0.0,ఈ పెళ్ధి కూడా ఎక్కువకాలం నిలవలేదు,0.0,ఈ పెళ్ధి కూడా ఎక్కువకాలం నిలవలేదు,0.0,ఈ పెళ్ధి కూడా ఎక్కువకాలం నిలవలేదు,0.0,ఈ పెళ్గి కూడా ఎక్కువకాలం నిలవలేదు
పోలీసుల అదుపులో అనుమానితురాలు,0.0,పోలీసుల అదుపులో అనుమానితురాలు,0.0,పోలీసుల అదుపులో అనుమానితురాలు,0.0,పోలీసుల అదుపులో అనుమానితురాలు,0.0,పోలీసుల అదుపులో అనుమానితురాలు
నిర్భయ అత్యాచారం హత్య కేసులో నలుగురిని కోర్టు దోషులుగా నిర్ధారించిన విషయం తెలిసిందే,0.0,నిర్భయ అత్యాచారం హత్య కేసులో నలుగురిని కోర్టు దోషులుగా నిర్డారించిన విషయం తెలిసిందే,0.0,నిర్భయ అత్యాచారం హత్య కేసులో నలుగురిని కోర్టు దోషులుగా నిర్గారించిన విషయం తెలిసిందే,0.0,నిర్భయ అత్యాచారం హత్య కేసులో నలుగురిని కోర్టు దోషులుగా నిర్లారించిన విషయం తెలిసిందే,0.0,నిర్భయ అత్యాచారం హత్య కేసులో నలుగురిని కోర్టు దోషులుగా నిర్దారించిన విషయం తెలిసిందే
ఇక తదుపరి సినిమాకు వస్తే జై లవకుశ అందించిన జోష్తో ఎన్టీఆర్ దర్శకుడు త్రివిక్రమ్ సినిమాకు సిద్ధమవుతున్నాడు,0.0,ఇక తదుపరి సినిమాకు వస్లే జై లవకుశ అందించిన జోష్లో ఎన్టీఆర్ దర్మకుడు త్రివిక్రమ్ సినిమాకు సిద్గమవుతున్పాడు,0.0,ఇక తదుపరి సినిమాకు వస్లే జై లవకుశ అందించిన జోష్లో ఎన్టీఆర్ దర్మకుడు త్రివిక్రమ్ సినిమాకు సిద్డమవుతున్వాడు,0.0,ఇక తదుపరి సినిమాకు వస్లే జై లవకుశ అందించిన జోష్లో ఎన్టీఆర్ దర్మకుడు త్రివిక్రమ్ సినిమాకు సిద్దమవుతున్వాడు,0.0,ఇక తదుపరి సినిమాకు వస్లే జై లవకుశ అందించిన జోష్లో ఎన్టీఆర్ దర్మకుడు త్రివిక్రమ్ సినిమాకు సిద్డమవుతున్వాడు
మనసు నిర్మలంగా వుంచుకోవాలి,0.0,మనసు నిర్శలంగా వుంచుకోవాలి,0.0,మనసు నిర్శలంగా వుంచుకోవాలి,0.0,మనసు నిర్శలంగా వుంచుకోవాలి,0.0,మనసు నిర్శలంగా వుంచుకోవాలి
దాంతో షూటింగ్ శరవేగంగా జరుగుతుంది,0.0,దాంతో షూటింగ్ శరవేగంగా జరుగుతుంది,0.0,దాంతో షూటింగ్ శరవేగంగా జరుగుతుంది,0.0,దాంతో షూటింగ్ శరవేగంగా జరుగుతుంది,0.0,దాంతో షూటింగ్ శరవేగంగా జరుగుతుంది
సెలెక్షన్ ప్రాసెస్ స్క్రీనింగ్ టెస్ట్ఇంటర్వ్యూ,0.0,సెలెక్షన్ ప్రాసెస్ స్క్రీనింగ్ టెస్ట్ఇంటర్చ్యూ,0.0,సెలెక్షన్ ప్రాసెస్ స్క్రీనింగ్ టెస్ట్ఇంటర్య్యూ,0.0,సెలెక్షన్ ప్రాసెస్ స్క్రీనింగ్ టెస్ట్ఇంటర్చ్యూ,0.0,సెలెక్షన్ ప్రాసెస్ స్క్రీనింగ్ టెస్ట్ఇంటర్ప్యూ
త్వరలోనే ఈ మేరకు ప్రకటన రానుందని కూడా తెలుస్తోంది,0.0,త్వరలోనే ఈ మేరకు ప్రకటన రానుందని కూడా తెలుస్లోంది,0.0,త్వరలోనే ఈ మేరకు ప్రకటన రానుందని కూడా తెలుస్లోంది,0.0,త్వరలోనే ఈ మేరకు ప్రకటన రానుందని కూడా తెలుస్లోంది,0.0,త్వరలోనే ఈ మేరకు ప్రకటన రానుందని కూడా తెలుస్లోంది
ఈ సంఘటన పశ్చిమ గోదావరి జిల్లా పోణంగి గ్రామంలో చోటుచేసుకుంది,0.0,ఈ సంఘటన పశ్విమ గోదావరి జిల్తా పోణంగి గ్రామంలో చోటుచేసుకుంది,0.0,ఈ సంఘటన పశ్విమ గోదావరి జిల్తా పోణంగి గ్రామంలో చోటుచేసుకుంది,0.0,ఈ సంఘటన పశ్సిమ గోదావరి జిల్ధా పోణంగి గ్రామంలో చోటుచేసుకుంది,0.0,ఈ సంఘటన పశ్విమ గోదావరి జిల్తా పోణంగి గ్రామంలో చోటుచేసుకుంది
అందువల్ల విద్యుత్తు ఉత్పత్తి కోసం మేము తక్కువ బయోమాస్ను కలిగి ఉన్నాము అందువల్ల మాకు శిలాజ ఇంధనాలపై భారీ ఆధారపడటం ఉంది,0.0,అందువల్గ విద్యుత్లు ఉత్యత్లి కోసం మేము తక్కువ బయోమాస్పు కలిగి ఉన్పాము అందువల్ధ మాకు శిలాజ ఇంధనాలపై భారీ ఆధారపడటం ఉంది,0.0,అందువల్త విద్యుత్లు ఉత్సత్లి కోసం మేము తక్కువ బయోమాస్వు కలిగి ఉన్పాము అందువల్త మాకు శిలాజ ఇంధనాలపై భారీ ఆధారపడటం ఉంది,0.0,అందువల్ధ విద్యుత్లు ఉత్నత్లి కోసం మేము తక్కువ బయోమాస్పు కలిగి ఉన్పాము అందువల్గ మాకు శిలాజ ఇంధనాలపై భారీ ఆధారపడటం ఉంది,0.0,అందువల్గ విద్యుత్లు ఉత్వత్లి కోసం మేము తక్కువ బయోమాస్పు కలిగి ఉన్పాము అందువల్గ మాకు శిలాజ ఇంధనాలపై భారీ ఆధారపడటం ఉంది
మిగిలినవన్నీ పట్టించుకోవాల్సిన పని లేదు,0.0,మిగిలినవన్వీ పట్టించుకోవాల్విన పని లేదు,0.0,మిగిలినవన్వీ పట్టించుకోవాల్విన పని లేదు,0.0,మిగిలినవన్పీ పట్టించుకోవాల్నిన పని లేదు,0.0,మిగిలినవన్వీ పట్టించుకోవాల్విన పని లేదు
అది అంత సేఫ్ కాదని నిపుణులు చెబుతూ ఉంటారు,0.0,అది అంత సేఫ్ కాదని నిపుణులు చెబుతూ ఉంటారు,0.0,అది అంత సేఫ్ కాదని నిపుణులు చెబుతూ ఉంటారు,0.0,అది అంత సేఫ్ కాదని నిపుణులు చెబుతూ ఉంటారు,0.0,అది అంత సేఫ్ కాదని నిపుణులు చెబుతూ ఉంటారు
కానీ చివరి నిమిషంలో వీరిరువురి భేటీ రద్దైనట్లు వార్తలొచ్చాయి,0.0,కానీ చివరి నిమిషంలో వీరిరువురి భేటీ రద్డైనట్ధు వార్లలొచ్వాయి,0.0,కానీ చివరి నిమిషంలో వీరిరువురి భేటీ రద్ ైనట్ధు వార్లలొచ్వాయి,0.0,కానీ చివరి నిమిషంలో వీరిరువురి భేటీ రద్ ైనట్గు వార్లలొచ్వాయి,0.0,కానీ చివరి నిమిషంలో వీరిరువురి భేటీ రద్ ైనట్ధు వార్లలొచ్వాయి
పృథ్వీ అవునా,0.0,పృథ్సీ అవునా,0.0,పృథ్పీ అవునా,0.0,పృథ్చీ అవునా,0.0,పృథ్పీ అవునా
మనుషులు రోజురోజుకు మరింత దిగజారిపోతున్నారు,0.0,మనుషులు రోజురోజుకు మరింత దిగజారిపోతున్పారు,0.0,మనుషులు రోజురోజుకు మరింత దిగజారిపోతున్వారు,0.0,మనుషులు రోజురోజుకు మరింత దిగజారిపోతున్పారు,0.0,మనుషులు రోజురోజుకు మరింత దిగజారిపోతున్వారు
హోటల్ లో రెస్టారెంట్లు మూడు ఉన్నాయి,0.0,హోటల్ లో రెస్టారెంట్తు మూడు ఉన్పాయి,0.0,హోటల్ లో రెస్టారెంట్ధు మూడు ఉన్వాయి,0.0,హోటల్ లో రెస్టారెంట్తు మూడు ఉన్పాయి,0.0,హోటల్ లో రెస్టారెంట్తు మూడు ఉన్వాయి
నేనైతే మంది ఎంపికకు ప్రాధాన్యమిస్తా,0.0,నేనైతే మంది ఎంపికకు ప్రాధాన్యమిస్లా,0.0,నేనైతే మంది ఎంపికకు ప్రాధాన్యమిస్లా,0.0,నేనైతే మంది ఎంపికకు ప్రాధాన్యమిస్లా,0.0,నేనైతే మంది ఎంపికకు ప్రాధాన్యమిస్లా
దీంతో ఉద్యోగాలకే ఎసరొచ్చింది,0.0,దీంతో ఉద్యోగాలకే ఎసరొచ్సింది,0.0,దీంతో ఉద్యోగాలకే ఎసరొచ్సింది,0.0,దీంతో ఉద్యోగాలకే ఎసరొచ్సింది,0.0,దీంతో ఉద్యోగాలకే ఎసరొచ్వింది
దీన్ని మ్రింగకూడదు,0.0,దీన్వి మ్రింగకూడదు,0.0,దీన్వి మ్రింగకూడదు,0.0,దీన్పి మ్రింగకూడదు,0.0,దీన్వి మ్రింగకూడదు
కోట్లు ఖర్చు చేశారు,0.0,కోట్ధు ఖర్వు చేశారు,0.0,కోట్తు ఖర్సు చేశారు,0.0,కోట్తు ఖర్సు చేశారు,0.0,కోట్తు ఖర్వు చేశారు
బ్యాంకులు కిటకిట,0.0,బ్యాంకులు కిటకిట,0.0,బ్యాంకులు కిటకిట,0.0,బ్యాంకులు కిటకిట,0.0,బ్యాంకులు కిటకిట
ఒకే కారణం అని,0.0,ఒకే కారణం అని,0.0,ఒకే కారణం అని,0.0,ఒకే కారణం అని,0.0,ఒకే కారణం అని
నెలలు గడుస్తున్నా,0.0,నెలలు గడుస్లున్పా,0.0,నెలలు గడుస్లున్పా,0.0,నెలలు గడుస్లున్వా,0.0,నెలలు గడుస్లున్వా
పార్వతీదేవిని బ్రహ్మవిద్యానాయకిగా పూజిస్తారు,0.0,పార్పతీదేవిని బ్రహ్శవిద్యానాయకిగా పూజిస్లారు,0.0,పార్పతీదేవిని బ్రహ్శవిద్యానాయకిగా పూజిస్లారు,0.0,పార్చతీదేవిని బ్రహ్శవిద్యానాయకిగా పూజిస్లారు,0.0,పార్పతీదేవిని బ్రహ్శవిద్యానాయకిగా పూజిస్లారు
మరి ఈ సినిమా ఎలా ఉన్నదో ఈ రివ్యూలో చూద్దాం,0.0,మరి ఈ సినిమా ఎలా ఉన్పదో ఈ రివ్యూలో చూద్ ాం,0.0,మరి ఈ సినిమా ఎలా ఉన్వదో ఈ రివ్యూలో చూద్ ాం,0.0,మరి ఈ సినిమా ఎలా ఉన్పదో ఈ రివ్యూలో చూద్ధాం,0.0,మరి ఈ సినిమా ఎలా ఉన్వదో ఈ రివ్యూలో చూద్ధాం
ఆరోగ్యం పరంగా ఈ సమయం మీకు మంచిది,0.0,ఆరోగ్యం పరంగా ఈ సమయం మీకు మంచిది,0.0,ఆరోగ్యం పరంగా ఈ సమయం మీకు మంచిది,0.0,ఆరోగ్యం పరంగా ఈ సమయం మీకు మంచిది,0.0,ఆరోగ్యం పరంగా ఈ సమయం మీకు మంచిది
అన్ని వేళలా నాకు అండగా నిలిచిన అభిమానులకు ధన్యవాదాలు,0.0,అన్వి వేళలా నాకు అండగా నిలిచిన అభిమానులకు ధన్యవాదాలు,0.0,అన్పి వేళలా నాకు అండగా నిలిచిన అభిమానులకు ధన్యవాదాలు,0.0,అన్వి వేళలా నాకు అండగా నిలిచిన అభిమానులకు ధన్యవాదాలు,0.0,అన్పి వేళలా నాకు అండగా నిలిచిన అభిమానులకు ధన్యవాదాలు
సైనా నిష్క్రమణతో టోర్నీలో భారత ప్రాతినిధ్యం ముగిసింది,0.0,సైనా నిష్క్రమణతో టోర్పీలో భారత ప్రాతినిధ్యం ముగిసింది,0.0,సైనా నిష్క్రమణతో టోర్వీలో భారత ప్రాతినిధ్యం ముగిసింది,0.0,సైనా నిష్క్రమణతో టోర్పీలో భారత ప్రాతినిధ్యం ముగిసింది,0.0,సైనా నిష్క్రమణతో టోర్పీలో భారత ప్రాతినిధ్యం ముగిసింది
నేను స్నేహితులను చేసుకోలేను,0.0,నేను స్వేహితులను చేసుకోలేను,0.0,నేను స్పేహితులను చేసుకోలేను,0.0,నేను స్వేహితులను చేసుకోలేను,0.0,నేను స్వేహితులను చేసుకోలేను
గాయాలపాలైన వారిని చికిత్స నిమిత్తం స్థానిక ప్రభుత్వ ఆసుపత్రికి తరలించారు,0.0,గాయాలపాలైన వారిని చికిత్చ నిమిత్లం స్థానిక ప్రభుత్స ఆసుపత్రికి తరలించారు,0.0,గాయాలపాలైన వారిని చికిత్చ నిమిత్లం స్థానిక ప్రభుత్ప ఆసుపత్రికి తరలించారు,0.0,గాయాలపాలైన వారిని చికిత్చ నిమిత్లం స్థానిక ప్రభుత్న ఆసుపత్రికి తరలించారు,0.0,గాయాలపాలైన వారిని చికిత్చ నిమిత్లం స్థానిక ప్రభుత్ప ఆసుపత్రికి తరలించారు
ద్వారా నెట్వర్కు ముద్రకము,0.0,ద్వారా నెట్చర్కు ముద్రకము,0.0,ద్వారా నెట్చర్కు ముద్రకము,0.0,ద్వారా నెట్సర్కు ముద్రకము,0.0,ద్వారా నెట్సర్కు ముద్రకము
న్యూఢిల్లీ పంజాబ్ నేషనల్ బ్యాంకులో జరిగిన రూ,0.0,న్యూఢిల్తీ పంజాబ్ నేషనల్ బ్యాంకులో జరిగిన రూ,0.0,న్యూఢిల్ధీ పంజాబ్ నేషనల్ బ్యాంకులో జరిగిన రూ,0.0,న్యూఢిల్తీ పంజాబ్ నేషనల్ బ్యాంకులో జరిగిన రూ,0.0,న్యూఢిల్తీ పంజాబ్ నేషనల్ బ్యాంకులో జరిగిన రూ
ఈ సినిమాలో నిఖిత నారాయణ్ హీరోయిన్ గా నటిస్తుంది,0.0,ఈ సినిమాలో నిఖిత నారాయణ్ హీరోయిన్ గా నటిస్లుంది,0.0,ఈ సినిమాలో నిఖిత నారాయణ్ హీరోయిన్ గా నటిస్లుంది,0.0,ఈ సినిమాలో నిఖిత నారాయణ్ హీరోయిన్ గా నటిస్లుంది,0.0,ఈ సినిమాలో నిఖిత నారాయణ్ హీరోయిన్ గా నటిస్లుంది
ఈ మేరకు మిస్సింగ్ కేసు నమోదు చేసుకున్న పోలీసులు విచారణ మొదలుపెట్టారు,0.0,ఈ మేరకు మిస్చింగ్ కేసు నమోదు చేసుకున్ప పోలీసులు విచారణ మొదలుపెట్టారు,0.0,ఈ మేరకు మిస్చింగ్ కేసు నమోదు చేసుకున్వ పోలీసులు విచారణ మొదలుపెట్టారు,0.0,ఈ మేరకు మిస్పింగ్ కేసు నమోదు చేసుకున్వ పోలీసులు విచారణ మొదలుపెట్టారు,0.0,ఈ మేరకు మిస్నింగ్ కేసు నమోదు చేసుకున్ప పోలీసులు విచారణ మొదలుపెట్టారు
ఆయన ఇష్టపూర్వకంగా ఒప్పుకున్నాడు,0.0,ఆయన ఇష్టపూర్పకంగా ఒప్వుకున్వాడు,0.0,ఆయన ఇష్టపూర్నకంగా ఒప్నుకున్వాడు,0.0,ఆయన ఇష్టపూర్నకంగా ఒప్సుకున్వాడు,0.0,ఆయన ఇష్టపూర్యకంగా ఒప్నుకున్వాడు
కానీ స్కూళ్ల రీ ఒపెనింగ్పై విద్యాశాఖ ఇప్పటివరకు ఎలాంటి నిర్ణయం తీసుకోలేదు,0.0,కానీ స్కూళ్త రీ ఒపెనింగ్సై విద్యాశాఖ ఇప్యటివరకు ఎలాంటి నిర్ణయం తీసుకోలేదు,0.0,కానీ స్కూళ్గ రీ ఒపెనింగ్నై విద్యాశాఖ ఇప్సటివరకు ఎలాంటి నిర్ణయం తీసుకోలేదు,0.0,కానీ స్కూళ్ధ రీ ఒపెనింగ్వై విద్యాశాఖ ఇప్నటివరకు ఎలాంటి నిర్ణయం తీసుకోలేదు,0.0,కానీ స్కూళ్త రీ ఒపెనింగ్వై విద్యాశాఖ ఇప్వటివరకు ఎలాంటి నిర్ణయం తీసుకోలేదు
ఎలా మరింత కొత్త వినియోగదారులు ఆకర్షించడానికి,0.0,ఎలా మరింత కొత్ల వినియోగదారులు ఆకర్షించడానికి,0.0,ఎలా మరింత కొత్ల వినియోగదారులు ఆకర్షించడానికి,0.0,ఎలా మరింత కొత్ల వినియోగదారులు ఆకర్షించడానికి,0.0,ఎలా మరింత కొత్ల వినియోగదారులు ఆకర్షించడానికి
అమ్మాయి బాగానే వుంది,0.0,అమ్శాయి బాగానే వుంది,0.0,అమ్శాయి బాగానే వుంది,0.0,అమ్శాయి బాగానే వుంది,0.0,అమ్శాయి బాగానే వుంది
మీరు తరచుగా తలనొప్పి ఉందా,0.0,మీరు తరచుగా తలనొప్సి ఉందా,0.0,మీరు తరచుగా తలనొప్వి ఉందా,0.0,మీరు తరచుగా తలనొప్సి ఉందా,0.0,మీరు తరచుగా తలనొప్యి ఉందా
క్కడే బతకాలి,0.0,క్కడే బతకాలి,0.0,క్కడే బతకాలి,0.0,క్కడే బతకాలి,0.0,క్కడే బతకాలి
అవసరమైతే ఈ విషయంలో సుప్రీంకోర్టుకు కూడా వెళతామని ఆమె అన్నారు,0.0,అవసరమైతే ఈ విషయంలో సుప్రీంకోర్టుకు కూడా వెళతామని ఆమె అన్పారు,0.0,అవసరమైతే ఈ విషయంలో సుప్రీంకోర్టుకు కూడా వెళతామని ఆమె అన్పారు,0.0,అవసరమైతే ఈ విషయంలో సుప్రీంకోర్టుకు కూడా వెళతామని ఆమె అన్వారు,0.0,అవసరమైతే ఈ విషయంలో సుప్రీంకోర్టుకు కూడా వెళతామని ఆమె అన్వారు
లేని టెన్షన్కు గురవుతున్నరు,0.0,లేని టెన్షన్కు గురవుతున్పరు,0.0,లేని టెన్షన్కు గురవుతున్వరు,0.0,లేని టెన్షన్కు గురవుతున్పరు,0.0,లేని టెన్షన్కు గురవుతున్వరు
సరైన ఆహారాలు భుజించండి,0.0,సరైన ఆహారాలు భుజించండి,0.0,సరైన ఆహారాలు భుజించండి,0.0,సరైన ఆహారాలు భుజించండి,0.0,సరైన ఆహారాలు భుజించండి
హాఫ్ సెంచరీ చేసిన కేన్ విలియంసన్,0.0,హాఫ్ సెంచరీ చేసిన కేన్ విలియంసన్,0.0,హాఫ్ సెంచరీ చేసిన కేన్ విలియంసన్,0.0,హాఫ్ సెంచరీ చేసిన కేన్ విలియంసన్,0.0,హాఫ్ సెంచరీ చేసిన కేన్ విలియంసన్
సమయం మారుతుంది,0.0,సమయం మారుతుంది,0.0,సమయం మారుతుంది,0.0,సమయం మారుతుంది,0.0,సమయం మారుతుంది
జీఐఎస్ కి రూ,0.0,జీఐఎస్ కి రూ,0.0,జీఐఎస్ కి రూ,0.0,జీఐఎస్ కి రూ,0.0,జీఐఎస్ కి రూ
ాడివేడిగా చర్చ కొనసాగుతోంది,0.0,ాడివేడిగా చర్వ కొనసాగుతోంది,0.0,ాడివేడిగా చర్స కొనసాగుతోంది,0.0,ాడివేడిగా చర్స కొనసాగుతోంది,0.0,ాడివేడిగా చర్స కొనసాగుతోంది
భారత రిజర్వ్ బ్యాంక్ మాజీ గవర్నర్ రఘురామ్ రాజన్ మరోసారి వార్తల్లోకెక్కారు,0.0,భారత రిజర్న్ బ్యాంక్ మాజీ గవర్వర్ రఘురామ్ రాజన్ మరోసారి వార్లల్ధోకెక్కారు,0.0,భారత రిజర్న్ బ్యాంక్ మాజీ గవర్పర్ రఘురామ్ రాజన్ మరోసారి వార్లల్గోకెక్కారు,0.0,భారత రిజర్స్ బ్యాంక్ మాజీ గవర్పర్ రఘురామ్ రాజన్ మరోసారి వార్లల్తోకెక్కారు,0.0,భారత రిజర్చ్ బ్యాంక్ మాజీ గవర్వర్ రఘురామ్ రాజన్ మరోసారి వార్లల్తోకెక్కారు
అప్పు మొత్తం రూ,0.0,అప్సు మొత్లం రూ,0.0,అప్సు మొత్లం రూ,0.0,అప్వు మొత్లం రూ,0.0,అప్ను మొత్లం రూ
లేకపోతే గది చీకటి మరియు దిగులుగా పరిణమిస్తుంది,0.0,లేకపోతే గది చీకటి మరియు దిగులుగా పరిణమిస్లుంది,0.0,లేకపోతే గది చీకటి మరియు దిగులుగా పరిణమిస్లుంది,0.0,లేకపోతే గది చీకటి మరియు దిగులుగా పరిణమిస్లుంది,0.0,లేకపోతే గది చీకటి మరియు దిగులుగా పరిణమిస్లుంది
ఆ ప్లాన్ ఏమిటి,0.0,ఆ ప్గాన్ ఏమిటి,0.0,ఆ ప్తాన్ ఏమిటి,0.0,ఆ ప్తాన్ ఏమిటి,0.0,ఆ ప్ధాన్ ఏమిటి
సుప్రీంకోర్టు తీర్పును బిజెపి ఎంపీ సుబ్రమణ్యస్వామి స్వాగతించారు,0.0,సుప్రీంకోర్టు తీర్యును బిజెపి ఎంపీ సుబ్రమణ్యస్నామి స్పాగతించారు,0.0,సుప్రీంకోర్టు తీర్సును బిజెపి ఎంపీ సుబ్రమణ్యస్చామి స్పాగతించారు,0.0,సుప్రీంకోర్టు తీర్యును బిజెపి ఎంపీ సుబ్రమణ్యస్పామి స్నాగతించారు,0.0,సుప్రీంకోర్టు తీర్నును బిజెపి ఎంపీ సుబ్రమణ్యస్చామి స్నాగతించారు
చంద్రబాబు జీవితమంతా డబ్బు వెదజల్లడమే,0.0,చంద్రబాబు జీవితమంతా డబ్బు వెదజల్ధడమే,0.0,చంద్రబాబు జీవితమంతా డబ్బు వెదజల్గడమే,0.0,చంద్రబాబు జీవితమంతా డబ్బు వెదజల్తడమే,0.0,చంద్రబాబు జీవితమంతా డబ్బు వెదజల్తడమే
వీరిలో ఎంత మంది దేశం లో ఉన్నారు,0.0,వీరిలో ఎంత మంది దేశం లో ఉన్పారు,0.0,వీరిలో ఎంత మంది దేశం లో ఉన్పారు,0.0,వీరిలో ఎంత మంది దేశం లో ఉన్వారు,0.0,వీరిలో ఎంత మంది దేశం లో ఉన్పారు
చురుకుగా ఉంటారు పిల్లలు,0.0,చురుకుగా ఉంటారు పిల్తలు,0.0,చురుకుగా ఉంటారు పిల్గలు,0.0,చురుకుగా ఉంటారు పిల్ధలు,0.0,చురుకుగా ఉంటారు పిల్గలు
భారత్లో ఎక్కడికెళ్లాలి,0.0,భారత్గో ఎక్కడికెళ్ధాలి,0.0,భారత్ధో ఎక్కడికెళ్ధాలి,0.0,భారత్తో ఎక్కడికెళ్తాలి,0.0,భారత్ధో ఎక్కడికెళ్గాలి
ఆమెకి మంచి భవిష్యత్తు ఉంది,0.0,ఆమెకి మంచి భవిష్యత్లు ఉంది,0.0,ఆమెకి మంచి భవిష్యత్లు ఉంది,0.0,ఆమెకి మంచి భవిష్యత్లు ఉంది,0.0,ఆమెకి మంచి భవిష్యత్లు ఉంది
లక్షలు,0.0,లక్షలు,0.0,లక్షలు,0.0,లక్షలు,0.0,లక్షలు
రవాణా సదుపాయాలయిన బస్సులు ట్రైన్లు విమాన సేవలు మరియు మెట్రో వంటి వన్నీ నిలిపివేయబడ్డాయి,0.0,రవాణా సదుపాయాలయిన బస్పులు ట్రైన్ధు విమాన సేవలు మరియు మెట్రో వంటి వన్పీ నిలిపివేయబడ్ధాయి,0.0,రవాణా సదుపాయాలయిన బస్వులు ట్రైన్తు విమాన సేవలు మరియు మెట్రో వంటి వన్పీ నిలిపివేయబడ్ధాయి,0.0,రవాణా సదుపాయాలయిన బస్వులు ట్రైన్ధు విమాన సేవలు మరియు మెట్రో వంటి వన్వీ నిలిపివేయబడ్దాయి,0.0,రవాణా సదుపాయాలయిన బస్చులు ట్రైన్ధు విమాన సేవలు మరియు మెట్రో వంటి వన్పీ నిలిపివేయబడ్దాయి
ఇది ఆండ్రాయిడ్ ఐఓఎస్ రెండింటిలో పనిచేస్తుంది,0.0,ఇది ఆండ్రాయిడ్ ఐఓఎస్ రెండింటిలో పనిచేస్లుంది,0.0,ఇది ఆండ్రాయిడ్ ఐఓఎస్ రెండింటిలో పనిచేస్లుంది,0.0,ఇది ఆండ్రాయిడ్ ఐఓఎస్ రెండింటిలో పనిచేస్లుంది,0.0,ఇది ఆండ్రాయిడ్ ఐఓఎస్ రెండింటిలో పనిచేస్లుంది
అతను రెండుసార్లు వివాహం చేసుకున్నాడు,0.0,అతను రెండుసార్తు వివాహం చేసుకున్పాడు,0.0,అతను రెండుసార్గు వివాహం చేసుకున్వాడు,0.0,అతను రెండుసార్గు వివాహం చేసుకున్పాడు,0.0,అతను రెండుసార్ధు వివాహం చేసుకున్పాడు
వేల పైకి చేరాయి,0.0,వేల పైకి చేరాయి,0.0,వేల పైకి చేరాయి,0.0,వేల పైకి చేరాయి,0.0,వేల పైకి చేరాయి
అతడు ఇంకా దోషిగా నిరూపితం కాలేదు,0.0,అతడు ఇంకా దోషిగా నిరూపితం కాలేదు,0.0,అతడు ఇంకా దోషిగా నిరూపితం కాలేదు,0.0,అతడు ఇంకా దోషిగా నిరూపితం కాలేదు,0.0,అతడు ఇంకా దోషిగా నిరూపితం కాలేదు
ఈ పాటను చిత్రీకరిస్తున్నంత సేపు చాలా ఎంజాయ్ చేశాం,0.0,ఈ పాటను చిత్రీకరిస్లున్వంత సేపు చాలా ఎంజాయ్ చేశాం,0.0,ఈ పాటను చిత్రీకరిస్లున్వంత సేపు చాలా ఎంజాయ్ చేశాం,0.0,ఈ పాటను చిత్రీకరిస్లున్వంత సేపు చాలా ఎంజాయ్ చేశాం,0.0,ఈ పాటను చిత్రీకరిస్లున్పంత సేపు చాలా ఎంజాయ్ చేశాం
రాష్ట్రపతితో చంద్రబాబు భేటీ,0.0,రాష్ట్రపతితో చంద్రబాబు భేటీ,0.0,రాష్ట్రపతితో చంద్రబాబు భేటీ,0.0,రాష్ట్రపతితో చంద్రబాబు భేటీ,0.0,రాష్ట్రపతితో చంద్రబాబు భేటీ
మందులు మాకులు పనిచేయడం లేదు,0.0,మందులు మాకులు పనిచేయడం లేదు,0.0,మందులు మాకులు పనిచేయడం లేదు,0.0,మందులు మాకులు పనిచేయడం లేదు,0.0,మందులు మాకులు పనిచేయడం లేదు
ఐనా ఒక సలహా,0.0,ఐనా ఒక సలహా,0.0,ఐనా ఒక సలహా,0.0,ఐనా ఒక సలహా,0.0,ఐనా ఒక సలహా
కాబట్టి దాన్ని మరియు ఏమి మంచి ఉంది,0.0,కాబట్టి దాన్పి మరియు ఏమి మంచి ఉంది,0.0,కాబట్టి దాన్వి మరియు ఏమి మంచి ఉంది,0.0,కాబట్టి దాన్పి మరియు ఏమి మంచి ఉంది,0.0,కాబట్టి దాన్పి మరియు ఏమి మంచి ఉంది
టీడీపీ వైసీపీ టీఆర్ఎస్ కాంగ్రెస్ టీఎంసీ డీఎంకే సమాజ్ వాదీ పార్టీలు బిల్లును వ్యతిరేకిస్తున్నాయి,0.0,టీడీపీ వైసీపీ టీఆర్ఎస్ కాంగ్రెస్ టీఎంసీ డీఎంకే సమాజ్ వాదీ పార్టీలు బిల్తును వ్యతిరేకిస్లున్పాయి,0.0,టీడీపీ వైసీపీ టీఆర్ఎస్ కాంగ్రెస్ టీఎంసీ డీఎంకే సమాజ్ వాదీ పార్టీలు బిల్తును వ్యతిరేకిస్లున్వాయి,0.0,టీడీపీ వైసీపీ టీఆర్ఎస్ కాంగ్రెస్ టీఎంసీ డీఎంకే సమాజ్ వాదీ పార్టీలు బిల్ధును వ్యతిరేకిస్లున్వాయి,0.0,టీడీపీ వైసీపీ టీఆర్ఎస్ కాంగ్రెస్ టీఎంసీ డీఎంకే సమాజ్ వాదీ పార్టీలు బిల్తును వ్యతిరేకిస్లున్వాయి
ఆయన కెరీర్లో వ చిత్రంగా తెరకెక్కుతున్న దర్బార్ చిత్రానికి ఏఆర్ మురగదాస్ దర్శకుడిగా వ్యవహరిస్తున్నారు,0.0,ఆయన కెరీర్ధో వ చిత్రంగా తెరకెక్కుతున్వ దర్బార్ చిత్రానికి ఏఆర్ మురగదాస్ దర్మకుడిగా వ్యవహరిస్లున్పారు,0.0,ఆయన కెరీర్ధో వ చిత్రంగా తెరకెక్కుతున్ప దర్బార్ చిత్రానికి ఏఆర్ మురగదాస్ దర్మకుడిగా వ్యవహరిస్లున్వారు,0.0,ఆయన కెరీర్తో వ చిత్రంగా తెరకెక్కుతున్ప దర్బార్ చిత్రానికి ఏఆర్ మురగదాస్ దర్మకుడిగా వ్యవహరిస్లున్పారు,0.0,ఆయన కెరీర్తో వ చిత్రంగా తెరకెక్కుతున్ప దర్బార్ చిత్రానికి ఏఆర్ మురగదాస్ దర్మకుడిగా వ్యవహరిస్లున్పారు
జానపద వివక్షత వివక్షత మరియు జాతి వివక్షత,0.0,జానపద వివక్షత వివక్షత మరియు జాతి వివక్షత,0.0,జానపద వివక్షత వివక్షత మరియు జాతి వివక్షత,0.0,జానపద వివక్షత వివక్షత మరియు జాతి వివక్షత,0.0,జానపద వివక్షత వివక్షత మరియు జాతి వివక్షత
రెండు సొనలు,0.0,రెండు సొనలు,0.0,రెండు సొనలు,0.0,రెండు సొనలు,0.0,రెండు సొనలు
ఎక్కువ పరుగులు చేసిన తొలి బ్యాట్స్మెన్గా,0.0,ఎక్కువ పరుగులు చేసిన తొలి బ్యాట్న్శెన్ధా,0.0,ఎక్కువ పరుగులు చేసిన తొలి బ్యాట్వ్శెన్ఠా,0.0,ఎక్కువ పరుగులు చేసిన తొలి బ్యాట్వ్శెన్ఠా,0.0,ఎక్కువ పరుగులు చేసిన తొలి బ్యాట్ప్శెన్ఠా
పూర్తి మీట ఎగుమతి,0.0,పూర్లి మీట ఎగుమతి,0.0,పూర్లి మీట ఎగుమతి,0.0,పూర్లి మీట ఎగుమతి,0.0,పూర్లి మీట ఎగుమతి
నేను కూడా అనుకున్నాను,0.0,నేను కూడా అనుకున్వాను,0.0,నేను కూడా అనుకున్వాను,0.0,నేను కూడా అనుకున్పాను,0.0,నేను కూడా అనుకున్వాను
తన సేవకులు స్థిరంగా బలంగా ఉండేలా సహాయం చేస్తానని యెహోవా మనకు అభయాన్నిస్తున్నాడు,0.0,తన సేవకులు స్థిరంగా బలంగా ఉండేలా సహాయం చేస్లానని యెహోవా మనకు అభయాన్పిస్లున్వాడు,0.0,తన సేవకులు స్థిరంగా బలంగా ఉండేలా సహాయం చేస్లానని యెహోవా మనకు అభయాన్పిస్లున్వాడు,0.0,తన సేవకులు స్థిరంగా బలంగా ఉండేలా సహాయం చేస్లానని యెహోవా మనకు అభయాన్పిస్లున్వాడు,0.0,తన సేవకులు స్థిరంగా బలంగా ఉండేలా సహాయం చేస్లానని యెహోవా మనకు అభయాన్విస్లున్వాడు
మీరు అంతర్జాలమునకు అనుసంధానమైనప్పుడు ఈ పేన్ మీకు కొన్ని మంచి మరియు పేరొందిన పొడిగింతలను మీరు ప్రయత్నించి చూచుటకు అందించును,0.0,మీరు అంతర్జాలమునకు అనుసంధానమైనప్యుడు ఈ పేన్ మీకు కొన్వి మంచి మరియు పేరొందిన పొడిగింతలను మీరు ప్రయత్పించి చూచుటకు అందించును,0.0,మీరు అంతర్జాలమునకు అనుసంధానమైనప్సుడు ఈ పేన్ మీకు కొన్వి మంచి మరియు పేరొందిన పొడిగింతలను మీరు ప్రయత్వించి చూచుటకు అందించును,0.0,మీరు అంతర్జాలమునకు అనుసంధానమైనప్సుడు ఈ పేన్ మీకు కొన్వి మంచి మరియు పేరొందిన పొడిగింతలను మీరు ప్రయత్పించి చూచుటకు అందించును,0.0,మీరు అంతర్జాలమునకు అనుసంధానమైనప్యుడు ఈ పేన్ మీకు కొన్పి మంచి మరియు పేరొందిన పొడిగింతలను మీరు ప్రయత్వించి చూచుటకు అందించును
మీరు ఒకప్పుడున్న సంఘంతో కొత్త సంఘాన్ని పోల్చకండి,0.0,మీరు ఒకప్సుడున్వ సంఘంతో కొత్ల సంఘాన్పి పోల్వకండి,0.0,మీరు ఒకప్సుడున్వ సంఘంతో కొత్ల సంఘాన్పి పోల్వకండి,0.0,మీరు ఒకప్నుడున్వ సంఘంతో కొత్ల సంఘాన్పి పోల్సకండి,0.0,మీరు ఒకప్యుడున్వ సంఘంతో కొత్ల సంఘాన్వి పోల్వకండి
ఆమెను ఎలా మరిచిపోతాను,0.0,ఆమెను ఎలా మరిచిపోతాను,0.0,ఆమెను ఎలా మరిచిపోతాను,0.0,ఆమెను ఎలా మరిచిపోతాను,0.0,ఆమెను ఎలా మరిచిపోతాను
పోలింగ్ బూత్లను వార్డుల వారీగా ఏర్పాటు చేశారు,0.0,పోలింగ్ బూత్గను వార్ధుల వారీగా ఏర్నాటు చేశారు,0.0,పోలింగ్ బూత్ధను వార్దుల వారీగా ఏర్యాటు చేశారు,0.0,పోలింగ్ బూత్తను వార్ధుల వారీగా ఏర్సాటు చేశారు,0.0,పోలింగ్ బూత్ధను వార్ధుల వారీగా ఏర్సాటు చేశారు
అనంతరం ఏఈని అదుపులోకి తీసుకుని విచారిస్తున్నారు,0.0,అనంతరం ఏఈని అదుపులోకి తీసుకుని విచారిస్లున్వారు,0.0,అనంతరం ఏఈని అదుపులోకి తీసుకుని విచారిస్లున్పారు,0.0,అనంతరం ఏఈని అదుపులోకి తీసుకుని విచారిస్లున్వారు,0.0,అనంతరం ఏఈని అదుపులోకి తీసుకుని విచారిస్లున్పారు
ఎవర్ ప్రయత్నించారు,0.0,ఎవర్ ప్రయత్పించారు,0.0,ఎవర్ ప్రయత్వించారు,0.0,ఎవర్ ప్రయత్వించారు,0.0,ఎవర్ ప్రయత్వించారు
అదేవిధంగా భూసేకరణ పునరావాస పనులకయ్యే ఖర్చును రీయింబర్స్ చేయాల్సిందిగా కోరినట్లు సమాచారం,0.0,అదేవిధంగా భూసేకరణ పునరావాస పనులకయ్యే ఖర్సును రీయింబర్ప్ చేయాల్విందిగా కోరినట్గు సమాచారం,0.0,అదేవిధంగా భూసేకరణ పునరావాస పనులకయ్యే ఖర్సును రీయింబర్వ్ చేయాల్నిందిగా కోరినట్గు సమాచారం,0.0,అదేవిధంగా భూసేకరణ పునరావాస పనులకయ్యే ఖర్సును రీయింబర్చ్ చేయాల్పిందిగా కోరినట్గు సమాచారం,0.0,అదేవిధంగా భూసేకరణ పునరావాస పనులకయ్యే ఖర్సును రీయింబర్ప్ చేయాల్నిందిగా కోరినట్తు సమాచారం
అంతే కాకుండా అమెరికా ప్రభుత్వంలోని అత్యున్నత స్థాయి అధికారులు కూడా ఈ కార్యక్రమానికి హాజరు కానున్నారు,0.0,అంతే కాకుండా అమెరికా ప్రభుత్సంలోని అత్యున్వత స్థాయి అధికారులు కూడా ఈ కార్యక్రమానికి హాజరు కానున్వారు,0.0,అంతే కాకుండా అమెరికా ప్రభుత్పంలోని అత్యున్పత స్థాయి అధికారులు కూడా ఈ కార్యక్రమానికి హాజరు కానున్వారు,0.0,అంతే కాకుండా అమెరికా ప్రభుత్సంలోని అత్యున్వత స్థాయి అధికారులు కూడా ఈ కార్యక్రమానికి హాజరు కానున్వారు,0.0,అంతే కాకుండా అమెరికా ప్రభుత్యంలోని అత్యున్వత స్థాయి అధికారులు కూడా ఈ కార్యక్రమానికి హాజరు కానున్వారు
ఇండియా పాక్ యూరోప్ కెనడా అమెరికాకు చెందిన భక్తులు గురుద్వారాను దర్శించుకునేందుకు పాక్ అనుమతి ఇచ్చింది,0.0,ఇండియా పాక్ యూరోప్ కెనడా అమెరికాకు చెందిన భక్లులు గురుద్యారాను దర్మించుకునేందుకు పాక్ అనుమతి ఇచ్వింది,0.0,ఇండియా పాక్ యూరోప్ కెనడా అమెరికాకు చెందిన భక్లులు గురుద్యారాను దర్మించుకునేందుకు పాక్ అనుమతి ఇచ్సింది,0.0,ఇండియా పాక్ యూరోప్ కెనడా అమెరికాకు చెందిన భక్లులు గురుద్సారాను దర్మించుకునేందుకు పాక్ అనుమతి ఇచ్సింది,0.0,ఇండియా పాక్ యూరోప్ కెనడా అమెరికాకు చెందిన భక్లులు గురుద్యారాను దర్మించుకునేందుకు పాక్ అనుమతి ఇచ్వింది
ఇంట్లో కుటుంబ సభ్యులందరికీ మొబైల్ఫోన్స్ తప్పనిసరిగా ఉంటాయి,0.0,ఇంట్తో కుటుంబ సభ్యులందరికీ మొబైల్ఫోన్వ్ తప్సనిసరిగా ఉంటాయి,0.0,ఇంట్తో కుటుంబ సభ్యులందరికీ మొబైల్ఫోన్న్ తప్వనిసరిగా ఉంటాయి,0.0,ఇంట్గో కుటుంబ సభ్యులందరికీ మొబైల్ఫోన్చ్ తప్యనిసరిగా ఉంటాయి,0.0,ఇంట్ధో కుటుంబ సభ్యులందరికీ మొబైల్ఫోన్ప్ తప్ననిసరిగా ఉంటాయి
వీరిలో కొందరు కాంగ్రెస్ వైపు వెళ్లితే మరికొందరు బీజేపీ వైపు మొగ్గుచూపారట,0.0,వీరిలో కొందరు కాంగ్రెస్ వైపు వెళ్తితే మరికొందరు బీజేపీ వైపు మొగ్ధుచూపారట,0.0,వీరిలో కొందరు కాంగ్రెస్ వైపు వెళ్తితే మరికొందరు బీజేపీ వైపు మొగ్ఠుచూపారట,0.0,వీరిలో కొందరు కాంగ్రెస్ వైపు వెళ్ధితే మరికొందరు బీజేపీ వైపు మొగ్లుచూపారట,0.0,వీరిలో కొందరు కాంగ్రెస్ వైపు వెళ్గితే మరికొందరు బీజేపీ వైపు మొగ్ధుచూపారట
హైదరాబాద్విజయవాడ హైవేపై ట్రాఫిక్ జామ్,0.0,హైదరాబాద్యిజయవాడ హైవేపై ట్రాఫిక్ జామ్,0.0,హైదరాబాద్చిజయవాడ హైవేపై ట్రాఫిక్ జామ్,0.0,హైదరాబాద్చిజయవాడ హైవేపై ట్రాఫిక్ జామ్,0.0,హైదరాబాద్యిజయవాడ హైవేపై ట్రాఫిక్ జామ్
అసలు వీరి మధ్య గొడవ ఎందుకొచ్చిందో,0.0,అసలు వీరి మధ్య గొడవ ఎందుకొచ్సిందో,0.0,అసలు వీరి మధ్య గొడవ ఎందుకొచ్విందో,0.0,అసలు వీరి మధ్య గొడవ ఎందుకొచ్విందో,0.0,అసలు వీరి మధ్య గొడవ ఎందుకొచ్విందో
ఆ నిందలవల్ల అతనికి మరణ శిక్షపడొచ్చు,0.0,ఆ నిందలవల్త అతనికి మరణ శిక్షపడొచ్వు,0.0,ఆ నిందలవల్గ అతనికి మరణ శిక్షపడొచ్సు,0.0,ఆ నిందలవల్ధ అతనికి మరణ శిక్షపడొచ్వు,0.0,ఆ నిందలవల్ధ అతనికి మరణ శిక్షపడొచ్సు
దీంతో కర్ణాటకకు అదనంగా టీఎంసీల నీరు మిగలనుంది,0.0,దీంతో కర్ణాటకకు అదనంగా టీఎంసీల నీరు మిగలనుంది,0.0,దీంతో కర్ణాటకకు అదనంగా టీఎంసీల నీరు మిగలనుంది,0.0,దీంతో కర్ణాటకకు అదనంగా టీఎంసీల నీరు మిగలనుంది,0.0,దీంతో కర్ణాటకకు అదనంగా టీఎంసీల నీరు మిగలనుంది
మానవులు కూడా ప్లాస్టిక్ కాలుష్యం ద్వారా వివిధ హార్మోన్ల విధానాల అంతరాయం ద్వారా ప్రభావితమవుతారు,0.0,మానవులు కూడా ప్తాస్టిక్ కాలుష్యం ద్యారా వివిధ హార్శోన్గ విధానాల అంతరాయం ద్యారా ప్రభావితమవుతారు,0.0,మానవులు కూడా ప్ధాస్టిక్ కాలుష్యం ద్చారా వివిధ హార్శోన్త విధానాల అంతరాయం ద్నారా ప్రభావితమవుతారు,0.0,మానవులు కూడా ప్గాస్టిక్ కాలుష్యం ద్పారా వివిధ హార్శోన్ధ విధానాల అంతరాయం ద్నారా ప్రభావితమవుతారు,0.0,మానవులు కూడా ప్ధాస్టిక్ కాలుష్యం ద్చారా వివిధ హార్శోన్త విధానాల అంతరాయం ద్యారా ప్రభావితమవుతారు
రోహిత్ శర్మ బంతుల్లో పరుగులు చేశాడు,0.0,రోహిత్ శర్శ బంతుల్ధో పరుగులు చేశాడు,0.0,రోహిత్ శర్శ బంతుల్గో పరుగులు చేశాడు,0.0,రోహిత్ శర్శ బంతుల్ధో పరుగులు చేశాడు,0.0,రోహిత్ శర్శ బంతుల్గో పరుగులు చేశాడు
రంగు స్కీమును సరికూర్చు,0.0,రంగు స్కీమును సరికూర్వు,0.0,రంగు స్కీమును సరికూర్సు,0.0,రంగు స్కీమును సరికూర్వు,0.0,రంగు స్కీమును సరికూర్సు
వర్సిటీలన్నీ పరీక్షలను వాయిదా వేశాయి,0.0,వర్పిటీలన్పీ పరీక్షలను వాయిదా వేశాయి,0.0,వర్పిటీలన్పీ పరీక్షలను వాయిదా వేశాయి,0.0,వర్నిటీలన్వీ పరీక్షలను వాయిదా వేశాయి,0.0,వర్పిటీలన్పీ పరీక్షలను వాయిదా వేశాయి
ప్రపంచ దేశాలన్నీ కలిసికట్టుగా పని చేసి ఉగ్రవాదాన్ని అరికట్టాల్సిన అవసరం ఎంతైనా ఉందని పేర్కొన్నారు,0.0,ప్రపంచ దేశాలన్పీ కలిసికట్టుగా పని చేసి ఉగ్రవాదాన్పి అరికట్టాల్చిన అవసరం ఎంతైనా ఉందని పేర్కొన్పారు,0.0,ప్రపంచ దేశాలన్పీ కలిసికట్టుగా పని చేసి ఉగ్రవాదాన్వి అరికట్టాల్పిన అవసరం ఎంతైనా ఉందని పేర్కొన్వారు,0.0,ప్రపంచ దేశాలన్పీ కలిసికట్టుగా పని చేసి ఉగ్రవాదాన్వి అరికట్టాల్చిన అవసరం ఎంతైనా ఉందని పేర్కొన్వారు,0.0,ప్రపంచ దేశాలన్వీ కలిసికట్టుగా పని చేసి ఉగ్రవాదాన్వి అరికట్టాల్విన అవసరం ఎంతైనా ఉందని పేర్కొన్వారు
డబ్బులు లేవన్నారు మరి ఇంత ఖర్చు హౌ,0.0,డబ్బులు లేవన్వారు మరి ఇంత ఖర్సు హౌ,0.0,డబ్బులు లేవన్పారు మరి ఇంత ఖర్వు హౌ,0.0,డబ్బులు లేవన్పారు మరి ఇంత ఖర్సు హౌ,0.0,డబ్బులు లేవన్వారు మరి ఇంత ఖర్సు హౌ
దేశం లోని ముస్లింలకు వ్యతిరేకంగా వారిని లక్షంగా చేసుకున్నదే ఎన్ఆర్సిగా ఆమె ఆరోపించారు,0.0,దేశం లోని ముస్గింలకు వ్యతిరేకంగా వారిని లక్షంగా చేసుకున్వదే ఎన్ఆర్విగా ఆమె ఆరోపించారు,0.0,దేశం లోని ముస్గింలకు వ్యతిరేకంగా వారిని లక్షంగా చేసుకున్పదే ఎన్ఆర్విగా ఆమె ఆరోపించారు,0.0,దేశం లోని ముస్ధింలకు వ్యతిరేకంగా వారిని లక్షంగా చేసుకున్వదే ఎన్ఆర్విగా ఆమె ఆరోపించారు,0.0,దేశం లోని ముస్గింలకు వ్యతిరేకంగా వారిని లక్షంగా చేసుకున్పదే ఎన్ఆర్చిగా ఆమె ఆరోపించారు
ఈ సందర్భంగా మరో విషయం చెప్పాలనుకుంటున్నా,0.0,ఈ సందర్భంగా మరో విషయం చెప్యాలనుకుంటున్వా,0.0,ఈ సందర్భంగా మరో విషయం చెప్యాలనుకుంటున్పా,0.0,ఈ సందర్భంగా మరో విషయం చెప్యాలనుకుంటున్వా,0.0,ఈ సందర్భంగా మరో విషయం చెప్సాలనుకుంటున్పా
తలచుకుంటూ మౌనం దాల్చాడు,0.0,తలచుకుంటూ మౌనం దాల్వాడు,0.0,తలచుకుంటూ మౌనం దాల్సాడు,0.0,తలచుకుంటూ మౌనం దాల్వాడు,0.0,తలచుకుంటూ మౌనం దాల్సాడు
కాంగ్రెసు పార్టీకీ పార్లమెంటు సభ్యత్వానికి రాజీనామా చేసి ఆయన వైయస్సార్ కాంగ్రెసు పార్టీలో చేరారు,0.0,కాంగ్రెసు పార్టీకీ పార్ధమెంటు సభ్యత్పానికి రాజీనామా చేసి ఆయన వైయస్పార్ కాంగ్రెసు పార్టీలో చేరారు,0.0,కాంగ్రెసు పార్టీకీ పార్తమెంటు సభ్యత్సానికి రాజీనామా చేసి ఆయన వైయస్నార్ కాంగ్రెసు పార్టీలో చేరారు,0.0,కాంగ్రెసు పార్టీకీ పార్గమెంటు సభ్యత్చానికి రాజీనామా చేసి ఆయన వైయస్చార్ కాంగ్రెసు పార్టీలో చేరారు,0.0,కాంగ్రెసు పార్టీకీ పార్ధమెంటు సభ్యత్చానికి రాజీనామా చేసి ఆయన వైయస్పార్ కాంగ్రెసు పార్టీలో చేరారు
లక్షల వరకు చోరీకి గురైనట్లు బాధిత కుటుంబం పోలీసులకు ఇచ్చిన ఫిర్యాదులో పేర్కొంది,0.0,లక్షల వరకు చోరీకి గురైనట్ధు బాధిత కుటుంబం పోలీసులకు ఇచ్విన ఫిర్యాదులో పేర్కొంది,0.0,లక్షల వరకు చోరీకి గురైనట్గు బాధిత కుటుంబం పోలీసులకు ఇచ్సిన ఫిర్యాదులో పేర్కొంది,0.0,లక్షల వరకు చోరీకి గురైనట్గు బాధిత కుటుంబం పోలీసులకు ఇచ్సిన ఫిర్యాదులో పేర్కొంది,0.0,లక్షల వరకు చోరీకి గురైనట్ధు బాధిత కుటుంబం పోలీసులకు ఇచ్సిన ఫిర్యాదులో పేర్కొంది
తెలంగాణలో మంది ఎంపీలు,0.0,తెలంగాణలో మంది ఎంపీలు,0.0,తెలంగాణలో మంది ఎంపీలు,0.0,తెలంగాణలో మంది ఎంపీలు,0.0,తెలంగాణలో మంది ఎంపీలు
ఉగాది శుభాకాంక్షలు తెలిపిన మోడీ,0.0,ఉగాది శుభాకాంక్షలు తెలిపిన మోడీ,0.0,ఉగాది శుభాకాంక్షలు తెలిపిన మోడీ,0.0,ఉగాది శుభాకాంక్షలు తెలిపిన మోడీ,0.0,ఉగాది శుభాకాంక్షలు తెలిపిన మోడీ
మరలా కలుద్దాం,0.0,మరలా కలుద్ధాం,0.0,మరలా కలుద్ధాం,0.0,మరలా కలుద్ ాం,0.0,మరలా కలుద్డాం
చెన్నై బౌలర్లపైనా ధోని ప్రశంసలు,0.0,చెన్పై బౌలర్తపైనా ధోని ప్రశంసలు,0.0,చెన్వై బౌలర్తపైనా ధోని ప్రశంసలు,0.0,చెన్పై బౌలర్ధపైనా ధోని ప్రశంసలు,0.0,చెన్వై బౌలర్తపైనా ధోని ప్రశంసలు
రైతులను ప్రభుత్వం గౌరవంగా చూసుకోవాలి,0.0,రైతులను ప్రభుత్సం గౌరవంగా చూసుకోవాలి,0.0,రైతులను ప్రభుత్నం గౌరవంగా చూసుకోవాలి,0.0,రైతులను ప్రభుత్నం గౌరవంగా చూసుకోవాలి,0.0,రైతులను ప్రభుత్పం గౌరవంగా చూసుకోవాలి
ఆమె ఆత్మహత్య చేసుకున్న వీడియోను రికార్డ్ చేసి తన ప్రియుడు అతని కుటుంబానికి పంపినట్లు తెలిసింది,0.0,ఆమె ఆత్శహత్య చేసుకున్వ వీడియోను రికార్ద్ చేసి తన ప్రియుడు అతని కుటుంబానికి పంపినట్తు తెలిసింది,0.0,ఆమె ఆత్శహత్య చేసుకున్వ వీడియోను రికార్ద్ చేసి తన ప్రియుడు అతని కుటుంబానికి పంపినట్గు తెలిసింది,0.0,ఆమె ఆత్శహత్య చేసుకున్వ వీడియోను రికార్ధ్ చేసి తన ప్రియుడు అతని కుటుంబానికి పంపినట్తు తెలిసింది,0.0,ఆమె ఆత్శహత్య చేసుకున్ప వీడియోను రికార్ధ్ చేసి తన ప్రియుడు అతని కుటుంబానికి పంపినట్గు తెలిసింది
కొద్దినెలల్లో ముత్యం ఈ మూసం ఆకారంలో రూపు దిద్దుకుని ముత్యపు చిప్ప నుండి బయటపడుతుంది,0.0,కొద్ ినెలల్తో ముత్యం ఈ మూసం ఆకారంలో రూపు దిద్ ుకుని ముత్యపు చిప్న నుండి బయటపడుతుంది,0.0,కొద్ ినెలల్గో ముత్యం ఈ మూసం ఆకారంలో రూపు దిద్ ుకుని ముత్యపు చిప్న నుండి బయటపడుతుంది,0.0,కొద్డినెలల్తో ముత్యం ఈ మూసం ఆకారంలో రూపు దిద్ ుకుని ముత్యపు చిప్న నుండి బయటపడుతుంది,0.0,కొద్డినెలల్గో ముత్యం ఈ మూసం ఆకారంలో రూపు దిద్ధుకుని ముత్యపు చిప్య నుండి బయటపడుతుంది
అప్పుడు కూడా కేసు బుక్ అయింది,0.0,అప్యుడు కూడా కేసు బుక్ అయింది,0.0,అప్వుడు కూడా కేసు బుక్ అయింది,0.0,అప్వుడు కూడా కేసు బుక్ అయింది,0.0,అప్వుడు కూడా కేసు బుక్ అయింది
ఆమె అలా బాధించింది మరియు ఆవిధంగా జరిగినది,0.0,ఆమె అలా బాధించింది మరియు ఆవిధంగా జరిగినది,0.0,ఆమె అలా బాధించింది మరియు ఆవిధంగా జరిగినది,0.0,ఆమె అలా బాధించింది మరియు ఆవిధంగా జరిగినది,0.0,ఆమె అలా బాధించింది మరియు ఆవిధంగా జరిగినది
వెంకి నెక్ట్స్ ఏంటి,0.0,వెంకి నెక్ట్ప్ ఏంటి,0.0,వెంకి నెక్ట్ప్ ఏంటి,0.0,వెంకి నెక్ట్ప్ ఏంటి,0.0,వెంకి నెక్ట్వ్ ఏంటి
ఇలాంటి సంఘటన చాలా బాధాకరమని ఆయన అన్నారు,0.0,ఇలాంటి సంఘటన చాలా బాధాకరమని ఆయన అన్వారు,0.0,ఇలాంటి సంఘటన చాలా బాధాకరమని ఆయన అన్పారు,0.0,ఇలాంటి సంఘటన చాలా బాధాకరమని ఆయన అన్పారు,0.0,ఇలాంటి సంఘటన చాలా బాధాకరమని ఆయన అన్పారు
స్నేహితులతో పడకపోవటం,0.0,స్నేహితులతో పడకపోవటం,0.0,స్నేహితులతో పడకపోవటం,0.0,స్నేహితులతో పడకపోవటం,0.0,స్నేహితులతో పడకపోవటం
కేసులో సంబంధమున్న మరో ముగ్గురు పరారీలో ఉన్నారని అన్నారు,0.0,కేసులో సంబంధమున్వ మరో ముగ్లురు పరారీలో ఉన్వారని అన్పారు,0.0,కేసులో సంబంధమున్ప మరో ముగ్ధురు పరారీలో ఉన్పారని అన్పారు,0.0,కేసులో సంబంధమున్ప మరో ముగ్లురు పరారీలో ఉన్వారని అన్వారు,0.0,కేసులో సంబంధమున్ప మరో ముగ్ఠురు పరారీలో ఉన్పారని అన్వారు
మానసిక చికిత్స,0.0,మానసిక చికిత్చ,0.0,మానసిక చికిత్చ,0.0,మానసిక చికిత్న,0.0,మానసిక చికిత్ప
ప్రతిష్టాత్మకంగా రూపొందిస్తున్న సినిమాకు సంబంధించి దర్శకుడు ఎస్ఎస్ రాజమౌళికి మరోసారి చుక్కెదురైంది,0.0,ప్రతిష్టాత్శకంగా రూపొందిస్లున్వ సినిమాకు సంబంధించి దర్మకుడు ఎస్ఎస్ రాజమౌళికి మరోసారి చుక్కెదురైంది,0.0,ప్రతిష్టాత్శకంగా రూపొందిస్లున్వ సినిమాకు సంబంధించి దర్మకుడు ఎస్ఎస్ రాజమౌళికి మరోసారి చుక్కెదురైంది,0.0,ప్రతిష్టాత్శకంగా రూపొందిస్లున్ప సినిమాకు సంబంధించి దర్మకుడు ఎస్ఎస్ రాజమౌళికి మరోసారి చుక్కెదురైంది,0.0,ప్రతిష్టాత్శకంగా రూపొందిస్లున్వ సినిమాకు సంబంధించి దర్మకుడు ఎస్ఎస్ రాజమౌళికి మరోసారి చుక్కెదురైంది
లక్షా వేలు డ్రా అయ్యాయి,0.0,లక్షా వేలు డ్రా అయ్యాయి,0.0,లక్షా వేలు డ్రా అయ్యాయి,0.0,లక్షా వేలు డ్రా అయ్యాయి,0.0,లక్షా వేలు డ్రా అయ్యాయి
అమెరికా పోలీసులు ఏంటి,0.0,అమెరికా పోలీసులు ఏంటి,0.0,అమెరికా పోలీసులు ఏంటి,0.0,అమెరికా పోలీసులు ఏంటి,0.0,అమెరికా పోలీసులు ఏంటి
కిన్నాల్ లక్క వస్తువులకు ఎంతో డిమాండ్ కలదు,0.0,కిన్వాల్ లక్క వస్లువులకు ఎంతో డిమాండ్ కలదు,0.0,కిన్పాల్ లక్క వస్లువులకు ఎంతో డిమాండ్ కలదు,0.0,కిన్పాల్ లక్క వస్లువులకు ఎంతో డిమాండ్ కలదు,0.0,కిన్పాల్ లక్క వస్లువులకు ఎంతో డిమాండ్ కలదు
కేవలం రాజకీయంగా ఆయనకే అయితే పర్వాలేదు,0.0,కేవలం రాజకీయంగా ఆయనకే అయితే పర్నాలేదు,0.0,కేవలం రాజకీయంగా ఆయనకే అయితే పర్పాలేదు,0.0,కేవలం రాజకీయంగా ఆయనకే అయితే పర్పాలేదు,0.0,కేవలం రాజకీయంగా ఆయనకే అయితే పర్చాలేదు
అయితే రుణం తీసుకునే ముందు మాత్రం కొన్ని విషయాలు తప్పని సరిగా తెలుసుకోవాలి,0.0,అయితే రుణం తీసుకునే ముందు మాత్రం కొన్వి విషయాలు తప్యని సరిగా తెలుసుకోవాలి,0.0,అయితే రుణం తీసుకునే ముందు మాత్రం కొన్వి విషయాలు తప్నని సరిగా తెలుసుకోవాలి,0.0,అయితే రుణం తీసుకునే ముందు మాత్రం కొన్వి విషయాలు తప్సని సరిగా తెలుసుకోవాలి,0.0,అయితే రుణం తీసుకునే ముందు మాత్రం కొన్పి విషయాలు తప్సని సరిగా తెలుసుకోవాలి
అదే విధంగా మెమరీ పవర్ పెంచుతుంది,0.0,అదే విధంగా మెమరీ పవర్ పెంచుతుంది,0.0,అదే విధంగా మెమరీ పవర్ పెంచుతుంది,0.0,అదే విధంగా మెమరీ పవర్ పెంచుతుంది,0.0,అదే విధంగా మెమరీ పవర్ పెంచుతుంది
అయితే ఈ మూవీ మరీ గ్రాంథికంగా ఉందనే విమర్శలు కూడా వస్తున్నాయి,0.0,అయితే ఈ మూవీ మరీ గ్రాంథికంగా ఉందనే విమర్మలు కూడా వస్లున్వాయి,0.0,అయితే ఈ మూవీ మరీ గ్రాంథికంగా ఉందనే విమర్మలు కూడా వస్లున్వాయి,0.0,అయితే ఈ మూవీ మరీ గ్రాంథికంగా ఉందనే విమర్మలు కూడా వస్లున్పాయి,0.0,అయితే ఈ మూవీ మరీ గ్రాంథికంగా ఉందనే విమర్మలు కూడా వస్లున్వాయి
ఉత్తమ నేపథ్య గాయకుడు ఫిమేల్ సుల్తాన్ నుండి జాగ్ గోమయ కోసం నేహా భాసిన్,0.0,ఉత్లమ నేపథ్య గాయకుడు ఫిమేల్ సుల్లాన్ నుండి జాగ్ గోమయ కోసం నేహా భాసిన్,0.0,ఉత్లమ నేపథ్య గాయకుడు ఫిమేల్ సుల్లాన్ నుండి జాగ్ గోమయ కోసం నేహా భాసిన్,0.0,ఉత్లమ నేపథ్య గాయకుడు ఫిమేల్ సుల్లాన్ నుండి జాగ్ గోమయ కోసం నేహా భాసిన్,0.0,ఉత్లమ నేపథ్య గాయకుడు ఫిమేల్ సుల్లాన్ నుండి జాగ్ గోమయ కోసం నేహా భాసిన్
అగ్నిమాపక విభాగం,0.0,అగ్పిమాపక విభాగం,0.0,అగ్పిమాపక విభాగం,0.0,అగ్విమాపక విభాగం,0.0,అగ్పిమాపక విభాగం
ఈశాన్య రాష్ట్రాల్లో సీట్లు ఉన్నాయి,0.0,ఈశాన్య రాష్ట్రాల్తో సీట్తు ఉన్వాయి,0.0,ఈశాన్య రాష్ట్రాల్తో సీట్గు ఉన్పాయి,0.0,ఈశాన్య రాష్ట్రాల్తో సీట్ధు ఉన్వాయి,0.0,ఈశాన్య రాష్ట్రాల్తో సీట్గు ఉన్పాయి
ఆ తర్వాత మిగితా దేశాల్లోనూ అందుబాటులోకి రానుంది,0.0,ఆ తర్సాత మిగితా దేశాల్ధోనూ అందుబాటులోకి రానుంది,0.0,ఆ తర్యాత మిగితా దేశాల్గోనూ అందుబాటులోకి రానుంది,0.0,ఆ తర్పాత మిగితా దేశాల్తోనూ అందుబాటులోకి రానుంది,0.0,ఆ తర్సాత మిగితా దేశాల్గోనూ అందుబాటులోకి రానుంది
ఒక వైద్యుడిని సంప్రదించిన అవసరం,0.0,ఒక వైద్యుడిని సంప్రదించిన అవసరం,0.0,ఒక వైద్యుడిని సంప్రదించిన అవసరం,0.0,ఒక వైద్యుడిని సంప్రదించిన అవసరం,0.0,ఒక వైద్యుడిని సంప్రదించిన అవసరం
ఈ జాబితాలో రెండవ స్థానంలో ఉన్నది మారుతి సుజుకి స్విఫ్ట్,0.0,ఈ జాబితాలో రెండవ స్థానంలో ఉన్పది మారుతి సుజుకి స్సిఫ్ట్,0.0,ఈ జాబితాలో రెండవ స్థానంలో ఉన్పది మారుతి సుజుకి స్పిఫ్ట్,0.0,ఈ జాబితాలో రెండవ స్థానంలో ఉన్పది మారుతి సుజుకి స్పిఫ్ట్,0.0,ఈ జాబితాలో రెండవ స్థానంలో ఉన్వది మారుతి సుజుకి స్చిఫ్ట్
అందువలన ఎంచుకోవడం ఉన్నప్పుడు జాగ్రత్తపడు,0.0,అందువలన ఎంచుకోవడం ఉన్వప్యుడు జాగ్రత్లపడు,0.0,అందువలన ఎంచుకోవడం ఉన్పప్వుడు జాగ్రత్లపడు,0.0,అందువలన ఎంచుకోవడం ఉన్వప్వుడు జాగ్రత్లపడు,0.0,అందువలన ఎంచుకోవడం ఉన్వప్నుడు జాగ్రత్లపడు
కాబట్టి ఇది ఒక ఎంచుకోవడానికి,0.0,కాబట్టి ఇది ఒక ఎంచుకోవడానికి,0.0,కాబట్టి ఇది ఒక ఎంచుకోవడానికి,0.0,కాబట్టి ఇది ఒక ఎంచుకోవడానికి,0.0,కాబట్టి ఇది ఒక ఎంచుకోవడానికి
తాయెత్తు ఏమైందీ,0.0,తాయెత్లు ఏమైందీ,0.0,తాయెత్లు ఏమైందీ,0.0,తాయెత్లు ఏమైందీ,0.0,తాయెత్లు ఏమైందీ
వీటి ధర కూడా అదిరిపోతుంది,0.0,వీటి ధర కూడా అదిరిపోతుంది,0.0,వీటి ధర కూడా అదిరిపోతుంది,0.0,వీటి ధర కూడా అదిరిపోతుంది,0.0,వీటి ధర కూడా అదిరిపోతుంది
ఈ సంగతులనుగూర్చి సాక్ష్యమిచ్చుచు ఇవి వ్రాసిన శిష్యుడు ఇతడే ఇతని సాక్ష్యము సత్యమని యెరుగుదుము,0.0,ఈ సంగతులనుగూర్సి సాక్ష్యమిచ్సుచు ఇవి వ్రాసిన శిష్యుడు ఇతడే ఇతని సాక్ష్యము సత్యమని యెరుగుదుము,0.0,ఈ సంగతులనుగూర్సి సాక్ష్యమిచ్సుచు ఇవి వ్రాసిన శిష్యుడు ఇతడే ఇతని సాక్ష్యము సత్యమని యెరుగుదుము,0.0,ఈ సంగతులనుగూర్వి సాక్ష్యమిచ్వుచు ఇవి వ్రాసిన శిష్యుడు ఇతడే ఇతని సాక్ష్యము సత్యమని యెరుగుదుము,0.0,ఈ సంగతులనుగూర్సి సాక్ష్యమిచ్వుచు ఇవి వ్రాసిన శిష్యుడు ఇతడే ఇతని సాక్ష్యము సత్యమని యెరుగుదుము
అతనితో ఏం మాట్లాడితే ఏం గొడవో తెలియదు,0.0,అతనితో ఏం మాట్గాడితే ఏం గొడవో తెలియదు,0.0,అతనితో ఏం మాట్ధాడితే ఏం గొడవో తెలియదు,0.0,అతనితో ఏం మాట్ధాడితే ఏం గొడవో తెలియదు,0.0,అతనితో ఏం మాట్తాడితే ఏం గొడవో తెలియదు
పోలవరం ప్రాజెక్టు పనులను పరిశీలించారు,0.0,పోలవరం ప్రాజెక్టు పనులను పరిశీలించారు,0.0,పోలవరం ప్రాజెక్టు పనులను పరిశీలించారు,0.0,పోలవరం ప్రాజెక్టు పనులను పరిశీలించారు,0.0,పోలవరం ప్రాజెక్టు పనులను పరిశీలించారు
నిజానికి పాకిస్తాన్ ఎప్పుడు గానీ జమ్మూ కాశ్మీర్ ను ఇండియన్ స్టేట్ గా గుర్తించలేదు,0.0,నిజానికి పాకిస్లాన్ ఎప్నుడు గానీ జమ్శూ కాశ్శీర్ ను ఇండియన్ స్టేట్ గా గుర్లించలేదు,0.0,నిజానికి పాకిస్లాన్ ఎప్వుడు గానీ జమ్శూ కాశ్శీర్ ను ఇండియన్ స్టేట్ గా గుర్లించలేదు,0.0,నిజానికి పాకిస్లాన్ ఎప్వుడు గానీ జమ్శూ కాశ్శీర్ ను ఇండియన్ స్టేట్ గా గుర్లించలేదు,0.0,నిజానికి పాకిస్లాన్ ఎప్నుడు గానీ జమ్శూ కాశ్శీర్ ను ఇండియన్ స్టేట్ గా గుర్లించలేదు
కోట్లు వెచ్చించాల్సి ఉంటుంది,0.0,కోట్గు వెచ్సించాల్పి ఉంటుంది,0.0,కోట్తు వెచ్వించాల్ని ఉంటుంది,0.0,కోట్ధు వెచ్వించాల్ని ఉంటుంది,0.0,కోట్గు వెచ్సించాల్ని ఉంటుంది
ఈ శీర్షికలను ప్రయత్నించండి,0.0,ఈ శీర్షికలను ప్రయత్వించండి,0.0,ఈ శీర్షికలను ప్రయత్వించండి,0.0,ఈ శీర్షికలను ప్రయత్వించండి,0.0,ఈ శీర్షికలను ప్రయత్వించండి
ఆమె నన్ను చూసి నవ్వింది,0.0,ఆమె నన్వు చూసి నవ్యింది,0.0,ఆమె నన్వు చూసి నవ్యింది,0.0,ఆమె నన్పు చూసి నవ్చింది,0.0,ఆమె నన్వు చూసి నవ్చింది
అంతా ఇక్కడే ఉన్నారు,0.0,అంతా ఇక్కడే ఉన్పారు,0.0,అంతా ఇక్కడే ఉన్వారు,0.0,అంతా ఇక్కడే ఉన్వారు,0.0,అంతా ఇక్కడే ఉన్వారు
దేశంలోని ఇతర ముఖ్యమైన జట్టు క్రీడ హ్యాండ్బాల్,0.0,దేశంలోని ఇతర ముఖ్యమైన జట్టు క్రీడ హ్యాండ్బాల్,0.0,దేశంలోని ఇతర ముఖ్యమైన జట్టు క్రీడ హ్యాండ్బాల్,0.0,దేశంలోని ఇతర ముఖ్యమైన జట్టు క్రీడ హ్యాండ్బాల్,0.0,దేశంలోని ఇతర ముఖ్యమైన జట్టు క్రీడ హ్యాండ్బాల్
వూ అనడంలో ఒక చమత్కారం వచ్చింది,0.0,వూ అనడంలో ఒక చమత్కారం వచ్వింది,0.0,వూ అనడంలో ఒక చమత్కారం వచ్సింది,0.0,వూ అనడంలో ఒక చమత్కారం వచ్వింది,0.0,వూ అనడంలో ఒక చమత్కారం వచ్వింది
దీనివల్ల డిజిటల్ లావాదేవీలు సులభమవుతాయి,0.0,దీనివల్ధ డిజిటల్ లావాదేవీలు సులభమవుతాయి,0.0,దీనివల్గ డిజిటల్ లావాదేవీలు సులభమవుతాయి,0.0,దీనివల్గ డిజిటల్ లావాదేవీలు సులభమవుతాయి,0.0,దీనివల్ధ డిజిటల్ లావాదేవీలు సులభమవుతాయి
ప్రతీ రోజూ స్కూల్కి వెళుతున్నట్టే ఉండేది,0.0,ప్రతీ రోజూ స్కూల్కి వెళుతున్వట్టే ఉండేది,0.0,ప్రతీ రోజూ స్కూల్కి వెళుతున్వట్టే ఉండేది,0.0,ప్రతీ రోజూ స్కూల్కి వెళుతున్వట్టే ఉండేది,0.0,ప్రతీ రోజూ స్కూల్కి వెళుతున్వట్టే ఉండేది
అంతేగాక చట్టబద్ధ ద్రవ్యనిష్పత్తి ఎస్ఎల్ఆర్ని రిజర్వ్ బ్యాంక్ ఆఫ్ ఇండియా ఆర్బిఐ అర శాతం తగ్గించడం కూడా మార్కెట్ సెంటిమెంట్ను బలపరిచింది,0.0,అంతేగాక చట్టబద్ద ద్రవ్యనిష్యత్లి ఎస్ఎల్ఆర్పి రిజర్న్ బ్యాంక్ ఆఫ్ ఇండియా ఆర్బిఐ అర శాతం తగ్లించడం కూడా మార్కెట్ సెంటిమెంట్పు బలపరిచింది,0.0,అంతేగాక చట్టబద్గ ద్రవ్యనిష్నత్లి ఎస్ఎల్ఆర్పి రిజర్న్ బ్యాంక్ ఆఫ్ ఇండియా ఆర్బిఐ అర శాతం తగ్ఠించడం కూడా మార్కెట్ సెంటిమెంట్వు బలపరిచింది,0.0,అంతేగాక చట్టబద్ల ద్రవ్యనిష్నత్లి ఎస్ఎల్ఆర్పి రిజర్య్ బ్యాంక్ ఆఫ్ ఇండియా ఆర్బిఐ అర శాతం తగ్ధించడం కూడా మార్కెట్ సెంటిమెంట్పు బలపరిచింది,0.0,అంతేగాక చట్టబద్గ ద్రవ్యనిష్నత్లి ఎస్ఎల్ఆర్పి రిజర్న్ బ్యాంక్ ఆఫ్ ఇండియా ఆర్బిఐ అర శాతం తగ్ధించడం కూడా మార్కెట్ సెంటిమెంట్వు బలపరిచింది
వారు సాధారణంగా చంకలలో లో మెడ మీద కనిపిస్తాయి పిరుదులు మరియు మానము లో,0.0,వారు సాధారణంగా చంకలలో లో మెడ మీద కనిపిస్లాయి పిరుదులు మరియు మానము లో,0.0,వారు సాధారణంగా చంకలలో లో మెడ మీద కనిపిస్లాయి పిరుదులు మరియు మానము లో,0.0,వారు సాధారణంగా చంకలలో లో మెడ మీద కనిపిస్లాయి పిరుదులు మరియు మానము లో,0.0,వారు సాధారణంగా చంకలలో లో మెడ మీద కనిపిస్లాయి పిరుదులు మరియు మానము లో
మరికొన్ని అదేబాటలో పయనిస్తున్నాయి,0.0,మరికొన్వి అదేబాటలో పయనిస్లున్వాయి,0.0,మరికొన్పి అదేబాటలో పయనిస్లున్వాయి,0.0,మరికొన్పి అదేబాటలో పయనిస్లున్వాయి,0.0,మరికొన్పి అదేబాటలో పయనిస్లున్వాయి
ఈ ప్లాను బాగానే వున్నట్టుంది,0.0,ఈ ప్ధాను బాగానే వున్వట్టుంది,0.0,ఈ ప్తాను బాగానే వున్పట్టుంది,0.0,ఈ ప్ధాను బాగానే వున్పట్టుంది,0.0,ఈ ప్ధాను బాగానే వున్వట్టుంది
హరీష్ శర్మ,0.0,హరీష్ శర్శ,0.0,హరీష్ శర్శ,0.0,హరీష్ శర్శ,0.0,హరీష్ శర్శ
అందుకే అతనికి హిట్ దక్కింది,0.0,అందుకే అతనికి హిట్ దక్కింది,0.0,అందుకే అతనికి హిట్ దక్కింది,0.0,అందుకే అతనికి హిట్ దక్కింది,0.0,అందుకే అతనికి హిట్ దక్కింది
పుణ్యస్నానాలు ఆచరిస్తున్న భక్తులు,0.0,పుణ్యస్వానాలు ఆచరిస్లున్వ భక్లులు,0.0,పుణ్యస్పానాలు ఆచరిస్లున్వ భక్లులు,0.0,పుణ్యస్పానాలు ఆచరిస్లున్ప భక్లులు,0.0,పుణ్యస్వానాలు ఆచరిస్లున్ప భక్లులు
మూడో రోజు చనిపోయాడంట,0.0,మూడో రోజు చనిపోయాడంట,0.0,మూడో రోజు చనిపోయాడంట,0.0,మూడో రోజు చనిపోయాడంట,0.0,మూడో రోజు చనిపోయాడంట
థామస్ మెర్టోన్,0.0,థామస్ మెర్టోన్,0.0,థామస్ మెర్టోన్,0.0,థామస్ మెర్టోన్,0.0,థామస్ మెర్టోన్
హేతుబద్ధతలేని వాదన,0.0,హేతుబద్గతలేని వాదన,0.0,హేతుబద్గతలేని వాదన,0.0,హేతుబద్గతలేని వాదన,0.0,హేతుబద్గతలేని వాదన
కోట్ల భారం పడనుంది,0.0,కోట్గ భారం పడనుంది,0.0,కోట్త భారం పడనుంది,0.0,కోట్గ భారం పడనుంది,0.0,కోట్గ భారం పడనుంది
స్థానాలలో బీజేపీకి అభ్యర్థులు ఉన్నారా,0.0,స్థానాలలో బీజేపీకి అభ్యర్థులు ఉన్వారా,0.0,స్థానాలలో బీజేపీకి అభ్యర్థులు ఉన్పారా,0.0,స్థానాలలో బీజేపీకి అభ్యర్థులు ఉన్పారా,0.0,స్థానాలలో బీజేపీకి అభ్యర్థులు ఉన్పారా
రాష్ట్రంలో అరాచక పాలన సాగుతోందన్నారు,0.0,రాష్ట్రంలో అరాచక పాలన సాగుతోందన్పారు,0.0,రాష్ట్రంలో అరాచక పాలన సాగుతోందన్పారు,0.0,రాష్ట్రంలో అరాచక పాలన సాగుతోందన్వారు,0.0,రాష్ట్రంలో అరాచక పాలన సాగుతోందన్పారు
మనిషి శరీరంలో అత్యంత కీలకమైన అవయవం గుండె,0.0,మనిషి శరీరంలో అత్యంత కీలకమైన అవయవం గుండె,0.0,మనిషి శరీరంలో అత్యంత కీలకమైన అవయవం గుండె,0.0,మనిషి శరీరంలో అత్యంత కీలకమైన అవయవం గుండె,0.0,మనిషి శరీరంలో అత్యంత కీలకమైన అవయవం గుండె
లొలుగులో ఉన్న ఒక ప్రాథమిక ఆరోగ్య ఉప కేంద్రంలో డాక్టర్లు లేరు,0.0,లొలుగులో ఉన్ప ఒక ప్రాథమిక ఆరోగ్య ఉప కేంద్రంలో డాక్టర్గు లేరు,0.0,లొలుగులో ఉన్వ ఒక ప్రాథమిక ఆరోగ్య ఉప కేంద్రంలో డాక్టర్గు లేరు,0.0,లొలుగులో ఉన్వ ఒక ప్రాథమిక ఆరోగ్య ఉప కేంద్రంలో డాక్టర్తు లేరు,0.0,లొలుగులో ఉన్ప ఒక ప్రాథమిక ఆరోగ్య ఉప కేంద్రంలో డాక్టర్ధు లేరు
ఒక్క చోట కూడా విజయం సాధించలేదు,0.0,ఒక్క చోట కూడా విజయం సాధించలేదు,0.0,ఒక్క చోట కూడా విజయం సాధించలేదు,0.0,ఒక్క చోట కూడా విజయం సాధించలేదు,0.0,ఒక్క చోట కూడా విజయం సాధించలేదు
మేము ఆ మహిళలు ఎవరు ఖచ్చితంగా తెలియదు,0.0,మేము ఆ మహిళలు ఎవరు ఖచ్వితంగా తెలియదు,0.0,మేము ఆ మహిళలు ఎవరు ఖచ్సితంగా తెలియదు,0.0,మేము ఆ మహిళలు ఎవరు ఖచ్సితంగా తెలియదు,0.0,మేము ఆ మహిళలు ఎవరు ఖచ్సితంగా తెలియదు
అందరి చెట్లకు కాయవు,0.0,అందరి చెట్ధకు కాయవు,0.0,అందరి చెట్ధకు కాయవు,0.0,అందరి చెట్గకు కాయవు,0.0,అందరి చెట్ధకు కాయవు
కార్మిక చట్టాల సవరణలు ఆపాలి సీఐటీయూ,0.0,కార్శిక చట్టాల సవరణలు ఆపాలి సీఐటీయూ,0.0,కార్శిక చట్టాల సవరణలు ఆపాలి సీఐటీయూ,0.0,కార్శిక చట్టాల సవరణలు ఆపాలి సీఐటీయూ,0.0,కార్శిక చట్టాల సవరణలు ఆపాలి సీఐటీయూ
ఆచార్య శ్రీ పురుషోత్తంప్రియదాస్ జీ స్వామిశ్రీ మహారాజ్ యొక్క కన్నుమూత పట్ల సంతాపం తెలిపిన ప్రధాన మంత్రి,0.0,ఆచార్య శ్రీ పురుషోత్లంప్రియదాస్ జీ స్యామిశ్రీ మహారాజ్ యొక్క కన్వుమూత పట్త సంతాపం తెలిపిన ప్రధాన మంత్రి,0.0,ఆచార్య శ్రీ పురుషోత్లంప్రియదాస్ జీ స్నామిశ్రీ మహారాజ్ యొక్క కన్పుమూత పట్త సంతాపం తెలిపిన ప్రధాన మంత్రి,0.0,ఆచార్య శ్రీ పురుషోత్లంప్రియదాస్ జీ స్చామిశ్రీ మహారాజ్ యొక్క కన్పుమూత పట్ధ సంతాపం తెలిపిన ప్రధాన మంత్రి,0.0,ఆచార్య శ్రీ పురుషోత్లంప్రియదాస్ జీ స్యామిశ్రీ మహారాజ్ యొక్క కన్వుమూత పట్త సంతాపం తెలిపిన ప్రధాన మంత్రి
ఒక్కొక్కరికి ఒకటి చాలు,0.0,ఒక్కొక్కరికి ఒకటి చాలు,0.0,ఒక్కొక్కరికి ఒకటి చాలు,0.0,ఒక్కొక్కరికి ఒకటి చాలు,0.0,ఒక్కొక్కరికి ఒకటి చాలు
ఈ విషాద ఘటన మేడ్చల్ జిల్లాలో చోటు చేసుకుంది,0.0,ఈ విషాద ఘటన మేడ్సల్ జిల్గాలో చోటు చేసుకుంది,0.0,ఈ విషాద ఘటన మేడ్వల్ జిల్ధాలో చోటు చేసుకుంది,0.0,ఈ విషాద ఘటన మేడ్వల్ జిల్తాలో చోటు చేసుకుంది,0.0,ఈ విషాద ఘటన మేడ్వల్ జిల్గాలో చోటు చేసుకుంది
బోఫోర్స్ కేసులో ఇద్దరికి జైలుశిక్ష,0.0,బోఫోర్న్ కేసులో ఇద్డరికి జైలుశిక్ష,0.0,బోఫోర్చ్ కేసులో ఇద్డరికి జైలుశిక్ష,0.0,బోఫోర్న్ కేసులో ఇద్ రికి జైలుశిక్ష,0.0,బోఫోర్న్ కేసులో ఇద్ రికి జైలుశిక్ష
పట్టణంలోని బ్యాంకులన్నీ మూసి వేశారు,0.0,పట్టణంలోని బ్యాంకులన్పీ మూసి వేశారు,0.0,పట్టణంలోని బ్యాంకులన్పీ మూసి వేశారు,0.0,పట్టణంలోని బ్యాంకులన్పీ మూసి వేశారు,0.0,పట్టణంలోని బ్యాంకులన్వీ మూసి వేశారు
సమీక్షలు బావున్నాయి,0.0,సమీక్షలు బావున్వాయి,0.0,సమీక్షలు బావున్వాయి,0.0,సమీక్షలు బావున్వాయి,0.0,సమీక్షలు బావున్పాయి
కంపెనీలు తాము ఆర్జించిన లాభాలపై చెల్లించే పన్నులకు ఇవి అదనం,0.0,కంపెనీలు తాము ఆర్జించిన లాభాలపై చెల్ధించే పన్పులకు ఇవి అదనం,0.0,కంపెనీలు తాము ఆర్జించిన లాభాలపై చెల్ధించే పన్పులకు ఇవి అదనం,0.0,కంపెనీలు తాము ఆర్జించిన లాభాలపై చెల్గించే పన్పులకు ఇవి అదనం,0.0,కంపెనీలు తాము ఆర్జించిన లాభాలపై చెల్గించే పన్వులకు ఇవి అదనం
ఆసుపత్రిలో చేరిన ప్రముఖ గాయని లతా మంగేష్కర్,0.0,ఆసుపత్రిలో చేరిన ప్రముఖ గాయని లతా మంగేష్కర్,0.0,ఆసుపత్రిలో చేరిన ప్రముఖ గాయని లతా మంగేష్కర్,0.0,ఆసుపత్రిలో చేరిన ప్రముఖ గాయని లతా మంగేష్కర్,0.0,ఆసుపత్రిలో చేరిన ప్రముఖ గాయని లతా మంగేష్కర్
పురాతన శక్తి,0.0,పురాతన శక్లి,0.0,పురాతన శక్లి,0.0,పురాతన శక్లి,0.0,పురాతన శక్లి
పౌరసత్వ సవరణ చట్టాన్ని నిరసిస్తూ దేశవ్యాప్తంగా నిరసనలు వెల్లువెత్తాయి,0.0,పౌరసత్చ సవరణ చట్టాన్పి నిరసిస్లూ దేశవ్యాప్లంగా నిరసనలు వెల్తువెత్లాయి,0.0,పౌరసత్య సవరణ చట్టాన్పి నిరసిస్లూ దేశవ్యాప్లంగా నిరసనలు వెల్గువెత్లాయి,0.0,పౌరసత్ప సవరణ చట్టాన్పి నిరసిస్లూ దేశవ్యాప్లంగా నిరసనలు వెల్తువెత్లాయి,0.0,పౌరసత్ప సవరణ చట్టాన్పి నిరసిస్లూ దేశవ్యాప్లంగా నిరసనలు వెల్గువెత్లాయి
కానీ విన్నవాడెవడు,0.0,కానీ విన్వవాడెవడు,0.0,కానీ విన్వవాడెవడు,0.0,కానీ విన్వవాడెవడు,0.0,కానీ విన్వవాడెవడు
రాజన్న సిరిసిల్ల వెలుగు టీఆర్ఎస్ వర్కింగ్ ప్రెసిడెంట్ మంత్రి కేటీఆర్ సొంత సెగ్మెంటు సిరిసిల్ల,0.0,రాజన్వ సిరిసిల్త వెలుగు టీఆర్ఎస్ వర్కింగ్ ప్రెసిడెంట్ మంత్రి కేటీఆర్ సొంత సెగ్శెంటు సిరిసిల్త,0.0,రాజన్వ సిరిసిల్త వెలుగు టీఆర్ఎస్ వర్కింగ్ ప్రెసిడెంట్ మంత్రి కేటీఆర్ సొంత సెగ్శెంటు సిరిసిల్త,0.0,రాజన్ప సిరిసిల్త వెలుగు టీఆర్ఎస్ వర్కింగ్ ప్రెసిడెంట్ మంత్రి కేటీఆర్ సొంత సెగ్శెంటు సిరిసిల్త,0.0,రాజన్ప సిరిసిల్గ వెలుగు టీఆర్ఎస్ వర్కింగ్ ప్రెసిడెంట్ మంత్రి కేటీఆర్ సొంత సెగ్శెంటు సిరిసిల్ధ
ఎలా మద్యం త్రాగటానికి,0.0,ఎలా మద్యం త్రాగటానికి,0.0,ఎలా మద్యం త్రాగటానికి,0.0,ఎలా మద్యం త్రాగటానికి,0.0,ఎలా మద్యం త్రాగటానికి
మేమంతా దేశ పౌరులం,0.0,మేమంతా దేశ పౌరులం,0.0,మేమంతా దేశ పౌరులం,0.0,మేమంతా దేశ పౌరులం,0.0,మేమంతా దేశ పౌరులం
ఈ ఆర్టికల్లో ఉన్నవి అసలు పేర్లు కావు,0.0,ఈ ఆర్టికల్గో ఉన్పవి అసలు పేర్గు కావు,0.0,ఈ ఆర్టికల్గో ఉన్పవి అసలు పేర్ధు కావు,0.0,ఈ ఆర్టికల్ధో ఉన్పవి అసలు పేర్గు కావు,0.0,ఈ ఆర్టికల్ధో ఉన్వవి అసలు పేర్ధు కావు
రెండవ బస్ తిరిగివుంచుము,0.0,రెండవ బస్ తిరిగివుంచుము,0.0,రెండవ బస్ తిరిగివుంచుము,0.0,రెండవ బస్ తిరిగివుంచుము,0.0,రెండవ బస్ తిరిగివుంచుము
కోట్ల రూపాయల కలెక్షన్లు సాధించింది,0.0,కోట్త రూపాయల కలెక్షన్గు సాధించింది,0.0,కోట్గ రూపాయల కలెక్షన్ధు సాధించింది,0.0,కోట్త రూపాయల కలెక్షన్ధు సాధించింది,0.0,కోట్ధ రూపాయల కలెక్షన్గు సాధించింది
రాష్ట్రం విడిపోయిది కాదు,0.0,రాష్ట్రం విడిపోయిది కాదు,0.0,రాష్ట్రం విడిపోయిది కాదు,0.0,రాష్ట్రం విడిపోయిది కాదు,0.0,రాష్ట్రం విడిపోయిది కాదు
పార్లమెంట్లో రభస వద్దు,0.0,పార్తమెంట్తో రభస వద్ ు,0.0,పార్తమెంట్తో రభస వద్ ు,0.0,పార్ధమెంట్గో రభస వద్ ు,0.0,పార్గమెంట్గో రభస వద్డు
ఈ కార్యక్రమంలో జెసి అమయ్ కుమార్ ఐటిడిఎ పిఓ చక్రధర్రావు సబ్ కలెక్టర్ విపి గౌతమ్ జిల్లా అధికారులు పాల్గొన్నారు,0.0,ఈ కార్యక్రమంలో జెసి అమయ్ కుమార్ ఐటిడిఎ పిఓ చక్రధర్రావు సబ్ కలెక్టర్ విపి గౌతమ్ జిల్గా అధికారులు పాల్ఠొన్పారు,0.0,ఈ కార్యక్రమంలో జెసి అమయ్ కుమార్ ఐటిడిఎ పిఓ చక్రధర్రావు సబ్ కలెక్టర్ విపి గౌతమ్ జిల్ధా అధికారులు పాల్ధొన్వారు,0.0,ఈ కార్యక్రమంలో జెసి అమయ్ కుమార్ ఐటిడిఎ పిఓ చక్రధర్రావు సబ్ కలెక్టర్ విపి గౌతమ్ జిల్ధా అధికారులు పాల్ధొన్పారు,0.0,ఈ కార్యక్రమంలో జెసి అమయ్ కుమార్ ఐటిడిఎ పిఓ చక్రధర్రావు సబ్ కలెక్టర్ విపి గౌతమ్ జిల్ధా అధికారులు పాల్ధొన్పారు
ఉస్మానియా విశ్వవిద్యాలయం హైదరాబాద్,0.0,ఉస్శానియా విశ్నవిద్యాలయం హైదరాబాద్,0.0,ఉస్శానియా విశ్పవిద్యాలయం హైదరాబాద్,0.0,ఉస్శానియా విశ్సవిద్యాలయం హైదరాబాద్,0.0,ఉస్శానియా విశ్చవిద్యాలయం హైదరాబాద్
ఇది కూడా కండరాలు వేగంగా కోలుకునేందుకు దోహదం చేస్తుంది,0.0,ఇది కూడా కండరాలు వేగంగా కోలుకునేందుకు దోహదం చేస్లుంది,0.0,ఇది కూడా కండరాలు వేగంగా కోలుకునేందుకు దోహదం చేస్లుంది,0.0,ఇది కూడా కండరాలు వేగంగా కోలుకునేందుకు దోహదం చేస్లుంది,0.0,ఇది కూడా కండరాలు వేగంగా కోలుకునేందుకు దోహదం చేస్లుంది
ముందీట్ని సూడ్నియ్,0.0,ముందీట్వి సూడ్పియ్,0.0,ముందీట్పి సూడ్పియ్,0.0,ముందీట్పి సూడ్వియ్,0.0,ముందీట్వి సూడ్వియ్
ఇళయరాజా సంగీతాన్ని అందించారు,0.0,ఇళయరాజా సంగీతాన్వి అందించారు,0.0,ఇళయరాజా సంగీతాన్వి అందించారు,0.0,ఇళయరాజా సంగీతాన్పి అందించారు,0.0,ఇళయరాజా సంగీతాన్వి అందించారు
సమీర్ రెడ్డి కెమెరా అందిస్తున్నాడు,0.0,సమీర్ రెడ్ధి కెమెరా అందిస్లున్వాడు,0.0,సమీర్ రెడ్ధి కెమెరా అందిస్లున్పాడు,0.0,సమీర్ రెడ్ధి కెమెరా అందిస్లున్పాడు,0.0,సమీర్ రెడ్ది కెమెరా అందిస్లున్వాడు
కేంద్ర మంత్రి శ్రీపాద్ నాయక్ కారు ప్రమాదం భార్య పీఏ మృతి తరవాత కథనం,0.0,కేంద్ర మంత్రి శ్రీపాద్ నాయక్ కారు ప్రమాదం భార్య పీఏ మృతి తరవాత కథనం,0.0,కేంద్ర మంత్రి శ్రీపాద్ నాయక్ కారు ప్రమాదం భార్య పీఏ మృతి తరవాత కథనం,0.0,కేంద్ర మంత్రి శ్రీపాద్ నాయక్ కారు ప్రమాదం భార్య పీఏ మృతి తరవాత కథనం,0.0,కేంద్ర మంత్రి శ్రీపాద్ నాయక్ కారు ప్రమాదం భార్య పీఏ మృతి తరవాత కథనం
రెండు ఏపీఐ నాలుగు ఫార్ములేషన్ల తయారీ ప్లాంట్లు కలిగి ఉంది,0.0,రెండు ఏపీఐ నాలుగు ఫార్శులేషన్త తయారీ ప్తాంట్గు కలిగి ఉంది,0.0,రెండు ఏపీఐ నాలుగు ఫార్శులేషన్గ తయారీ ప్గాంట్ధు కలిగి ఉంది,0.0,రెండు ఏపీఐ నాలుగు ఫార్శులేషన్ధ తయారీ ప్గాంట్తు కలిగి ఉంది,0.0,రెండు ఏపీఐ నాలుగు ఫార్శులేషన్త తయారీ ప్తాంట్గు కలిగి ఉంది
జీతభత్యాలు ప్రారంభంలో బేసిక్ పే స్కేలు కింద నెలకు రూ,0.0,జీతభత్యాలు ప్రారంభంలో బేసిక్ పే స్కేలు కింద నెలకు రూ,0.0,జీతభత్యాలు ప్రారంభంలో బేసిక్ పే స్కేలు కింద నెలకు రూ,0.0,జీతభత్యాలు ప్రారంభంలో బేసిక్ పే స్కేలు కింద నెలకు రూ,0.0,జీతభత్యాలు ప్రారంభంలో బేసిక్ పే స్కేలు కింద నెలకు రూ
మొదటి చూపులో అది నమ్మశక్యం తెలుస్తోంది,0.0,మొదటి చూపులో అది నమ్శశక్యం తెలుస్లోంది,0.0,మొదటి చూపులో అది నమ్శశక్యం తెలుస్లోంది,0.0,మొదటి చూపులో అది నమ్శశక్యం తెలుస్లోంది,0.0,మొదటి చూపులో అది నమ్శశక్యం తెలుస్లోంది
ఈ సినిమాను తెలుగులో వివేకం పేరుతో విడుదల చేశారు,0.0,ఈ సినిమాను తెలుగులో వివేకం పేరుతో విడుదల చేశారు,0.0,ఈ సినిమాను తెలుగులో వివేకం పేరుతో విడుదల చేశారు,0.0,ఈ సినిమాను తెలుగులో వివేకం పేరుతో విడుదల చేశారు,0.0,ఈ సినిమాను తెలుగులో వివేకం పేరుతో విడుదల చేశారు
ఘౌరి బాలిస్టిక్ క్షిపణి ప్రయోగాన్ని విజయవంతంగా చేపట్టిన శాస్త్రవేత్తలకు పాక్ అధ్యక్షుడు డాక్టర్ అరీఫ్ అల్వీ ప్రధాని ఇమ్రాన్ ఖాన్ అభినందించారు,0.0,ఘౌరి బాలిస్టిక్ క్షిపణి ప్రయోగాన్వి విజయవంతంగా చేపట్టిన శాస్ల్రవేత్లలకు పాక్ అధ్యక్షుడు డాక్టర్ అరీఫ్ అల్పీ ప్రధాని ఇమ్రాన్ ఖాన్ అభినందించారు,0.0,ఘౌరి బాలిస్టిక్ క్షిపణి ప్రయోగాన్పి విజయవంతంగా చేపట్టిన శాస్ల్రవేత్లలకు పాక్ అధ్యక్షుడు డాక్టర్ అరీఫ్ అల్నీ ప్రధాని ఇమ్రాన్ ఖాన్ అభినందించారు,0.0,ఘౌరి బాలిస్టిక్ క్షిపణి ప్రయోగాన్పి విజయవంతంగా చేపట్టిన శాస్ల్రవేత్లలకు పాక్ అధ్యక్షుడు డాక్టర్ అరీఫ్ అల్చీ ప్రధాని ఇమ్రాన్ ఖాన్ అభినందించారు,0.0,ఘౌరి బాలిస్టిక్ క్షిపణి ప్రయోగాన్పి విజయవంతంగా చేపట్టిన శాస్ల్రవేత్లలకు పాక్ అధ్యక్షుడు డాక్టర్ అరీఫ్ అల్పీ ప్రధాని ఇమ్రాన్ ఖాన్ అభినందించారు
అదే కూర్మావతారము,0.0,అదే కూర్శావతారము,0.0,అదే కూర్శావతారము,0.0,అదే కూర్శావతారము,0.0,అదే కూర్శావతారము
భారత్ న్యూజిలాండ్ మధ్య జరుగుతున్న రెండో టెస్టులో టీమిండియా రెండో వికెట్ కోల్పోయింది,0.0,భారత్ న్యూజిలాండ్ మధ్య జరుగుతున్ప రెండో టెస్టులో టీమిండియా రెండో వికెట్ కోల్సోయింది,0.0,భారత్ న్యూజిలాండ్ మధ్య జరుగుతున్వ రెండో టెస్టులో టీమిండియా రెండో వికెట్ కోల్నోయింది,0.0,భారత్ న్యూజిలాండ్ మధ్య జరుగుతున్వ రెండో టెస్టులో టీమిండియా రెండో వికెట్ కోల్యోయింది,0.0,భారత్ న్యూజిలాండ్ మధ్య జరుగుతున్ప రెండో టెస్టులో టీమిండియా రెండో వికెట్ కోల్యోయింది
శామ్సంగ్ గెలాక్సీ నోట్,0.0,శామ్చంగ్ గెలాక్నీ నోట్,0.0,శామ్వంగ్ గెలాక్పీ నోట్,0.0,శామ్నంగ్ గెలాక్నీ నోట్,0.0,శామ్నంగ్ గెలాక్పీ నోట్
నమూనా యొక్క ప్రధాన లక్షణాలు,0.0,నమూనా యొక్క ప్రధాన లక్షణాలు,0.0,నమూనా యొక్క ప్రధాన లక్షణాలు,0.0,నమూనా యొక్క ప్రధాన లక్షణాలు,0.0,నమూనా యొక్క ప్రధాన లక్షణాలు
కేసు నమోదు చేసుకొని దర్యాఫ్తు చేస్తున్నారు,0.0,కేసు నమోదు చేసుకొని దర్యాఫ్లు చేస్లున్వారు,0.0,కేసు నమోదు చేసుకొని దర్యాఫ్లు చేస్లున్పారు,0.0,కేసు నమోదు చేసుకొని దర్యాఫ్లు చేస్లున్పారు,0.0,కేసు నమోదు చేసుకొని దర్యాఫ్లు చేస్లున్వారు
కాగా బస్సు డ్రైవర్ నిర్లక్ష్యంగా నడపడం వల్లే ప్రమాదం జరిగిందని ప్రయాణికులు తెలిపారు,0.0,కాగా బస్పు డ్రైవర్ నిర్ధక్ష్యంగా నడపడం వల్తే ప్రమాదం జరిగిందని ప్రయాణికులు తెలిపారు,0.0,కాగా బస్చు డ్రైవర్ నిర్తక్ష్యంగా నడపడం వల్గే ప్రమాదం జరిగిందని ప్రయాణికులు తెలిపారు,0.0,కాగా బస్ను డ్రైవర్ నిర్ధక్ష్యంగా నడపడం వల్ధే ప్రమాదం జరిగిందని ప్రయాణికులు తెలిపారు,0.0,కాగా బస్వు డ్రైవర్ నిర్గక్ష్యంగా నడపడం వల్గే ప్రమాదం జరిగిందని ప్రయాణికులు తెలిపారు
అపుడు అర్జునుడు అసంఖ్యాక ముఖములు నేత్రములు అద్భుతాయుధములు ధరించి అనంతముగా విస్తరించిన దేవదేవుని విశ్వరూపమును దర్శించెను,0.0,అపుడు అర్జునుడు అసంఖ్యాక ముఖములు నేత్రములు అద్భుతాయుధములు ధరించి అనంతముగా విస్లరించిన దేవదేవుని విశ్నరూపమును దర్మించెను,0.0,అపుడు అర్జునుడు అసంఖ్యాక ముఖములు నేత్రములు అద్భుతాయుధములు ధరించి అనంతముగా విస్లరించిన దేవదేవుని విశ్యరూపమును దర్మించెను,0.0,అపుడు అర్జునుడు అసంఖ్యాక ముఖములు నేత్రములు అద్భుతాయుధములు ధరించి అనంతముగా విస్లరించిన దేవదేవుని విశ్చరూపమును దర్మించెను,0.0,అపుడు అర్జునుడు అసంఖ్యాక ముఖములు నేత్రములు అద్భుతాయుధములు ధరించి అనంతముగా విస్లరించిన దేవదేవుని విశ్నరూపమును దర్మించెను
లా ఇచ్చారు,0.0,లా ఇచ్సారు,0.0,లా ఇచ్వారు,0.0,లా ఇచ్వారు,0.0,లా ఇచ్వారు
వాపు మరియు వాపు తగ్గించండి,0.0,వాపు మరియు వాపు తగ్ధించండి,0.0,వాపు మరియు వాపు తగ్ధించండి,0.0,వాపు మరియు వాపు తగ్ఠించండి,0.0,వాపు మరియు వాపు తగ్లించండి
ఆర్మీ జమ్మూకశ్మీర్ పోలీసుల బృందం సంయుక్తంగా తనిఖీలు నిర్వహిస్తోంది,0.0,ఆర్శీ జమ్శూకశ్శీర్ పోలీసుల బృందం సంయుక్లంగా తనిఖీలు నిర్సహిస్లోంది,0.0,ఆర్శీ జమ్శూకశ్శీర్ పోలీసుల బృందం సంయుక్లంగా తనిఖీలు నిర్పహిస్లోంది,0.0,ఆర్శీ జమ్శూకశ్శీర్ పోలీసుల బృందం సంయుక్లంగా తనిఖీలు నిర్నహిస్లోంది,0.0,ఆర్శీ జమ్శూకశ్శీర్ పోలీసుల బృందం సంయుక్లంగా తనిఖీలు నిర్పహిస్లోంది
మికిదేం పోయే కాలం,0.0,మికిదేం పోయే కాలం,0.0,మికిదేం పోయే కాలం,0.0,మికిదేం పోయే కాలం,0.0,మికిదేం పోయే కాలం
ఈ నిరంతరం గొలుసు అవుతుంది,0.0,ఈ నిరంతరం గొలుసు అవుతుంది,0.0,ఈ నిరంతరం గొలుసు అవుతుంది,0.0,ఈ నిరంతరం గొలుసు అవుతుంది,0.0,ఈ నిరంతరం గొలుసు అవుతుంది
అస్వస్థతకు గురైనవారిలో నయమైనవారిని ఆసుపత్రి నుండి డిశ్చార్జ్ చేశారు,0.0,అస్యస్థతకు గురైనవారిలో నయమైనవారిని ఆసుపత్రి నుండి డిశ్సార్జ్ చేశారు,0.0,అస్నస్థతకు గురైనవారిలో నయమైనవారిని ఆసుపత్రి నుండి డిశ్సార్జ్ చేశారు,0.0,అస్పస్థతకు గురైనవారిలో నయమైనవారిని ఆసుపత్రి నుండి డిశ్వార్జ్ చేశారు,0.0,అస్నస్థతకు గురైనవారిలో నయమైనవారిని ఆసుపత్రి నుండి డిశ్సార్జ్ చేశారు
సోదరులు మంచు విష్ణువర్థన్ మంచు మనోజ్ కుమార్ ఇద్దరూ నటులే,0.0,సోదరులు మంచు విష్ణువర్థన్ మంచు మనోజ్ కుమార్ ఇద్ధరూ నటులే,0.0,సోదరులు మంచు విష్ణువర్థన్ మంచు మనోజ్ కుమార్ ఇద్డరూ నటులే,0.0,సోదరులు మంచు విష్ణువర్థన్ మంచు మనోజ్ కుమార్ ఇద్ రూ నటులే,0.0,సోదరులు మంచు విష్ణువర్థన్ మంచు మనోజ్ కుమార్ ఇద్ధరూ నటులే
వ పేజీలోని మ్యాపు చిత్రాలు,0.0,వ పేజీలోని మ్యాపు చిత్రాలు,0.0,వ పేజీలోని మ్యాపు చిత్రాలు,0.0,వ పేజీలోని మ్యాపు చిత్రాలు,0.0,వ పేజీలోని మ్యాపు చిత్రాలు
టోఫులో క్యాల్షియం పుష్కలంగా ఉంటుంది,0.0,టోఫులో క్యాల్షియం పుష్కలంగా ఉంటుంది,0.0,టోఫులో క్యాల్షియం పుష్కలంగా ఉంటుంది,0.0,టోఫులో క్యాల్షియం పుష్కలంగా ఉంటుంది,0.0,టోఫులో క్యాల్షియం పుష్కలంగా ఉంటుంది
లోక్సభ ఎన్నికలపై బీజేపీ దృష్టి,0.0,లోక్చభ ఎన్పికలపై బీజేపీ దృష్టి,0.0,లోక్వభ ఎన్పికలపై బీజేపీ దృష్టి,0.0,లోక్నభ ఎన్వికలపై బీజేపీ దృష్టి,0.0,లోక్వభ ఎన్వికలపై బీజేపీ దృష్టి
సొదొమ గొమొఱ్ఱాల తట్టును ఆ మైదానపు ప్రదేశము యావత్తును చూడగా అదిగో ఆ ప్రదేశపు పొగ ఆవము పొగవలె లేచుచుండెను,0.0,సొదొమ గొమొఱ్ఱాల తట్టును ఆ మైదానపు ప్రదేశము యావత్లును చూడగా అదిగో ఆ ప్రదేశపు పొగ ఆవము పొగవలె లేచుచుండెను,0.0,సొదొమ గొమొఱ్ఱాల తట్టును ఆ మైదానపు ప్రదేశము యావత్లును చూడగా అదిగో ఆ ప్రదేశపు పొగ ఆవము పొగవలె లేచుచుండెను,0.0,సొదొమ గొమొఱ్ఱాల తట్టును ఆ మైదానపు ప్రదేశము యావత్లును చూడగా అదిగో ఆ ప్రదేశపు పొగ ఆవము పొగవలె లేచుచుండెను,0.0,సొదొమ గొమొఱ్ఱాల తట్టును ఆ మైదానపు ప్రదేశము యావత్లును చూడగా అదిగో ఆ ప్రదేశపు పొగ ఆవము పొగవలె లేచుచుండెను
యూఎస్ఏ చైనా రష్యా మరియు యూరోపియన్ దేశాల మార్కెట్లపై ఎక్కువ శ్రద్ధ చూపుతోంది,0.0,యూఎస్ఏ చైనా రష్యా మరియు యూరోపియన్ దేశాల మార్కెట్ధపై ఎక్కువ శ్రద్గ చూపుతోంది,0.0,యూఎస్ఏ చైనా రష్యా మరియు యూరోపియన్ దేశాల మార్కెట్తపై ఎక్కువ శ్రద్ద చూపుతోంది,0.0,యూఎస్ఏ చైనా రష్యా మరియు యూరోపియన్ దేశాల మార్కెట్ధపై ఎక్కువ శ్రద్డ చూపుతోంది,0.0,యూఎస్ఏ చైనా రష్యా మరియు యూరోపియన్ దేశాల మార్కెట్గపై ఎక్కువ శ్రద్ద చూపుతోంది
బాబీ దర్శకత్వంలో జూనియర్ ఎన్టిఆర్ త్రిపాత్రభినయం చేస్తున్న చిత్రం జై లవ కుశ,0.0,బాబీ దర్మకత్యంలో జూనియర్ ఎన్టిఆర్ త్రిపాత్రభినయం చేస్లున్వ చిత్రం జై లవ కుశ,0.0,బాబీ దర్మకత్నంలో జూనియర్ ఎన్టిఆర్ త్రిపాత్రభినయం చేస్లున్వ చిత్రం జై లవ కుశ,0.0,బాబీ దర్మకత్నంలో జూనియర్ ఎన్టిఆర్ త్రిపాత్రభినయం చేస్లున్ప చిత్రం జై లవ కుశ,0.0,బాబీ దర్మకత్చంలో జూనియర్ ఎన్టిఆర్ త్రిపాత్రభినయం చేస్లున్ప చిత్రం జై లవ కుశ
భరోసాతో పని చేయండి,0.0,భరోసాతో పని చేయండి,0.0,భరోసాతో పని చేయండి,0.0,భరోసాతో పని చేయండి,0.0,భరోసాతో పని చేయండి
పోలీసులు రంగప్రవేశం చేసి వారికి సర్దిచెప్పారు,0.0,పోలీసులు రంగప్రవేశం చేసి వారికి సర్ధిచెప్సారు,0.0,పోలీసులు రంగప్రవేశం చేసి వారికి సర్ధిచెప్వారు,0.0,పోలీసులు రంగప్రవేశం చేసి వారికి సర్ ిచెప్సారు,0.0,పోలీసులు రంగప్రవేశం చేసి వారికి సర్డిచెప్సారు
తద్వారా మొత్తం పరీక్షల సంఖ్య గా నమోదైంది,0.0,తద్పారా మొత్లం పరీక్షల సంఖ్య గా నమోదైంది,0.0,తద్చారా మొత్లం పరీక్షల సంఖ్య గా నమోదైంది,0.0,తద్యారా మొత్లం పరీక్షల సంఖ్య గా నమోదైంది,0.0,తద్సారా మొత్లం పరీక్షల సంఖ్య గా నమోదైంది
కోట్లను ప్రభుత్వం చెల్లించింది,0.0,కోట్ధను ప్రభుత్నం చెల్గించింది,0.0,కోట్ధను ప్రభుత్సం చెల్తించింది,0.0,కోట్గను ప్రభుత్సం చెల్ధించింది,0.0,కోట్ధను ప్రభుత్నం చెల్గించింది
పాన్కేక్ చాక్లెట్ కేక్,0.0,పాన్కేక్ చాక్ధెట్ కేక్,0.0,పాన్కేక్ చాక్తెట్ కేక్,0.0,పాన్కేక్ చాక్గెట్ కేక్,0.0,పాన్కేక్ చాక్ధెట్ కేక్
తండ్రి పేరు ఉపయోగించి ఎదగాలనుకోడు,0.0,తండ్రి పేరు ఉపయోగించి ఎదగాలనుకోడు,0.0,తండ్రి పేరు ఉపయోగించి ఎదగాలనుకోడు,0.0,తండ్రి పేరు ఉపయోగించి ఎదగాలనుకోడు,0.0,తండ్రి పేరు ఉపయోగించి ఎదగాలనుకోడు
ఇంతలో జార్ యుద్ధ రంగంలో ఉండటంతో రష్యాలో అశాంతి పెరిగింది,0.0,ఇంతలో జార్ యుద్డ రంగంలో ఉండటంతో రష్యాలో అశాంతి పెరిగింది,0.0,ఇంతలో జార్ యుద్ల రంగంలో ఉండటంతో రష్యాలో అశాంతి పెరిగింది,0.0,ఇంతలో జార్ యుద్ల రంగంలో ఉండటంతో రష్యాలో అశాంతి పెరిగింది,0.0,ఇంతలో జార్ యుద్గ రంగంలో ఉండటంతో రష్యాలో అశాంతి పెరిగింది
యొక్క ప్రదర్శన పరిమాణం తో ప్రారంభిద్దాం,0.0,యొక్క ప్రదర్మన పరిమాణం తో ప్రారంభిద్ధాం,0.0,యొక్క ప్రదర్మన పరిమాణం తో ప్రారంభిద్డాం,0.0,యొక్క ప్రదర్మన పరిమాణం తో ప్రారంభిద్ ాం,0.0,యొక్క ప్రదర్మన పరిమాణం తో ప్రారంభిద్ ాం
నీవు మ్రొక్కుకొనినదాని చెల్లించుము నీవు మ్రొక్కుకొని చెల్లింపకుండుటకంటె మ్రొక్కుకొన కుండుటయే మేలు,0.0,నీవు మ్రొక్కుకొనినదాని చెల్తించుము నీవు మ్రొక్కుకొని చెల్గింపకుండుటకంటె మ్రొక్కుకొన కుండుటయే మేలు,0.0,నీవు మ్రొక్కుకొనినదాని చెల్ధించుము నీవు మ్రొక్కుకొని చెల్గింపకుండుటకంటె మ్రొక్కుకొన కుండుటయే మేలు,0.0,నీవు మ్రొక్కుకొనినదాని చెల్గించుము నీవు మ్రొక్కుకొని చెల్తింపకుండుటకంటె మ్రొక్కుకొన కుండుటయే మేలు,0.0,నీవు మ్రొక్కుకొనినదాని చెల్తించుము నీవు మ్రొక్కుకొని చెల్ధింపకుండుటకంటె మ్రొక్కుకొన కుండుటయే మేలు
అనుకోకుండా అలా జరుగుతూ వుంటుంది,0.0,అనుకోకుండా అలా జరుగుతూ వుంటుంది,0.0,అనుకోకుండా అలా జరుగుతూ వుంటుంది,0.0,అనుకోకుండా అలా జరుగుతూ వుంటుంది,0.0,అనుకోకుండా అలా జరుగుతూ వుంటుంది
కానీ మన హనుమంత్ అన్న అలా కాదండొయ్,0.0,కానీ మన హనుమంత్ అన్వ అలా కాదండొయ్,0.0,కానీ మన హనుమంత్ అన్వ అలా కాదండొయ్,0.0,కానీ మన హనుమంత్ అన్ప అలా కాదండొయ్,0.0,కానీ మన హనుమంత్ అన్వ అలా కాదండొయ్
ముందు వాళ్ల సమస్యలను వాళ్లు పరిష్కరించుకోవాలి,0.0,ముందు వాళ్గ సమస్యలను వాళ్తు పరిష్కరించుకోవాలి,0.0,ముందు వాళ్గ సమస్యలను వాళ్గు పరిష్కరించుకోవాలి,0.0,ముందు వాళ్గ సమస్యలను వాళ్ధు పరిష్కరించుకోవాలి,0.0,ముందు వాళ్గ సమస్యలను వాళ్గు పరిష్కరించుకోవాలి
వారి పూర్వీకులు రామరాజ్యం కోసల నుండి వలస వచ్చి గ్వాలియరు వద్ద కొత్త రాజవంశాన్ని స్థాపించారు,0.0,వారి పూర్పీకులు రామరాజ్యం కోసల నుండి వలస వచ్వి గ్చాలియరు వద్  కొత్ల రాజవంశాన్వి స్థాపించారు,0.0,వారి పూర్యీకులు రామరాజ్యం కోసల నుండి వలస వచ్సి గ్యాలియరు వద్  కొత్ల రాజవంశాన్పి స్థాపించారు,0.0,వారి పూర్నీకులు రామరాజ్యం కోసల నుండి వలస వచ్వి గ్యాలియరు వద్  కొత్ల రాజవంశాన్వి స్థాపించారు,0.0,వారి పూర్చీకులు రామరాజ్యం కోసల నుండి వలస వచ్వి గ్నాలియరు వద్  కొత్ల రాజవంశాన్పి స్థాపించారు
రివర్స్ సహాయం చురుకుగా ఉన్నప్పుడు వేగం అయితే కిమీగం కి పరిమితం చేయబడింది,0.0,రివర్న్ సహాయం చురుకుగా ఉన్పప్యుడు వేగం అయితే కిమీగం కి పరిమితం చేయబడింది,0.0,రివర్చ్ సహాయం చురుకుగా ఉన్పప్సుడు వేగం అయితే కిమీగం కి పరిమితం చేయబడింది,0.0,రివర్చ్ సహాయం చురుకుగా ఉన్పప్నుడు వేగం అయితే కిమీగం కి పరిమితం చేయబడింది,0.0,రివర్చ్ సహాయం చురుకుగా ఉన్వప్యుడు వేగం అయితే కిమీగం కి పరిమితం చేయబడింది
ఇది అప్పట్లో చాలా పెద్దది,0.0,ఇది అప్వట్గో చాలా పెద్డది,0.0,ఇది అప్నట్తో చాలా పెద్ ది,0.0,ఇది అప్యట్ధో చాలా పెద్డది,0.0,ఇది అప్సట్ధో చాలా పెద్డది
భావోద్వేగాలను అదుపు చేసుకోలేకపోతారు,0.0,భావోద్యేగాలను అదుపు చేసుకోలేకపోతారు,0.0,భావోద్చేగాలను అదుపు చేసుకోలేకపోతారు,0.0,భావోద్పేగాలను అదుపు చేసుకోలేకపోతారు,0.0,భావోద్పేగాలను అదుపు చేసుకోలేకపోతారు
ప్రపంచంలో అత్యంత చవకైన నగరాలు,0.0,ప్రపంచంలో అత్యంత చవకైన నగరాలు,0.0,ప్రపంచంలో అత్యంత చవకైన నగరాలు,0.0,ప్రపంచంలో అత్యంత చవకైన నగరాలు,0.0,ప్రపంచంలో అత్యంత చవకైన నగరాలు
నిర్మాత అనిల్ సుంకర మాట్లాడుతూ అడవిశేష్కు ఈ సినిమా మైల్స్టోన్ సినిమా అవుతుందని నమ్ముతున్నాను,0.0,నిర్శాత అనిల్ సుంకర మాట్గాడుతూ అడవిశేష్కు ఈ సినిమా మైల్ప్టోన్ సినిమా అవుతుందని నమ్శుతున్వాను,0.0,నిర్శాత అనిల్ సుంకర మాట్తాడుతూ అడవిశేష్కు ఈ సినిమా మైల్న్టోన్ సినిమా అవుతుందని నమ్శుతున్వాను,0.0,నిర్శాత అనిల్ సుంకర మాట్తాడుతూ అడవిశేష్కు ఈ సినిమా మైల్ప్టోన్ సినిమా అవుతుందని నమ్శుతున్పాను,0.0,నిర్శాత అనిల్ సుంకర మాట్గాడుతూ అడవిశేష్కు ఈ సినిమా మైల్వ్టోన్ సినిమా అవుతుందని నమ్శుతున్వాను
టాలీవుడ్ సూపర్స్టార్ మహేష్బాబు ప్రముఖ దర్శకుడు ఏఆర్ మురగదాస్ దర్శకత్వంలో ఈ చిత్రం తెరకెక్కబోతోంది,0.0,టాలీవుడ్ సూపర్వ్టార్ మహేష్బాబు ప్రముఖ దర్మకుడు ఏఆర్ మురగదాస్ దర్మకత్యంలో ఈ చిత్రం తెరకెక్కబోతోంది,0.0,టాలీవుడ్ సూపర్చ్టార్ మహేష్బాబు ప్రముఖ దర్మకుడు ఏఆర్ మురగదాస్ దర్మకత్చంలో ఈ చిత్రం తెరకెక్కబోతోంది,0.0,టాలీవుడ్ సూపర్ప్టార్ మహేష్బాబు ప్రముఖ దర్మకుడు ఏఆర్ మురగదాస్ దర్మకత్యంలో ఈ చిత్రం తెరకెక్కబోతోంది,0.0,టాలీవుడ్ సూపర్చ్టార్ మహేష్బాబు ప్రముఖ దర్మకుడు ఏఆర్ మురగదాస్ దర్మకత్చంలో ఈ చిత్రం తెరకెక్కబోతోంది
అని నమ్ముతున్నాము అని అన్నారు,0.0,అని నమ్శుతున్పాము అని అన్వారు,0.0,అని నమ్శుతున్పాము అని అన్వారు,0.0,అని నమ్శుతున్పాము అని అన్పారు,0.0,అని నమ్శుతున్వాము అని అన్పారు
మతం ఇది ఏమిటి,0.0,మతం ఇది ఏమిటి,0.0,మతం ఇది ఏమిటి,0.0,మతం ఇది ఏమిటి,0.0,మతం ఇది ఏమిటి
మంటలను ఆర్పి అతణ్ని వెంటనే సమీపంలోని ఆస్పత్రికి తరలించారు,0.0,మంటలను ఆర్సి అతణ్పి వెంటనే సమీపంలోని ఆస్యత్రికి తరలించారు,0.0,మంటలను ఆర్వి అతణ్వి వెంటనే సమీపంలోని ఆస్సత్రికి తరలించారు,0.0,మంటలను ఆర్వి అతణ్పి వెంటనే సమీపంలోని ఆస్వత్రికి తరలించారు,0.0,మంటలను ఆర్యి అతణ్పి వెంటనే సమీపంలోని ఆస్యత్రికి తరలించారు
ఇది వరకు చాలామంది విషయంలో ఇలానే జరిగింది,0.0,ఇది వరకు చాలామంది విషయంలో ఇలానే జరిగింది,0.0,ఇది వరకు చాలామంది విషయంలో ఇలానే జరిగింది,0.0,ఇది వరకు చాలామంది విషయంలో ఇలానే జరిగింది,0.0,ఇది వరకు చాలామంది విషయంలో ఇలానే జరిగింది
అయితే ఇకమీదట ప్రభుత్వ ఉద్యోగులకు,0.0,అయితే ఇకమీదట ప్రభుత్ప ఉద్యోగులకు,0.0,అయితే ఇకమీదట ప్రభుత్చ ఉద్యోగులకు,0.0,అయితే ఇకమీదట ప్రభుత్య ఉద్యోగులకు,0.0,అయితే ఇకమీదట ప్రభుత్ప ఉద్యోగులకు
ఈ గెలుపు ప్రయాణం అద్భుతంగా సాగింది,0.0,ఈ గెలుపు ప్రయాణం అద్భుతంగా సాగింది,0.0,ఈ గెలుపు ప్రయాణం అద్భుతంగా సాగింది,0.0,ఈ గెలుపు ప్రయాణం అద్భుతంగా సాగింది,0.0,ఈ గెలుపు ప్రయాణం అద్భుతంగా సాగింది
ఈ అవకాశాన్ని సద్వినియోగం చేసుకోండి,0.0,ఈ అవకాశాన్పి సద్పినియోగం చేసుకోండి,0.0,ఈ అవకాశాన్పి సద్చినియోగం చేసుకోండి,0.0,ఈ అవకాశాన్పి సద్చినియోగం చేసుకోండి,0.0,ఈ అవకాశాన్వి సద్చినియోగం చేసుకోండి
ఈ వన్డేలో భారత్ గెలవడంతో పాటు తో సిరీస్ కైవసం చేసుకుంది,0.0,ఈ వన్ధేలో భారత్ గెలవడంతో పాటు తో సిరీస్ కైవసం చేసుకుంది,0.0,ఈ వన్ధేలో భారత్ గెలవడంతో పాటు తో సిరీస్ కైవసం చేసుకుంది,0.0,ఈ వన్దేలో భారత్ గెలవడంతో పాటు తో సిరీస్ కైవసం చేసుకుంది,0.0,ఈ వన్ధేలో భారత్ గెలవడంతో పాటు తో సిరీస్ కైవసం చేసుకుంది
బి యేసును అనుసరించడం ఎప్పుడు మరింత కష్టంగా ఉండవచ్చు,0.0,బి యేసును అనుసరించడం ఎప్నుడు మరింత కష్టంగా ఉండవచ్వు,0.0,బి యేసును అనుసరించడం ఎప్నుడు మరింత కష్టంగా ఉండవచ్సు,0.0,బి యేసును అనుసరించడం ఎప్నుడు మరింత కష్టంగా ఉండవచ్సు,0.0,బి యేసును అనుసరించడం ఎప్సుడు మరింత కష్టంగా ఉండవచ్సు
ఆయన ఏం మాట్లాడారో కింద చదవండి,0.0,ఆయన ఏం మాట్ధాడారో కింద చదవండి,0.0,ఆయన ఏం మాట్తాడారో కింద చదవండి,0.0,ఆయన ఏం మాట్తాడారో కింద చదవండి,0.0,ఆయన ఏం మాట్ధాడారో కింద చదవండి
కాంగ్రెస్ అధ్యక్షుడు రాహుల్ గాంధీ ప్రతిష్టాత్మకంగా ఇటీవల కనీస ఆదాయ హామీ పథకంన్యాయ్ ను ప్రకటించిన సంగతి తెలిసిందే,0.0,కాంగ్రెస్ అధ్యక్షుడు రాహుల్ గాంధీ ప్రతిష్టాత్శకంగా ఇటీవల కనీస ఆదాయ హామీ పథకంన్యాయ్ ను ప్రకటించిన సంగతి తెలిసిందే,0.0,కాంగ్రెస్ అధ్యక్షుడు రాహుల్ గాంధీ ప్రతిష్టాత్శకంగా ఇటీవల కనీస ఆదాయ హామీ పథకంన్యాయ్ ను ప్రకటించిన సంగతి తెలిసిందే,0.0,కాంగ్రెస్ అధ్యక్షుడు రాహుల్ గాంధీ ప్రతిష్టాత్శకంగా ఇటీవల కనీస ఆదాయ హామీ పథకంన్యాయ్ ను ప్రకటించిన సంగతి తెలిసిందే,0.0,కాంగ్రెస్ అధ్యక్షుడు రాహుల్ గాంధీ ప్రతిష్టాత్శకంగా ఇటీవల కనీస ఆదాయ హామీ పథకంన్యాయ్ ను ప్రకటించిన సంగతి తెలిసిందే
భారతీయ ఐటి నిపుణులు అత్యధికంగా ఈ వీసాలను ఆశిస్తున్నారు,0.0,భారతీయ ఐటి నిపుణులు అత్యధికంగా ఈ వీసాలను ఆశిస్లున్వారు,0.0,భారతీయ ఐటి నిపుణులు అత్యధికంగా ఈ వీసాలను ఆశిస్లున్వారు,0.0,భారతీయ ఐటి నిపుణులు అత్యధికంగా ఈ వీసాలను ఆశిస్లున్పారు,0.0,భారతీయ ఐటి నిపుణులు అత్యధికంగా ఈ వీసాలను ఆశిస్లున్వారు
వైఫల్యం కారణాలు చాలా ఉండవచ్చు,0.0,వైఫల్యం కారణాలు చాలా ఉండవచ్సు,0.0,వైఫల్యం కారణాలు చాలా ఉండవచ్సు,0.0,వైఫల్యం కారణాలు చాలా ఉండవచ్సు,0.0,వైఫల్యం కారణాలు చాలా ఉండవచ్వు
అది అంత తేలికయిన పని కాదని మాకు తెలుసు,0.0,అది అంత తేలికయిన పని కాదని మాకు తెలుసు,0.0,అది అంత తేలికయిన పని కాదని మాకు తెలుసు,0.0,అది అంత తేలికయిన పని కాదని మాకు తెలుసు,0.0,అది అంత తేలికయిన పని కాదని మాకు తెలుసు
లాభదాయకమైన పెళ్లి,0.0,లాభదాయకమైన పెళ్ధి,0.0,లాభదాయకమైన పెళ్తి,0.0,లాభదాయకమైన పెళ్తి,0.0,లాభదాయకమైన పెళ్గి
అన్ని తెలివితేటలు లేవు,0.0,అన్పి తెలివితేటలు లేవు,0.0,అన్పి తెలివితేటలు లేవు,0.0,అన్వి తెలివితేటలు లేవు,0.0,అన్వి తెలివితేటలు లేవు
ప్రయివేటు రంగంలో పని చేస్తున్న నర్సులకు కనీసవేతనం రూ,0.0,ప్రయివేటు రంగంలో పని చేస్లున్ప నర్చులకు కనీసవేతనం రూ,0.0,ప్రయివేటు రంగంలో పని చేస్లున్వ నర్చులకు కనీసవేతనం రూ,0.0,ప్రయివేటు రంగంలో పని చేస్లున్ప నర్వులకు కనీసవేతనం రూ,0.0,ప్రయివేటు రంగంలో పని చేస్లున్వ నర్నులకు కనీసవేతనం రూ
ప్రారంభమైన తమిళనాడు ప్రీమియర్ లీగ్,0.0,ప్రారంభమైన తమిళనాడు ప్రీమియర్ లీగ్,0.0,ప్రారంభమైన తమిళనాడు ప్రీమియర్ లీగ్,0.0,ప్రారంభమైన తమిళనాడు ప్రీమియర్ లీగ్,0.0,ప్రారంభమైన తమిళనాడు ప్రీమియర్ లీగ్
అలా వుండగా ఒక రోజు నూతిలో నీరు పూర్తిగా అయిపోయింది,0.0,అలా వుండగా ఒక రోజు నూతిలో నీరు పూర్లిగా అయిపోయింది,0.0,అలా వుండగా ఒక రోజు నూతిలో నీరు పూర్లిగా అయిపోయింది,0.0,అలా వుండగా ఒక రోజు నూతిలో నీరు పూర్లిగా అయిపోయింది,0.0,అలా వుండగా ఒక రోజు నూతిలో నీరు పూర్లిగా అయిపోయింది
రొమాంటిక్ యాక్షన్ ఎంటర్టైనర్ గా ఈ సినిమాను తెరకెక్కిస్తున్నారు,0.0,రొమాంటిక్ యాక్షన్ ఎంటర్టైనర్ గా ఈ సినిమాను తెరకెక్కిస్లున్వారు,0.0,రొమాంటిక్ యాక్షన్ ఎంటర్టైనర్ గా ఈ సినిమాను తెరకెక్కిస్లున్వారు,0.0,రొమాంటిక్ యాక్షన్ ఎంటర్టైనర్ గా ఈ సినిమాను తెరకెక్కిస్లున్పారు,0.0,రొమాంటిక్ యాక్షన్ ఎంటర్టైనర్ గా ఈ సినిమాను తెరకెక్కిస్లున్వారు
అవును నువ్వు కూడానా,0.0,అవును నువ్చు కూడానా,0.0,అవును నువ్పు కూడానా,0.0,అవును నువ్యు కూడానా,0.0,అవును నువ్చు కూడానా
అయినా ఈ విషయం మీకెలా తెలిసింది,0.0,అయినా ఈ విషయం మీకెలా తెలిసింది,0.0,అయినా ఈ విషయం మీకెలా తెలిసింది,0.0,అయినా ఈ విషయం మీకెలా తెలిసింది,0.0,అయినా ఈ విషయం మీకెలా తెలిసింది
దీంతో ఈ కేస్ పోలీసులకు పెద్ద సమస్యగా మారుతుంది,0.0,దీంతో ఈ కేస్ పోలీసులకు పెద్డ సమస్యగా మారుతుంది,0.0,దీంతో ఈ కేస్ పోలీసులకు పెద్ధ సమస్యగా మారుతుంది,0.0,దీంతో ఈ కేస్ పోలీసులకు పెద్డ సమస్యగా మారుతుంది,0.0,దీంతో ఈ కేస్ పోలీసులకు పెద్డ సమస్యగా మారుతుంది
అయినప్పటికీ ఆశ వదులుకోవలసిన అవసరం లేదు ఎందుకంటే క్రైస్తవ నడవడే శక్తిమంతమైన సాక్ష్యంగా పనిచేస్తుంది,0.0,అయినప్వటికీ ఆశ వదులుకోవలసిన అవసరం లేదు ఎందుకంటే క్రైస్లవ నడవడే శక్లిమంతమైన సాక్ష్యంగా పనిచేస్లుంది,0.0,అయినప్వటికీ ఆశ వదులుకోవలసిన అవసరం లేదు ఎందుకంటే క్రైస్లవ నడవడే శక్లిమంతమైన సాక్ష్యంగా పనిచేస్లుంది,0.0,అయినప్వటికీ ఆశ వదులుకోవలసిన అవసరం లేదు ఎందుకంటే క్రైస్లవ నడవడే శక్లిమంతమైన సాక్ష్యంగా పనిచేస్లుంది,0.0,అయినప్యటికీ ఆశ వదులుకోవలసిన అవసరం లేదు ఎందుకంటే క్రైస్లవ నడవడే శక్లిమంతమైన సాక్ష్యంగా పనిచేస్లుంది
ఆరుగురు బీఎస్పీ ఎమ్మెల్యేలు కాంగ్రెస్లో చేరిక,0.0,ఆరుగురు బీఎస్సీ ఎమ్శెల్యేలు కాంగ్రెస్ధో చేరిక,0.0,ఆరుగురు బీఎస్యీ ఎమ్శెల్యేలు కాంగ్రెస్తో చేరిక,0.0,ఆరుగురు బీఎస్నీ ఎమ్శెల్యేలు కాంగ్రెస్తో చేరిక,0.0,ఆరుగురు బీఎస్యీ ఎమ్శెల్యేలు కాంగ్రెస్గో చేరిక
అన్యమైనది ఏదీ లేదు,0.0,అన్యమైనది ఏదీ లేదు,0.0,అన్యమైనది ఏదీ లేదు,0.0,అన్యమైనది ఏదీ లేదు,0.0,అన్యమైనది ఏదీ లేదు
అది కాలేదు అనుకోండి,0.0,అది కాలేదు అనుకోండి,0.0,అది కాలేదు అనుకోండి,0.0,అది కాలేదు అనుకోండి,0.0,అది కాలేదు అనుకోండి
అదా మోడల్ గా తన కెరీర్ ప్రారంభించింది,0.0,అదా మోడల్ గా తన కెరీర్ ప్రారంభించింది,0.0,అదా మోడల్ గా తన కెరీర్ ప్రారంభించింది,0.0,అదా మోడల్ గా తన కెరీర్ ప్రారంభించింది,0.0,అదా మోడల్ గా తన కెరీర్ ప్రారంభించింది
అప్పట్లో మేం మద్రాసులోనే ఉండేవాళ్లం,0.0,అప్సట్ధో మేం మద్రాసులోనే ఉండేవాళ్గం,0.0,అప్సట్ధో మేం మద్రాసులోనే ఉండేవాళ్ధం,0.0,అప్నట్గో మేం మద్రాసులోనే ఉండేవాళ్గం,0.0,అప్సట్ధో మేం మద్రాసులోనే ఉండేవాళ్ధం
మరో ఆరుగురు పరారీలో ఉన్నారు,0.0,మరో ఆరుగురు పరారీలో ఉన్పారు,0.0,మరో ఆరుగురు పరారీలో ఉన్వారు,0.0,మరో ఆరుగురు పరారీలో ఉన్పారు,0.0,మరో ఆరుగురు పరారీలో ఉన్పారు
కుర్రాడిని నిందించొద్దు,0.0,కుర్రాడిని నిందించొద్డు,0.0,కుర్రాడిని నిందించొద్ధు,0.0,కుర్రాడిని నిందించొద్డు,0.0,కుర్రాడిని నిందించొద్ధు
మా టెక్నాలజీ మానవ హక్కుల కార్యకర్తలు జర్నలిస్టులకు వ్యతిరేకంగా ఉపయోగించడానికి కాదు దానికి అనుమతి కూడా లేదు,0.0,మా టెక్పాలజీ మానవ హక్కుల కార్యకర్లలు జర్పలిస్టులకు వ్యతిరేకంగా ఉపయోగించడానికి కాదు దానికి అనుమతి కూడా లేదు,0.0,మా టెక్వాలజీ మానవ హక్కుల కార్యకర్లలు జర్పలిస్టులకు వ్యతిరేకంగా ఉపయోగించడానికి కాదు దానికి అనుమతి కూడా లేదు,0.0,మా టెక్పాలజీ మానవ హక్కుల కార్యకర్లలు జర్వలిస్టులకు వ్యతిరేకంగా ఉపయోగించడానికి కాదు దానికి అనుమతి కూడా లేదు,0.0,మా టెక్వాలజీ మానవ హక్కుల కార్యకర్లలు జర్పలిస్టులకు వ్యతిరేకంగా ఉపయోగించడానికి కాదు దానికి అనుమతి కూడా లేదు
దేశంలోని రాష్ట్రాల్లో మొత్తం నియోజకవర్గాల్లో నాలుగో దశ పోలిక మొదలైంది,0.0,దేశంలోని రాష్ట్రాల్గో మొత్లం నియోజకవర్లాల్ధో నాలుగో దశ పోలిక మొదలైంది,0.0,దేశంలోని రాష్ట్రాల్గో మొత్లం నియోజకవర్ఠాల్తో నాలుగో దశ పోలిక మొదలైంది,0.0,దేశంలోని రాష్ట్రాల్ధో మొత్లం నియోజకవర్లాల్ధో నాలుగో దశ పోలిక మొదలైంది,0.0,దేశంలోని రాష్ట్రాల్తో మొత్లం నియోజకవర్ఠాల్తో నాలుగో దశ పోలిక మొదలైంది
వచ్చే ఎన్నికల్లో ఏ నియోజకవర్గం నుండి పోటీచేస్తారు,0.0,వచ్సే ఎన్పికల్తో ఏ నియోజకవర్లం నుండి పోటీచేస్లారు,0.0,వచ్సే ఎన్వికల్ధో ఏ నియోజకవర్ఠం నుండి పోటీచేస్లారు,0.0,వచ్వే ఎన్పికల్తో ఏ నియోజకవర్ధం నుండి పోటీచేస్లారు,0.0,వచ్సే ఎన్పికల్గో ఏ నియోజకవర్ధం నుండి పోటీచేస్లారు
ప్రపంచంలోని ఐదారు గొప్ప నగరాల్లో ఒక నగరంగా అమరావతిని తయారు చేయాలని భావించానని అన్నారు,0.0,ప్రపంచంలోని ఐదారు గొప్వ నగరాల్గో ఒక నగరంగా అమరావతిని తయారు చేయాలని భావించానని అన్పారు,0.0,ప్రపంచంలోని ఐదారు గొప్స నగరాల్తో ఒక నగరంగా అమరావతిని తయారు చేయాలని భావించానని అన్వారు,0.0,ప్రపంచంలోని ఐదారు గొప్య నగరాల్తో ఒక నగరంగా అమరావతిని తయారు చేయాలని భావించానని అన్పారు,0.0,ప్రపంచంలోని ఐదారు గొప్య నగరాల్గో ఒక నగరంగా అమరావతిని తయారు చేయాలని భావించానని అన్వారు
తుది రాగమవుతుంది,0.0,తుది రాగమవుతుంది,0.0,తుది రాగమవుతుంది,0.0,తుది రాగమవుతుంది,0.0,తుది రాగమవుతుంది
పోస్టు పేరు స్పెషల్ మేనేజ్మెంట్ ఎగ్జిక్యూటివ్ డిప్యూటీ మేనేజర్ డిప్యూటీ జనరల్ మేనేజర్,0.0,పోస్టు పేరు స్వెషల్ మేనేజ్శెంట్ ఎగ్జిక్యూటివ్ డిప్యూటీ మేనేజర్ డిప్యూటీ జనరల్ మేనేజర్,0.0,పోస్టు పేరు స్వెషల్ మేనేజ్శెంట్ ఎగ్జిక్యూటివ్ డిప్యూటీ మేనేజర్ డిప్యూటీ జనరల్ మేనేజర్,0.0,పోస్టు పేరు స్వెషల్ మేనేజ్శెంట్ ఎగ్జిక్యూటివ్ డిప్యూటీ మేనేజర్ డిప్యూటీ జనరల్ మేనేజర్,0.0,పోస్టు పేరు స్నెషల్ మేనేజ్శెంట్ ఎగ్జిక్యూటివ్ డిప్యూటీ మేనేజర్ డిప్యూటీ జనరల్ మేనేజర్
ఇది మిగతా రాష్ట్రాలకు అనుసరణీయం,0.0,ఇది మిగతా రాష్ట్రాలకు అనుసరణీయం,0.0,ఇది మిగతా రాష్ట్రాలకు అనుసరణీయం,0.0,ఇది మిగతా రాష్ట్రాలకు అనుసరణీయం,0.0,ఇది మిగతా రాష్ట్రాలకు అనుసరణీయం
నియంత్రణను సరళతరం క్రమబద్ధీకరణ గావించిన విషయాన్ని కూడా ప్రధానమంత్రి నొక్కి చెప్పారు,0.0,నియంత్రణను సరళతరం క్రమబద్డీకరణ గావించిన విషయాన్పి కూడా ప్రధానమంత్రి నొక్కి చెప్నారు,0.0,నియంత్రణను సరళతరం క్రమబద్డీకరణ గావించిన విషయాన్వి కూడా ప్రధానమంత్రి నొక్కి చెప్యారు,0.0,నియంత్రణను సరళతరం క్రమబద్డీకరణ గావించిన విషయాన్వి కూడా ప్రధానమంత్రి నొక్కి చెప్నారు,0.0,నియంత్రణను సరళతరం క్రమబద్గీకరణ గావించిన విషయాన్వి కూడా ప్రధానమంత్రి నొక్కి చెప్నారు
యూపీలో ఇద్దరు తలారీలు ఉండడంతోనే ఆ రాష్ట్ర జైళ్ల శాఖకు తీహార్ జైలు అధికారులు లేఖ రాశారు,0.0,యూపీలో ఇద్ రు తలారీలు ఉండడంతోనే ఆ రాష్ట్ర జైళ్ధ శాఖకు తీహార్ జైలు అధికారులు లేఖ రాశారు,0.0,యూపీలో ఇద్ధరు తలారీలు ఉండడంతోనే ఆ రాష్ట్ర జైళ్ధ శాఖకు తీహార్ జైలు అధికారులు లేఖ రాశారు,0.0,యూపీలో ఇద్ రు తలారీలు ఉండడంతోనే ఆ రాష్ట్ర జైళ్త శాఖకు తీహార్ జైలు అధికారులు లేఖ రాశారు,0.0,యూపీలో ఇద్ధరు తలారీలు ఉండడంతోనే ఆ రాష్ట్ర జైళ్త శాఖకు తీహార్ జైలు అధికారులు లేఖ రాశారు
పండు తెల్లబోవడం ముందు బాగా కొట్టుకుపోయిన చేయాలి,0.0,పండు తెల్గబోవడం ముందు బాగా కొట్టుకుపోయిన చేయాలి,0.0,పండు తెల్ధబోవడం ముందు బాగా కొట్టుకుపోయిన చేయాలి,0.0,పండు తెల్ధబోవడం ముందు బాగా కొట్టుకుపోయిన చేయాలి,0.0,పండు తెల్ధబోవడం ముందు బాగా కొట్టుకుపోయిన చేయాలి
న్యూఢిల్లీ దేశ రాజధాని ఢిల్లీలో మరో దారుణ ఘటన చోటుచేసుకుంది,0.0,న్యూఢిల్తీ దేశ రాజధాని ఢిల్ధీలో మరో దారుణ ఘటన చోటుచేసుకుంది,0.0,న్యూఢిల్తీ దేశ రాజధాని ఢిల్తీలో మరో దారుణ ఘటన చోటుచేసుకుంది,0.0,న్యూఢిల్ధీ దేశ రాజధాని ఢిల్ధీలో మరో దారుణ ఘటన చోటుచేసుకుంది,0.0,న్యూఢిల్ధీ దేశ రాజధాని ఢిల్ధీలో మరో దారుణ ఘటన చోటుచేసుకుంది
అతను అభావంగా ఉన్నాడు,0.0,అతను అభావంగా ఉన్వాడు,0.0,అతను అభావంగా ఉన్వాడు,0.0,అతను అభావంగా ఉన్పాడు,0.0,అతను అభావంగా ఉన్పాడు
మీరు వాడుతారా మీ ఐపీ చిరునామా బయల్పడవచ్చు ని అచేతనం చేసుకోవడం ద్వారా దాన్ని ఆపండి,0.0,మీరు వాడుతారా మీ ఐపీ చిరునామా బయల్యడవచ్వు ని అచేతనం చేసుకోవడం ద్నారా దాన్వి ఆపండి,0.0,మీరు వాడుతారా మీ ఐపీ చిరునామా బయల్యడవచ్సు ని అచేతనం చేసుకోవడం ద్పారా దాన్పి ఆపండి,0.0,మీరు వాడుతారా మీ ఐపీ చిరునామా బయల్యడవచ్వు ని అచేతనం చేసుకోవడం ద్సారా దాన్పి ఆపండి,0.0,మీరు వాడుతారా మీ ఐపీ చిరునామా బయల్సడవచ్వు ని అచేతనం చేసుకోవడం ద్పారా దాన్వి ఆపండి
కానీ మంచి కాదు,0.0,కానీ మంచి కాదు,0.0,కానీ మంచి కాదు,0.0,కానీ మంచి కాదు,0.0,కానీ మంచి కాదు
నేను ఎంత అడిగినా సమాధానం రాలేదు,0.0,నేను ఎంత అడిగినా సమాధానం రాలేదు,0.0,నేను ఎంత అడిగినా సమాధానం రాలేదు,0.0,నేను ఎంత అడిగినా సమాధానం రాలేదు,0.0,నేను ఎంత అడిగినా సమాధానం రాలేదు
మృతురాలి తల్లి ఫిర్యాదు మేరకు నిడదవోలు పోలీసులు కేసు నమోదు చేసుకుని దర్యాప్తు ప్రారంభించారు,0.0,మృతురాలి తల్తి ఫిర్యాదు మేరకు నిడదవోలు పోలీసులు కేసు నమోదు చేసుకుని దర్యాప్లు ప్రారంభించారు,0.0,మృతురాలి తల్తి ఫిర్యాదు మేరకు నిడదవోలు పోలీసులు కేసు నమోదు చేసుకుని దర్యాప్లు ప్రారంభించారు,0.0,మృతురాలి తల్తి ఫిర్యాదు మేరకు నిడదవోలు పోలీసులు కేసు నమోదు చేసుకుని దర్యాప్లు ప్రారంభించారు,0.0,మృతురాలి తల్ధి ఫిర్యాదు మేరకు నిడదవోలు పోలీసులు కేసు నమోదు చేసుకుని దర్యాప్లు ప్రారంభించారు
ఈ చిత్రంలో అనుష్కతోపాటు ఉన్ని ముకుందన్ జయరాం ఆశా సారథ్ నటించారు,0.0,ఈ చిత్రంలో అనుష్కతోపాటు ఉన్పి ముకుందన్ జయరాం ఆశా సారథ్ నటించారు,0.0,ఈ చిత్రంలో అనుష్కతోపాటు ఉన్పి ముకుందన్ జయరాం ఆశా సారథ్ నటించారు,0.0,ఈ చిత్రంలో అనుష్కతోపాటు ఉన్వి ముకుందన్ జయరాం ఆశా సారథ్ నటించారు,0.0,ఈ చిత్రంలో అనుష్కతోపాటు ఉన్వి ముకుందన్ జయరాం ఆశా సారథ్ నటించారు
మేం వినలేదు,0.0,మేం వినలేదు,0.0,మేం వినలేదు,0.0,మేం వినలేదు,0.0,మేం వినలేదు
లక్షలు సాయం చేస్తున్నట్లు ప్రకటించారు,0.0,లక్షలు సాయం చేస్లున్పట్గు ప్రకటించారు,0.0,లక్షలు సాయం చేస్లున్వట్ధు ప్రకటించారు,0.0,లక్షలు సాయం చేస్లున్వట్గు ప్రకటించారు,0.0,లక్షలు సాయం చేస్లున్వట్ధు ప్రకటించారు
హిందీ తెలుగు తమిళ్ ఇలా మూడు భాషల్లో నటిస్తున్నారు,0.0,హిందీ తెలుగు తమిళ్ ఇలా మూడు భాషల్గో నటిస్లున్పారు,0.0,హిందీ తెలుగు తమిళ్ ఇలా మూడు భాషల్తో నటిస్లున్వారు,0.0,హిందీ తెలుగు తమిళ్ ఇలా మూడు భాషల్తో నటిస్లున్వారు,0.0,హిందీ తెలుగు తమిళ్ ఇలా మూడు భాషల్గో నటిస్లున్వారు
ఇరు వర్గాలు కర్రలు గొడ్డళ్లతో దాడికి పాల్పడ్డారు,0.0,ఇరు వర్లాలు కర్రలు గొడ్దళ్గతో దాడికి పాల్యడ్ధారు,0.0,ఇరు వర్లాలు కర్రలు గొడ్ధళ్ధతో దాడికి పాల్వడ్దారు,0.0,ఇరు వర్లాలు కర్రలు గొడ్దళ్ధతో దాడికి పాల్వడ్దారు,0.0,ఇరు వర్లాలు కర్రలు గొడ్ధళ్ధతో దాడికి పాల్సడ్ధారు
కామ్ నివేదికలో వెల్లడైంది,0.0,కామ్ నివేదికలో వెల్తడైంది,0.0,కామ్ నివేదికలో వెల్గడైంది,0.0,కామ్ నివేదికలో వెల్గడైంది,0.0,కామ్ నివేదికలో వెల్తడైంది
కేసు నమోదు చేసిన దర్యాప్తు చేస్తున్నారు,0.0,కేసు నమోదు చేసిన దర్యాప్లు చేస్లున్వారు,0.0,కేసు నమోదు చేసిన దర్యాప్లు చేస్లున్పారు,0.0,కేసు నమోదు చేసిన దర్యాప్లు చేస్లున్పారు,0.0,కేసు నమోదు చేసిన దర్యాప్లు చేస్లున్పారు
మతపరమైన పటాలను ఉపయోగించడం మొదటి శతాబ్దపు క్రైస్తవత్వం నుండి వచ్చింది కానట్లైతే మరి ఎక్కడినుండి వచ్చినట్లు,0.0,మతపరమైన పటాలను ఉపయోగించడం మొదటి శతాబ్డపు క్రైస్లవత్సం నుండి వచ్వింది కానట్గైతే మరి ఎక్కడినుండి వచ్వినట్ధు,0.0,మతపరమైన పటాలను ఉపయోగించడం మొదటి శతాబ్ధపు క్రైస్లవత్నం నుండి వచ్సింది కానట్గైతే మరి ఎక్కడినుండి వచ్వినట్ధు,0.0,మతపరమైన పటాలను ఉపయోగించడం మొదటి శతాబ్ధపు క్రైస్లవత్చం నుండి వచ్సింది కానట్గైతే మరి ఎక్కడినుండి వచ్సినట్ధు,0.0,మతపరమైన పటాలను ఉపయోగించడం మొదటి శతాబ్డపు క్రైస్లవత్యం నుండి వచ్సింది కానట్గైతే మరి ఎక్కడినుండి వచ్సినట్ధు
అలాగే వైద్యులతో కూడా ఆయన మాట్లాడి శ్రీ వాజ్పేయీ ఆరోగ్యం గురించి అడిగి తెలుసుకొన్నారు,0.0,అలాగే వైద్యులతో కూడా ఆయన మాట్తాడి శ్రీ వాజ్నేయీ ఆరోగ్యం గురించి అడిగి తెలుసుకొన్వారు,0.0,అలాగే వైద్యులతో కూడా ఆయన మాట్ధాడి శ్రీ వాజ్యేయీ ఆరోగ్యం గురించి అడిగి తెలుసుకొన్వారు,0.0,అలాగే వైద్యులతో కూడా ఆయన మాట్తాడి శ్రీ వాజ్నేయీ ఆరోగ్యం గురించి అడిగి తెలుసుకొన్పారు,0.0,అలాగే వైద్యులతో కూడా ఆయన మాట్ధాడి శ్రీ వాజ్నేయీ ఆరోగ్యం గురించి అడిగి తెలుసుకొన్పారు
వరదలే కారణం,0.0,వరదలే కారణం,0.0,వరదలే కారణం,0.0,వరదలే కారణం,0.0,వరదలే కారణం
అలనాటి సావిత్రి జీవిత కథ ఆధారంగా నాగ్ అశ్విన్ మహానటి చిత్రాన్ని తెరకెక్కించారు,0.0,అలనాటి సావిత్రి జీవిత కథ ఆధారంగా నాగ్ అశ్నిన్ మహానటి చిత్రాన్పి తెరకెక్కించారు,0.0,అలనాటి సావిత్రి జీవిత కథ ఆధారంగా నాగ్ అశ్చిన్ మహానటి చిత్రాన్పి తెరకెక్కించారు,0.0,అలనాటి సావిత్రి జీవిత కథ ఆధారంగా నాగ్ అశ్సిన్ మహానటి చిత్రాన్వి తెరకెక్కించారు,0.0,అలనాటి సావిత్రి జీవిత కథ ఆధారంగా నాగ్ అశ్నిన్ మహానటి చిత్రాన్వి తెరకెక్కించారు
అతను మాకు తో వస్తోంది,0.0,అతను మాకు తో వస్లోంది,0.0,అతను మాకు తో వస్లోంది,0.0,అతను మాకు తో వస్లోంది,0.0,అతను మాకు తో వస్లోంది
ఇదేమైనా రోగమా,0.0,ఇదేమైనా రోగమా,0.0,ఇదేమైనా రోగమా,0.0,ఇదేమైనా రోగమా,0.0,ఇదేమైనా రోగమా
డబ్బు కోసం విలువ,0.0,డబ్బు కోసం విలువ,0.0,డబ్బు కోసం విలువ,0.0,డబ్బు కోసం విలువ,0.0,డబ్బు కోసం విలువ
ఈ ఉలుకేమిటి,0.0,ఈ ఉలుకేమిటి,0.0,ఈ ఉలుకేమిటి,0.0,ఈ ఉలుకేమిటి,0.0,ఈ ఉలుకేమిటి
నేను కాదు నువ్వే భలేవాడివి,0.0,నేను కాదు నువ్సే భలేవాడివి,0.0,నేను కాదు నువ్నే భలేవాడివి,0.0,నేను కాదు నువ్యే భలేవాడివి,0.0,నేను కాదు నువ్సే భలేవాడివి
అప్పుడున్న వ్యాపారాలేంటి,0.0,అప్యుడున్ప వ్యాపారాలేంటి,0.0,అప్వుడున్వ వ్యాపారాలేంటి,0.0,అప్నుడున్ప వ్యాపారాలేంటి,0.0,అప్వుడున్ప వ్యాపారాలేంటి
అన్నది ప్రశ్న తలెత్తుతుంది,0.0,అన్వది ప్రశ్వ తలెత్లుతుంది,0.0,అన్పది ప్రశ్ప తలెత్లుతుంది,0.0,అన్పది ప్రశ్ప తలెత్లుతుంది,0.0,అన్వది ప్రశ్వ తలెత్లుతుంది
లాంటి నిర్ణయం తీసుకుంటారో,0.0,లాంటి నిర్ణయం తీసుకుంటారో,0.0,లాంటి నిర్ణయం తీసుకుంటారో,0.0,లాంటి నిర్ణయం తీసుకుంటారో,0.0,లాంటి నిర్ణయం తీసుకుంటారో
లక్షల కోట్ల పెట్టుబడులు పెట్టింది,0.0,లక్షల కోట్గ పెట్టుబడులు పెట్టింది,0.0,లక్షల కోట్త పెట్టుబడులు పెట్టింది,0.0,లక్షల కోట్త పెట్టుబడులు పెట్టింది,0.0,లక్షల కోట్గ పెట్టుబడులు పెట్టింది
పంచాంగ ఫలమంటే,0.0,పంచాంగ ఫలమంటే,0.0,పంచాంగ ఫలమంటే,0.0,పంచాంగ ఫలమంటే,0.0,పంచాంగ ఫలమంటే
యుఎస్ కెనడా మరియు లలో,0.0,యుఎస్ కెనడా మరియు లలో,0.0,యుఎస్ కెనడా మరియు లలో,0.0,యుఎస్ కెనడా మరియు లలో,0.0,యుఎస్ కెనడా మరియు లలో
వీరిలో చాలామంది వైద్యం కోసం ప్రభుత్వ ఆసుపత్రులను ఆశ్రయిస్తున్నారు,0.0,వీరిలో చాలామంది వైద్యం కోసం ప్రభుత్చ ఆసుపత్రులను ఆశ్రయిస్లున్వారు,0.0,వీరిలో చాలామంది వైద్యం కోసం ప్రభుత్స ఆసుపత్రులను ఆశ్రయిస్లున్వారు,0.0,వీరిలో చాలామంది వైద్యం కోసం ప్రభుత్య ఆసుపత్రులను ఆశ్రయిస్లున్వారు,0.0,వీరిలో చాలామంది వైద్యం కోసం ప్రభుత్న ఆసుపత్రులను ఆశ్రయిస్లున్పారు
కోట్లు విడుదల,0.0,కోట్ధు విడుదల,0.0,కోట్ధు విడుదల,0.0,కోట్ధు విడుదల,0.0,కోట్తు విడుదల
నరేంద్రమోదీ ప్రభుత్వం రైతుల ప్రయోజనాల కోసం వారి ఆదాయాన్ని రెట్టింపు చేయడం కోసమే పనిచేస్తోంది అని గోయెల్ వెల్లడించారు,0.0,నరేంద్రమోదీ ప్రభుత్సం రైతుల ప్రయోజనాల కోసం వారి ఆదాయాన్వి రెట్టింపు చేయడం కోసమే పనిచేస్లోంది అని గోయెల్ వెల్గడించారు,0.0,నరేంద్రమోదీ ప్రభుత్చం రైతుల ప్రయోజనాల కోసం వారి ఆదాయాన్పి రెట్టింపు చేయడం కోసమే పనిచేస్లోంది అని గోయెల్ వెల్గడించారు,0.0,నరేంద్రమోదీ ప్రభుత్యం రైతుల ప్రయోజనాల కోసం వారి ఆదాయాన్పి రెట్టింపు చేయడం కోసమే పనిచేస్లోంది అని గోయెల్ వెల్తడించారు,0.0,నరేంద్రమోదీ ప్రభుత్చం రైతుల ప్రయోజనాల కోసం వారి ఆదాయాన్పి రెట్టింపు చేయడం కోసమే పనిచేస్లోంది అని గోయెల్ వెల్గడించారు
డెకా రికార్డ్ కంపెనీ ఏజెంట్ లో బీటిల్స్ అనే మ్యూజిక్ బ్యాండ్ను తిరస్కరించాడు,0.0,డెకా రికార్ద్ కంపెనీ ఏజెంట్ లో బీటిల్వ్ అనే మ్యూజిక్ బ్యాండ్వు తిరస్కరించాడు,0.0,డెకా రికార్ధ్ కంపెనీ ఏజెంట్ లో బీటిల్న్ అనే మ్యూజిక్ బ్యాండ్పు తిరస్కరించాడు,0.0,డెకా రికార్ధ్ కంపెనీ ఏజెంట్ లో బీటిల్ప్ అనే మ్యూజిక్ బ్యాండ్వు తిరస్కరించాడు,0.0,డెకా రికార్ద్ కంపెనీ ఏజెంట్ లో బీటిల్ప్ అనే మ్యూజిక్ బ్యాండ్వు తిరస్కరించాడు
ఐపీఎల్ టోర్నీ చరిత్రలో ఓ అమెరికన్ క్రికెటర్ ఆడడం ఇదే తొలిసారి,0.0,ఐపీఎల్ టోర్వీ చరిత్రలో ఓ అమెరికన్ క్రికెటర్ ఆడడం ఇదే తొలిసారి,0.0,ఐపీఎల్ టోర్పీ చరిత్రలో ఓ అమెరికన్ క్రికెటర్ ఆడడం ఇదే తొలిసారి,0.0,ఐపీఎల్ టోర్వీ చరిత్రలో ఓ అమెరికన్ క్రికెటర్ ఆడడం ఇదే తొలిసారి,0.0,ఐపీఎల్ టోర్వీ చరిత్రలో ఓ అమెరికన్ క్రికెటర్ ఆడడం ఇదే తొలిసారి
అతను కేవలం పరుగులను వద్ద క్యాచ్ తీసుకోకుండా ఆడారు కానీ భారతదేశం మొత్తం అన్ని మ్యాచ్లనూ సులభంగా గెలిచింది,0.0,అతను కేవలం పరుగులను వద్ధ క్యాచ్ తీసుకోకుండా ఆడారు కానీ భారతదేశం మొత్లం అన్పి మ్యాచ్ధనూ సులభంగా గెలిచింది,0.0,అతను కేవలం పరుగులను వద్ధ క్యాచ్ తీసుకోకుండా ఆడారు కానీ భారతదేశం మొత్లం అన్పి మ్యాచ్తనూ సులభంగా గెలిచింది,0.0,అతను కేవలం పరుగులను వద్డ క్యాచ్ తీసుకోకుండా ఆడారు కానీ భారతదేశం మొత్లం అన్వి మ్యాచ్తనూ సులభంగా గెలిచింది,0.0,అతను కేవలం పరుగులను వద్  క్యాచ్ తీసుకోకుండా ఆడారు కానీ భారతదేశం మొత్లం అన్పి మ్యాచ్తనూ సులభంగా గెలిచింది
ఇక కేవలం ఆరోగ్యపరంగానే కాదు,0.0,ఇక కేవలం ఆరోగ్యపరంగానే కాదు,0.0,ఇక కేవలం ఆరోగ్యపరంగానే కాదు,0.0,ఇక కేవలం ఆరోగ్యపరంగానే కాదు,0.0,ఇక కేవలం ఆరోగ్యపరంగానే కాదు
భారత్లో మొబైల్ వినియోగదారులు మిలియన్ల మంది ఉన్నారు,0.0,భారత్గో మొబైల్ వినియోగదారులు మిలియన్గ మంది ఉన్వారు,0.0,భారత్ధో మొబైల్ వినియోగదారులు మిలియన్గ మంది ఉన్పారు,0.0,భారత్తో మొబైల్ వినియోగదారులు మిలియన్త మంది ఉన్వారు,0.0,భారత్గో మొబైల్ వినియోగదారులు మిలియన్గ మంది ఉన్పారు
నేను చదువుతాను ఇక్కడ,0.0,నేను చదువుతాను ఇక్కడ,0.0,నేను చదువుతాను ఇక్కడ,0.0,నేను చదువుతాను ఇక్కడ,0.0,నేను చదువుతాను ఇక్కడ
దీంతో ధరలు మరింత పెరిగే అవకాశం ఉందన్నారు,0.0,దీంతో ధరలు మరింత పెరిగే అవకాశం ఉందన్వారు,0.0,దీంతో ధరలు మరింత పెరిగే అవకాశం ఉందన్వారు,0.0,దీంతో ధరలు మరింత పెరిగే అవకాశం ఉందన్వారు,0.0,దీంతో ధరలు మరింత పెరిగే అవకాశం ఉందన్వారు
తరువాత ఉప్పునీరు పోయాలి,0.0,తరువాత ఉప్సునీరు పోయాలి,0.0,తరువాత ఉప్సునీరు పోయాలి,0.0,తరువాత ఉప్సునీరు పోయాలి,0.0,తరువాత ఉప్యునీరు పోయాలి
జనాలు బయటకు వెళ్ళాలన్నా బయపడుతున్నారు,0.0,జనాలు బయటకు వెళ్ళాలన్వా బయపడుతున్వారు,0.0,జనాలు బయటకు వెళ్ళాలన్వా బయపడుతున్పారు,0.0,జనాలు బయటకు వెళ్ళాలన్పా బయపడుతున్పారు,0.0,జనాలు బయటకు వెళ్ళాలన్వా బయపడుతున్వారు
చైనా అమెరికా తరువాత అత్యధిక స్థాయిలో భారత్ చమురు వినియోగిస్తోంది,0.0,చైనా అమెరికా తరువాత అత్యధిక స్థాయిలో భారత్ చమురు వినియోగిస్లోంది,0.0,చైనా అమెరికా తరువాత అత్యధిక స్థాయిలో భారత్ చమురు వినియోగిస్లోంది,0.0,చైనా అమెరికా తరువాత అత్యధిక స్థాయిలో భారత్ చమురు వినియోగిస్లోంది,0.0,చైనా అమెరికా తరువాత అత్యధిక స్థాయిలో భారత్ చమురు వినియోగిస్లోంది
తమిళనాడు కేంద్రపాలిత ప్రాంతం పుదుచ్చేరిలో గత గంటల్లో కొత్త కేసుల నమోదుతోపాటు మరణాలు నమోదయ్యాయి,0.0,తమిళనాడు కేంద్రపాలిత ప్రాంతం పుదుచ్సేరిలో గత గంటల్గో కొత్ల కేసుల నమోదుతోపాటు మరణాలు నమోదయ్యాయి,0.0,తమిళనాడు కేంద్రపాలిత ప్రాంతం పుదుచ్వేరిలో గత గంటల్గో కొత్ల కేసుల నమోదుతోపాటు మరణాలు నమోదయ్యాయి,0.0,తమిళనాడు కేంద్రపాలిత ప్రాంతం పుదుచ్సేరిలో గత గంటల్గో కొత్ల కేసుల నమోదుతోపాటు మరణాలు నమోదయ్యాయి,0.0,తమిళనాడు కేంద్రపాలిత ప్రాంతం పుదుచ్సేరిలో గత గంటల్ధో కొత్ల కేసుల నమోదుతోపాటు మరణాలు నమోదయ్యాయి
ఈ దంపతులకు ముగ్గురు సంతానం,0.0,ఈ దంపతులకు ముగ్ఠురు సంతానం,0.0,ఈ దంపతులకు ముగ్ధురు సంతానం,0.0,ఈ దంపతులకు ముగ్ఠురు సంతానం,0.0,ఈ దంపతులకు ముగ్లురు సంతానం
ఉగ్రవాద చర్యలకు పాల్పడ్డారనే అభియోగాలపై సౌదీ అరేబియా మందికి సామూహిక మరణదండన అమలు చేసింది,0.0,ఉగ్రవాద చర్యలకు పాల్వడ్ధారనే అభియోగాలపై సౌదీ అరేబియా మందికి సామూహిక మరణదండన అమలు చేసింది,0.0,ఉగ్రవాద చర్యలకు పాల్వడ్దారనే అభియోగాలపై సౌదీ అరేబియా మందికి సామూహిక మరణదండన అమలు చేసింది,0.0,ఉగ్రవాద చర్యలకు పాల్సడ్ధారనే అభియోగాలపై సౌదీ అరేబియా మందికి సామూహిక మరణదండన అమలు చేసింది,0.0,ఉగ్రవాద చర్యలకు పాల్సడ్దారనే అభియోగాలపై సౌదీ అరేబియా మందికి సామూహిక మరణదండన అమలు చేసింది
అనంతరం తప్పించుకొని పారిపోయారు,0.0,అనంతరం తప్వించుకొని పారిపోయారు,0.0,అనంతరం తప్సించుకొని పారిపోయారు,0.0,అనంతరం తప్వించుకొని పారిపోయారు,0.0,అనంతరం తప్వించుకొని పారిపోయారు
ఈ ఫోన్లో మొత్తం నాలుగు కెమెరాలు ఉన్నాయి,0.0,ఈ ఫోన్ధో మొత్లం నాలుగు కెమెరాలు ఉన్పాయి,0.0,ఈ ఫోన్తో మొత్లం నాలుగు కెమెరాలు ఉన్పాయి,0.0,ఈ ఫోన్గో మొత్లం నాలుగు కెమెరాలు ఉన్పాయి,0.0,ఈ ఫోన్తో మొత్లం నాలుగు కెమెరాలు ఉన్పాయి
శ్రీ వెంకటేశ్వర క్రియేషన్స్ పతాకం పై స్టార్ ప్రొడ్యూసర్ నిర్మాత దిల్ రాజు సినిమాను నిర్మిస్తున్నారు,0.0,శ్రీ వెంకటేశ్సర క్రియేషన్వ్ పతాకం పై స్టార్ ప్రొడ్యూసర్ నిర్శాత దిల్ రాజు సినిమాను నిర్శిస్లున్వారు,0.0,శ్రీ వెంకటేశ్నర క్రియేషన్ప్ పతాకం పై స్టార్ ప్రొడ్యూసర్ నిర్శాత దిల్ రాజు సినిమాను నిర్శిస్లున్వారు,0.0,శ్రీ వెంకటేశ్నర క్రియేషన్వ్ పతాకం పై స్టార్ ప్రొడ్యూసర్ నిర్శాత దిల్ రాజు సినిమాను నిర్శిస్లున్వారు,0.0,శ్రీ వెంకటేశ్పర క్రియేషన్చ్ పతాకం పై స్టార్ ప్రొడ్యూసర్ నిర్శాత దిల్ రాజు సినిమాను నిర్శిస్లున్వారు
న్యాయమూర్తి రవీందర్రెడ్డి రాజానామా తిరస్కరణ,0.0,న్యాయమూర్లి రవీందర్రెడ్ధి రాజానామా తిరస్కరణ,0.0,న్యాయమూర్లి రవీందర్రెడ్ధి రాజానామా తిరస్కరణ,0.0,న్యాయమూర్లి రవీందర్రెడ్ది రాజానామా తిరస్కరణ,0.0,న్యాయమూర్లి రవీందర్రెడ్ది రాజానామా తిరస్కరణ
రచయితలు తమ రచనలకు కొత్తమెరుగులు దిద్దుకోవచ్చును,0.0,రచయితలు తమ రచనలకు కొత్లమెరుగులు దిద్ ుకోవచ్వును,0.0,రచయితలు తమ రచనలకు కొత్లమెరుగులు దిద్ ుకోవచ్సును,0.0,రచయితలు తమ రచనలకు కొత్లమెరుగులు దిద్డుకోవచ్వును,0.0,రచయితలు తమ రచనలకు కొత్లమెరుగులు దిద్ధుకోవచ్సును
హైదరాబాద్ టీమిండియా మాజీ కెప్టెన్ మహ్మద్ అజహరుద్దీన్ కుమారుడు అసదుద్దీన్ భారత టెన్నిస్,0.0,హైదరాబాద్ టీమిండియా మాజీ కెప్టెన్ మహ్శద్ అజహరుద్డీన్ కుమారుడు అసదుద్ధీన్ భారత టెన్విస్,0.0,హైదరాబాద్ టీమిండియా మాజీ కెప్టెన్ మహ్శద్ అజహరుద్డీన్ కుమారుడు అసదుద్ధీన్ భారత టెన్పిస్,0.0,హైదరాబాద్ టీమిండియా మాజీ కెప్టెన్ మహ్శద్ అజహరుద్ధీన్ కుమారుడు అసదుద్ ీన్ భారత టెన్పిస్,0.0,హైదరాబాద్ టీమిండియా మాజీ కెప్టెన్ మహ్శద్ అజహరుద్ధీన్ కుమారుడు అసదుద్ధీన్ భారత టెన్పిస్
మృతుల కుటుంబాలకు ఆయన ప్రగాఢ సానుభూతిని తెలియజేశారు,0.0,మృతుల కుటుంబాలకు ఆయన ప్రగాఢ సానుభూతిని తెలియజేశారు,0.0,మృతుల కుటుంబాలకు ఆయన ప్రగాఢ సానుభూతిని తెలియజేశారు,0.0,మృతుల కుటుంబాలకు ఆయన ప్రగాఢ సానుభూతిని తెలియజేశారు,0.0,మృతుల కుటుంబాలకు ఆయన ప్రగాఢ సానుభూతిని తెలియజేశారు
చేధించిన పోలీసులు,0.0,చేధించిన పోలీసులు,0.0,చేధించిన పోలీసులు,0.0,చేధించిన పోలీసులు,0.0,చేధించిన పోలీసులు
ఈ చిత్రానికి అమిత్ త్రివేది సంగీతాన్ని అందిస్తున్నారు,0.0,ఈ చిత్రానికి అమిత్ త్రివేది సంగీతాన్వి అందిస్లున్పారు,0.0,ఈ చిత్రానికి అమిత్ త్రివేది సంగీతాన్పి అందిస్లున్పారు,0.0,ఈ చిత్రానికి అమిత్ త్రివేది సంగీతాన్వి అందిస్లున్వారు,0.0,ఈ చిత్రానికి అమిత్ త్రివేది సంగీతాన్పి అందిస్లున్పారు
సినిమా ఆద్యంతం నెమ్మదిగా సాగుతూ రెండవ భాగం అయితే మరీ బోర్ కొట్టిస్తుంది,0.0,సినిమా ఆద్యంతం నెమ్శదిగా సాగుతూ రెండవ భాగం అయితే మరీ బోర్ కొట్టిస్లుంది,0.0,సినిమా ఆద్యంతం నెమ్శదిగా సాగుతూ రెండవ భాగం అయితే మరీ బోర్ కొట్టిస్లుంది,0.0,సినిమా ఆద్యంతం నెమ్శదిగా సాగుతూ రెండవ భాగం అయితే మరీ బోర్ కొట్టిస్లుంది,0.0,సినిమా ఆద్యంతం నెమ్శదిగా సాగుతూ రెండవ భాగం అయితే మరీ బోర్ కొట్టిస్లుంది
ఈ నేపథ్యంలో అక్కడి ప్రభుత్వం కీలక నిర్ణయం తీసుకుంది,0.0,ఈ నేపథ్యంలో అక్కడి ప్రభుత్సం కీలక నిర్ణయం తీసుకుంది,0.0,ఈ నేపథ్యంలో అక్కడి ప్రభుత్పం కీలక నిర్ణయం తీసుకుంది,0.0,ఈ నేపథ్యంలో అక్కడి ప్రభుత్యం కీలక నిర్ణయం తీసుకుంది,0.0,ఈ నేపథ్యంలో అక్కడి ప్రభుత్నం కీలక నిర్ణయం తీసుకుంది
ఈ ఎన్నికల్లో మూడు ప్యానల్స్ బరిలోకి దిగాయి,0.0,ఈ ఎన్పికల్ధో మూడు ప్యానల్ప్ బరిలోకి దిగాయి,0.0,ఈ ఎన్వికల్తో మూడు ప్యానల్వ్ బరిలోకి దిగాయి,0.0,ఈ ఎన్వికల్గో మూడు ప్యానల్న్ బరిలోకి దిగాయి,0.0,ఈ ఎన్పికల్గో మూడు ప్యానల్చ్ బరిలోకి దిగాయి
అసలు ఆ రోజు ఏం జరిగింది అంత గొప్ప విశేషాలు ఏమిటి అంటే,0.0,అసలు ఆ రోజు ఏం జరిగింది అంత గొప్స విశేషాలు ఏమిటి అంటే,0.0,అసలు ఆ రోజు ఏం జరిగింది అంత గొప్న విశేషాలు ఏమిటి అంటే,0.0,అసలు ఆ రోజు ఏం జరిగింది అంత గొప్య విశేషాలు ఏమిటి అంటే,0.0,అసలు ఆ రోజు ఏం జరిగింది అంత గొప్వ విశేషాలు ఏమిటి అంటే
ఈ చిత్రంలో కాజల్ హీరోయిన్,0.0,ఈ చిత్రంలో కాజల్ హీరోయిన్,0.0,ఈ చిత్రంలో కాజల్ హీరోయిన్,0.0,ఈ చిత్రంలో కాజల్ హీరోయిన్,0.0,ఈ చిత్రంలో కాజల్ హీరోయిన్
ఈ విషయాన్నీ పత్రికలు మరియు చానల్స్ ప్రసారం చేసాయి,0.0,ఈ విషయాన్వీ పత్రికలు మరియు చానల్చ్ ప్రసారం చేసాయి,0.0,ఈ విషయాన్వీ పత్రికలు మరియు చానల్ప్ ప్రసారం చేసాయి,0.0,ఈ విషయాన్వీ పత్రికలు మరియు చానల్న్ ప్రసారం చేసాయి,0.0,ఈ విషయాన్వీ పత్రికలు మరియు చానల్న్ ప్రసారం చేసాయి
నాకు డబ్బుల మీద వ్యామోహం లేదు,0.0,నాకు డబ్బుల మీద వ్యామోహం లేదు,0.0,నాకు డబ్బుల మీద వ్యామోహం లేదు,0.0,నాకు డబ్బుల మీద వ్యామోహం లేదు,0.0,నాకు డబ్బుల మీద వ్యామోహం లేదు
లూషియర్స్ సాతానువాదులు,0.0,లూషియర్చ్ సాతానువాదులు,0.0,లూషియర్వ్ సాతానువాదులు,0.0,లూషియర్చ్ సాతానువాదులు,0.0,లూషియర్న్ సాతానువాదులు
దేశవ్యాప్తంగా మకర సంక్రాంతి వేడుకలు ఘనంగా జరుగుతున్నాయి,0.0,దేశవ్యాప్లంగా మకర సంక్రాంతి వేడుకలు ఘనంగా జరుగుతున్పాయి,0.0,దేశవ్యాప్లంగా మకర సంక్రాంతి వేడుకలు ఘనంగా జరుగుతున్పాయి,0.0,దేశవ్యాప్లంగా మకర సంక్రాంతి వేడుకలు ఘనంగా జరుగుతున్వాయి,0.0,దేశవ్యాప్లంగా మకర సంక్రాంతి వేడుకలు ఘనంగా జరుగుతున్పాయి
ఒక్కో లావాదేవీపై రూ,0.0,ఒక్కో లావాదేవీపై రూ,0.0,ఒక్కో లావాదేవీపై రూ,0.0,ఒక్కో లావాదేవీపై రూ,0.0,ఒక్కో లావాదేవీపై రూ
ఇక మెగా ఫ్యామిలీ పెద్దలు సైతం ఈ సినిమా పట్ల ఎక్కువ శ్రద్ద చూపుతున్నారు,0.0,ఇక మెగా ఫ్యామిలీ పెద్డలు సైతం ఈ సినిమా పట్త ఎక్కువ శ్రద్ధ చూపుతున్పారు,0.0,ఇక మెగా ఫ్యామిలీ పెద్డలు సైతం ఈ సినిమా పట్త ఎక్కువ శ్రద్  చూపుతున్వారు,0.0,ఇక మెగా ఫ్యామిలీ పెద్డలు సైతం ఈ సినిమా పట్గ ఎక్కువ శ్రద్ధ చూపుతున్వారు,0.0,ఇక మెగా ఫ్యామిలీ పెద్ధలు సైతం ఈ సినిమా పట్ధ ఎక్కువ శ్రద్ధ చూపుతున్వారు
కత్రినా ప్రియాంక చోప్రా బంధువుల ఇళ్లలో కూడా సోదాలు జరుగుతున్నాయి,0.0,కత్రినా ప్రియాంక చోప్రా బంధువుల ఇళ్తలో కూడా సోదాలు జరుగుతున్పాయి,0.0,కత్రినా ప్రియాంక చోప్రా బంధువుల ఇళ్తలో కూడా సోదాలు జరుగుతున్వాయి,0.0,కత్రినా ప్రియాంక చోప్రా బంధువుల ఇళ్గలో కూడా సోదాలు జరుగుతున్వాయి,0.0,కత్రినా ప్రియాంక చోప్రా బంధువుల ఇళ్ధలో కూడా సోదాలు జరుగుతున్పాయి
దృశ్యం సినిమా రివ్యూ,0.0,దృశ్యం సినిమా రివ్యూ,0.0,దృశ్యం సినిమా రివ్యూ,0.0,దృశ్యం సినిమా రివ్యూ,0.0,దృశ్యం సినిమా రివ్యూ
గమనించిన స్థానికులు వెంటనే దంపతులిద్దరినీ ఏలూరు ప్రభుత్వ ఆసుపత్రికి తరలించారు,0.0,గమనించిన స్థానికులు వెంటనే దంపతులిద్డరినీ ఏలూరు ప్రభుత్న ఆసుపత్రికి తరలించారు,0.0,గమనించిన స్థానికులు వెంటనే దంపతులిద్ రినీ ఏలూరు ప్రభుత్స ఆసుపత్రికి తరలించారు,0.0,గమనించిన స్థానికులు వెంటనే దంపతులిద్ధరినీ ఏలూరు ప్రభుత్స ఆసుపత్రికి తరలించారు,0.0,గమనించిన స్థానికులు వెంటనే దంపతులిద్ధరినీ ఏలూరు ప్రభుత్న ఆసుపత్రికి తరలించారు
ఆసక్తికరమైన నిజాలు,0.0,ఆసక్లికరమైన నిజాలు,0.0,ఆసక్లికరమైన నిజాలు,0.0,ఆసక్లికరమైన నిజాలు,0.0,ఆసక్లికరమైన నిజాలు
స్పత్రికి తీసుకెళుతుండగా మార్గంమధ్యలో తల్లితోపాటు ప్రాణాలు విడిచాడు,0.0,స్పత్రికి తీసుకెళుతుండగా మార్ఠంమధ్యలో తల్ధితోపాటు ప్రాణాలు విడిచాడు,0.0,స్పత్రికి తీసుకెళుతుండగా మార్ఠంమధ్యలో తల్ధితోపాటు ప్రాణాలు విడిచాడు,0.0,స్పత్రికి తీసుకెళుతుండగా మార్ఠంమధ్యలో తల్ధితోపాటు ప్రాణాలు విడిచాడు,0.0,స్పత్రికి తీసుకెళుతుండగా మార్ధంమధ్యలో తల్ధితోపాటు ప్రాణాలు విడిచాడు
ఇది సరైనది కావాలి,0.0,ఇది సరైనది కావాలి,0.0,ఇది సరైనది కావాలి,0.0,ఇది సరైనది కావాలి,0.0,ఇది సరైనది కావాలి
ఉద్యోగాలు చేస్తున్నాం,0.0,ఉద్యోగాలు చేస్లున్పాం,0.0,ఉద్యోగాలు చేస్లున్పాం,0.0,ఉద్యోగాలు చేస్లున్వాం,0.0,ఉద్యోగాలు చేస్లున్వాం
ప్రభుత్వ పథకాల సంగతి,0.0,ప్రభుత్ప పథకాల సంగతి,0.0,ప్రభుత్న పథకాల సంగతి,0.0,ప్రభుత్న పథకాల సంగతి,0.0,ప్రభుత్చ పథకాల సంగతి
బలమైన ఫ్రీజ్థా చక్రాలు రాత్రి సమయంలో ఉపరితల క్రస్ట్లు ఏర్పడతాయి పగటిపూట అస్థిర ఉపరితల మంచు ఏర్పడతాయి,0.0,బలమైన ఫ్రీజ్థా చక్రాలు రాత్రి సమయంలో ఉపరితల క్రస్ట్ధు ఏర్సడతాయి పగటిపూట అస్థిర ఉపరితల మంచు ఏర్సడతాయి,0.0,బలమైన ఫ్రీజ్థా చక్రాలు రాత్రి సమయంలో ఉపరితల క్రస్ట్తు ఏర్వడతాయి పగటిపూట అస్థిర ఉపరితల మంచు ఏర్వడతాయి,0.0,బలమైన ఫ్రీజ్థా చక్రాలు రాత్రి సమయంలో ఉపరితల క్రస్ట్ధు ఏర్వడతాయి పగటిపూట అస్థిర ఉపరితల మంచు ఏర్నడతాయి,0.0,బలమైన ఫ్రీజ్థా చక్రాలు రాత్రి సమయంలో ఉపరితల క్రస్ట్ధు ఏర్సడతాయి పగటిపూట అస్థిర ఉపరితల మంచు ఏర్నడతాయి
బాదాం నూనె,0.0,బాదాం నూనె,0.0,బాదాం నూనె,0.0,బాదాం నూనె,0.0,బాదాం నూనె
పోలీసులు కనికరించలేదు,0.0,పోలీసులు కనికరించలేదు,0.0,పోలీసులు కనికరించలేదు,0.0,పోలీసులు కనికరించలేదు,0.0,పోలీసులు కనికరించలేదు
ఆమె మాటలను హేళన చేయలేరు,0.0,ఆమె మాటలను హేళన చేయలేరు,0.0,ఆమె మాటలను హేళన చేయలేరు,0.0,ఆమె మాటలను హేళన చేయలేరు,0.0,ఆమె మాటలను హేళన చేయలేరు
ప్రతిక్షపార్టీ కాంగ్రెస్ పార్టీ,0.0,ప్రతిక్షపార్టీ కాంగ్రెస్ పార్టీ,0.0,ప్రతిక్షపార్టీ కాంగ్రెస్ పార్టీ,0.0,ప్రతిక్షపార్టీ కాంగ్రెస్ పార్టీ,0.0,ప్రతిక్షపార్టీ కాంగ్రెస్ పార్టీ
అభీష్ట వినియోగదారుని దృవీకరణ సిస్టమ్ తెలియజేయుటలో దోషం,0.0,అభీష్ట వినియోగదారుని దృవీకరణ సిస్టమ్ తెలియజేయుటలో దోషం,0.0,అభీష్ట వినియోగదారుని దృవీకరణ సిస్టమ్ తెలియజేయుటలో దోషం,0.0,అభీష్ట వినియోగదారుని దృవీకరణ సిస్టమ్ తెలియజేయుటలో దోషం,0.0,అభీష్ట వినియోగదారుని దృవీకరణ సిస్టమ్ తెలియజేయుటలో దోషం
ప్రధానమంత్రి నరేంద్రమోడీపై చేసిన అనుచిత వ్యాఖ్యలపై క్షమాపణ చెప్పాలని ఆయన డిమాండ్ చేశారు,0.0,ప్రధానమంత్రి నరేంద్రమోడీపై చేసిన అనుచిత వ్యాఖ్యలపై క్షమాపణ చెప్వాలని ఆయన డిమాండ్ చేశారు,0.0,ప్రధానమంత్రి నరేంద్రమోడీపై చేసిన అనుచిత వ్యాఖ్యలపై క్షమాపణ చెప్సాలని ఆయన డిమాండ్ చేశారు,0.0,ప్రధానమంత్రి నరేంద్రమోడీపై చేసిన అనుచిత వ్యాఖ్యలపై క్షమాపణ చెప్యాలని ఆయన డిమాండ్ చేశారు,0.0,ప్రధానమంత్రి నరేంద్రమోడీపై చేసిన అనుచిత వ్యాఖ్యలపై క్షమాపణ చెప్యాలని ఆయన డిమాండ్ చేశారు
తెలంగాణా లో రెండు సీట్లకు ఆంధ్రప్రదేశ్ లో నాలుగు స్థానాలకు ఎన్నికల ప్రహసనం మొదలు అయ్యింది,0.0,తెలంగాణా లో రెండు సీట్ధకు ఆంధ్రప్రదేశ్ లో నాలుగు స్థానాలకు ఎన్పికల ప్రహసనం మొదలు అయ్యింది,0.0,తెలంగాణా లో రెండు సీట్గకు ఆంధ్రప్రదేశ్ లో నాలుగు స్థానాలకు ఎన్వికల ప్రహసనం మొదలు అయ్యింది,0.0,తెలంగాణా లో రెండు సీట్తకు ఆంధ్రప్రదేశ్ లో నాలుగు స్థానాలకు ఎన్వికల ప్రహసనం మొదలు అయ్యింది,0.0,తెలంగాణా లో రెండు సీట్తకు ఆంధ్రప్రదేశ్ లో నాలుగు స్థానాలకు ఎన్పికల ప్రహసనం మొదలు అయ్యింది
ఈ పరిస్థితుల్లో ఆమె ఏం చేయాలి,0.0,ఈ పరిస్థితుల్ధో ఆమె ఏం చేయాలి,0.0,ఈ పరిస్థితుల్గో ఆమె ఏం చేయాలి,0.0,ఈ పరిస్థితుల్ధో ఆమె ఏం చేయాలి,0.0,ఈ పరిస్థితుల్ధో ఆమె ఏం చేయాలి
విరిగిన గుండె,0.0,విరిగిన గుండె,0.0,విరిగిన గుండె,0.0,విరిగిన గుండె,0.0,విరిగిన గుండె
చివరగా వేయించి పెట్టుకున్న నువ్ఞ్వలూ కొబ్బరిముక్కలూ బేకింగ్సోడా వేసి కలపాలి,0.0,చివరగా వేయించి పెట్టుకున్ప నువ్ఞ్పలూ కొబ్బరిముక్కలూ బేకింగ్చోడా వేసి కలపాలి,0.0,చివరగా వేయించి పెట్టుకున్వ నువ్ఞ్నలూ కొబ్బరిముక్కలూ బేకింగ్నోడా వేసి కలపాలి,0.0,చివరగా వేయించి పెట్టుకున్వ నువ్ఞ్నలూ కొబ్బరిముక్కలూ బేకింగ్పోడా వేసి కలపాలి,0.0,చివరగా వేయించి పెట్టుకున్వ నువ్ఞ్యలూ కొబ్బరిముక్కలూ బేకింగ్వోడా వేసి కలపాలి
అయితే అది జరగలేదు మరి అంతటి కీలక అంశంలో జగన్ మడమ తిప్పారా,0.0,అయితే అది జరగలేదు మరి అంతటి కీలక అంశంలో జగన్ మడమ తిప్నారా,0.0,అయితే అది జరగలేదు మరి అంతటి కీలక అంశంలో జగన్ మడమ తిప్యారా,0.0,అయితే అది జరగలేదు మరి అంతటి కీలక అంశంలో జగన్ మడమ తిప్సారా,0.0,అయితే అది జరగలేదు మరి అంతటి కీలక అంశంలో జగన్ మడమ తిప్వారా
ఇప్పుడు పూర్తిగా నిలిపి వేసింది,0.0,ఇప్నుడు పూర్లిగా నిలిపి వేసింది,0.0,ఇప్సుడు పూర్లిగా నిలిపి వేసింది,0.0,ఇప్నుడు పూర్లిగా నిలిపి వేసింది,0.0,ఇప్వుడు పూర్లిగా నిలిపి వేసింది
లక్షల చొప్పున ఖర్చు కానుంది,0.0,లక్షల చొప్నున ఖర్సు కానుంది,0.0,లక్షల చొప్నున ఖర్వు కానుంది,0.0,లక్షల చొప్వున ఖర్వు కానుంది,0.0,లక్షల చొప్వున ఖర్వు కానుంది
మృతుడికి భార్య సరోజన ఇద్దరు కొడుకులున్నారు,0.0,మృతుడికి భార్య సరోజన ఇద్ రు కొడుకులున్వారు,0.0,మృతుడికి భార్య సరోజన ఇద్ధరు కొడుకులున్వారు,0.0,మృతుడికి భార్య సరోజన ఇద్డరు కొడుకులున్వారు,0.0,మృతుడికి భార్య సరోజన ఇద్ రు కొడుకులున్పారు
దీనిపై నేను ఏ విధంగా స్పందించాలి,0.0,దీనిపై నేను ఏ విధంగా స్వందించాలి,0.0,దీనిపై నేను ఏ విధంగా స్నందించాలి,0.0,దీనిపై నేను ఏ విధంగా స్నందించాలి,0.0,దీనిపై నేను ఏ విధంగా స్సందించాలి
హైదరాబాద్ లోని రాజ్ భవన్ లో ఉగాది వేడుకలు ఘనంగా జరిగాయి,0.0,హైదరాబాద్ లోని రాజ్ భవన్ లో ఉగాది వేడుకలు ఘనంగా జరిగాయి,0.0,హైదరాబాద్ లోని రాజ్ భవన్ లో ఉగాది వేడుకలు ఘనంగా జరిగాయి,0.0,హైదరాబాద్ లోని రాజ్ భవన్ లో ఉగాది వేడుకలు ఘనంగా జరిగాయి,0.0,హైదరాబాద్ లోని రాజ్ భవన్ లో ఉగాది వేడుకలు ఘనంగా జరిగాయి
ఈ పోటీలో పాయింట్లతో అగ్రస్థానంలో నీలకంఠ రెండవ స్థానంలో లెబనీస్ పోటీదారు మూడో స్థానంలో యుఏఈ పోటీదారు ఉన్నారు,0.0,ఈ పోటీలో పాయింట్గతో అగ్రస్థానంలో నీలకంఠ రెండవ స్థానంలో లెబనీస్ పోటీదారు మూడో స్థానంలో యుఏఈ పోటీదారు ఉన్వారు,0.0,ఈ పోటీలో పాయింట్గతో అగ్రస్థానంలో నీలకంఠ రెండవ స్థానంలో లెబనీస్ పోటీదారు మూడో స్థానంలో యుఏఈ పోటీదారు ఉన్వారు,0.0,ఈ పోటీలో పాయింట్తతో అగ్రస్థానంలో నీలకంఠ రెండవ స్థానంలో లెబనీస్ పోటీదారు మూడో స్థానంలో యుఏఈ పోటీదారు ఉన్పారు,0.0,ఈ పోటీలో పాయింట్ధతో అగ్రస్థానంలో నీలకంఠ రెండవ స్థానంలో లెబనీస్ పోటీదారు మూడో స్థానంలో యుఏఈ పోటీదారు ఉన్పారు
శరీరంలోని టిష్యూలు సంకోచ వ్యాకోచాలను కోల్పోయి గట్టిగా అయిపోతాయి,0.0,శరీరంలోని టిష్యూలు సంకోచ వ్యాకోచాలను కోల్సోయి గట్టిగా అయిపోతాయి,0.0,శరీరంలోని టిష్యూలు సంకోచ వ్యాకోచాలను కోల్నోయి గట్టిగా అయిపోతాయి,0.0,శరీరంలోని టిష్యూలు సంకోచ వ్యాకోచాలను కోల్నోయి గట్టిగా అయిపోతాయి,0.0,శరీరంలోని టిష్యూలు సంకోచ వ్యాకోచాలను కోల్నోయి గట్టిగా అయిపోతాయి
ెండు భాగాలుగా ప్రేక్షకులు ముందు రావడంతో ఈ సినిమా బాక్సాఫీస్ దగ్గర ప్రేక్షకులను ఆకట్టుకోవడంలో విఫలమయింది,0.0,ెండు భాగాలుగా ప్రేక్షకులు ముందు రావడంతో ఈ సినిమా బాక్పాఫీస్ దగ్ఠర ప్రేక్షకులను ఆకట్టుకోవడంలో విఫలమయింది,0.0,ెండు భాగాలుగా ప్రేక్షకులు ముందు రావడంతో ఈ సినిమా బాక్వాఫీస్ దగ్లర ప్రేక్షకులను ఆకట్టుకోవడంలో విఫలమయింది,0.0,ెండు భాగాలుగా ప్రేక్షకులు ముందు రావడంతో ఈ సినిమా బాక్నాఫీస్ దగ్ఠర ప్రేక్షకులను ఆకట్టుకోవడంలో విఫలమయింది,0.0,ెండు భాగాలుగా ప్రేక్షకులు ముందు రావడంతో ఈ సినిమా బాక్వాఫీస్ దగ్ఠర ప్రేక్షకులను ఆకట్టుకోవడంలో విఫలమయింది
బెంగళూరు ప్రెస్క్లబ్లో ప్రకాష్రాజ్ మీడియాతో మాట్లాడాడు,0.0,బెంగళూరు ప్రెస్క్గబ్తో ప్రకాష్రాజ్ మీడియాతో మాట్తాడాడు,0.0,బెంగళూరు ప్రెస్క్ధబ్గో ప్రకాష్రాజ్ మీడియాతో మాట్తాడాడు,0.0,బెంగళూరు ప్రెస్క్తబ్తో ప్రకాష్రాజ్ మీడియాతో మాట్ధాడాడు,0.0,బెంగళూరు ప్రెస్క్ధబ్గో ప్రకాష్రాజ్ మీడియాతో మాట్తాడాడు
గురువు మరియు మిత్రుడైన,0.0,గురువు మరియు మిత్రుడైన,0.0,గురువు మరియు మిత్రుడైన,0.0,గురువు మరియు మిత్రుడైన,0.0,గురువు మరియు మిత్రుడైన
అనే ప్రశ్న చాలామంది మదిలో ఉండొచ్చు,0.0,అనే ప్రశ్వ చాలామంది మదిలో ఉండొచ్వు,0.0,అనే ప్రశ్ప చాలామంది మదిలో ఉండొచ్వు,0.0,అనే ప్రశ్వ చాలామంది మదిలో ఉండొచ్వు,0.0,అనే ప్రశ్వ చాలామంది మదిలో ఉండొచ్సు
మాకు పండంటి మగబిడ్డ పుట్టాడు,0.0,మాకు పండంటి మగబిడ్ధ పుట్టాడు,0.0,మాకు పండంటి మగబిడ్ద పుట్టాడు,0.0,మాకు పండంటి మగబిడ్ద పుట్టాడు,0.0,మాకు పండంటి మగబిడ్ధ పుట్టాడు
గ్రంథాలయ విజ్ఞానములో వెంకటప్పయ్య తాకని అంశం లేదు,0.0,గ్రంథాలయ విజ్ఞానములో వెంకటప్యయ్య తాకని అంశం లేదు,0.0,గ్రంథాలయ విజ్ఞానములో వెంకటప్వయ్య తాకని అంశం లేదు,0.0,గ్రంథాలయ విజ్ఞానములో వెంకటప్సయ్య తాకని అంశం లేదు,0.0,గ్రంథాలయ విజ్ఞానములో వెంకటప్యయ్య తాకని అంశం లేదు
ఓ ఫైనాన్స్ కంపెనీలో పని చేస్తున్నాడు,0.0,ఓ ఫైనాన్వ్ కంపెనీలో పని చేస్లున్వాడు,0.0,ఓ ఫైనాన్న్ కంపెనీలో పని చేస్లున్వాడు,0.0,ఓ ఫైనాన్న్ కంపెనీలో పని చేస్లున్వాడు,0.0,ఓ ఫైనాన్ప్ కంపెనీలో పని చేస్లున్వాడు
దాంతో ఉద్యోగం రావడం లేదు,0.0,దాంతో ఉద్యోగం రావడం లేదు,0.0,దాంతో ఉద్యోగం రావడం లేదు,0.0,దాంతో ఉద్యోగం రావడం లేదు,0.0,దాంతో ఉద్యోగం రావడం లేదు
సతీశ్ వేగశ్న ఈచిత్రానికి దర్శకత్వం వహించగా ప్రముఖ నిర్మాత దిల్ రాజు నిర్మించారు,0.0,సతీశ్ వేగశ్వ ఈచిత్రానికి దర్మకత్సం వహించగా ప్రముఖ నిర్శాత దిల్ రాజు నిర్శించారు,0.0,సతీశ్ వేగశ్ప ఈచిత్రానికి దర్మకత్పం వహించగా ప్రముఖ నిర్శాత దిల్ రాజు నిర్శించారు,0.0,సతీశ్ వేగశ్వ ఈచిత్రానికి దర్మకత్చం వహించగా ప్రముఖ నిర్శాత దిల్ రాజు నిర్శించారు,0.0,సతీశ్ వేగశ్వ ఈచిత్రానికి దర్మకత్చం వహించగా ప్రముఖ నిర్శాత దిల్ రాజు నిర్శించారు
మొదటి ఒకటి మొదటి ముక్కు అదే ముక్కు ఉంది అప్పుడు అది బ్లేడ్లు కదిలే అప్పుడు తేడా ఉంది,0.0,మొదటి ఒకటి మొదటి ముక్కు అదే ముక్కు ఉంది అప్యుడు అది బ్ధేడ్ధు కదిలే అప్వుడు తేడా ఉంది,0.0,మొదటి ఒకటి మొదటి ముక్కు అదే ముక్కు ఉంది అప్వుడు అది బ్గేడ్గు కదిలే అప్సుడు తేడా ఉంది,0.0,మొదటి ఒకటి మొదటి ముక్కు అదే ముక్కు ఉంది అప్వుడు అది బ్గేడ్ధు కదిలే అప్యుడు తేడా ఉంది,0.0,మొదటి ఒకటి మొదటి ముక్కు అదే ముక్కు ఉంది అప్నుడు అది బ్ధేడ్గు కదిలే అప్నుడు తేడా ఉంది
మీరు గర్భవతి అయితే,0.0,మీరు గర్భవతి అయితే,0.0,మీరు గర్భవతి అయితే,0.0,మీరు గర్భవతి అయితే,0.0,మీరు గర్భవతి అయితే
పొడి తులసి టీస్పూన్,0.0,పొడి తులసి టీస్వూన్,0.0,పొడి తులసి టీస్నూన్,0.0,పొడి తులసి టీస్నూన్,0.0,పొడి తులసి టీస్సూన్
పాలకూరలో కాల్షియమే కాకూండా పీచుఐరన్ విటమిన్ ఎ కూడా సమృద్ధిగా ఉంటాయి,0.0,పాలకూరలో కాల్షియమే కాకూండా పీచుఐరన్ విటమిన్ ఎ కూడా సమృద్లిగా ఉంటాయి,0.0,పాలకూరలో కాల్షియమే కాకూండా పీచుఐరన్ విటమిన్ ఎ కూడా సమృద్డిగా ఉంటాయి,0.0,పాలకూరలో కాల్షియమే కాకూండా పీచుఐరన్ విటమిన్ ఎ కూడా సమృద్లిగా ఉంటాయి,0.0,పాలకూరలో కాల్షియమే కాకూండా పీచుఐరన్ విటమిన్ ఎ కూడా సమృద్డిగా ఉంటాయి
ప్రస్తుత కేసుల సంఖ్య యాక్టివ్ మరణాలు డిశ్చార్జి అయినవి గా ఉన్నాయి,0.0,ప్రస్లుత కేసుల సంఖ్య యాక్టివ్ మరణాలు డిశ్వార్జి అయినవి గా ఉన్పాయి,0.0,ప్రస్లుత కేసుల సంఖ్య యాక్టివ్ మరణాలు డిశ్సార్జి అయినవి గా ఉన్పాయి,0.0,ప్రస్లుత కేసుల సంఖ్య యాక్టివ్ మరణాలు డిశ్వార్జి అయినవి గా ఉన్వాయి,0.0,ప్రస్లుత కేసుల సంఖ్య యాక్టివ్ మరణాలు డిశ్వార్జి అయినవి గా ఉన్వాయి
ఎస్ డాడీ మీరు శిక్షణను ఎంతగా ఎంజాయ్ చేశారో మాకు తెలుసు,0.0,ఎస్ డాడీ మీరు శిక్షణను ఎంతగా ఎంజాయ్ చేశారో మాకు తెలుసు,0.0,ఎస్ డాడీ మీరు శిక్షణను ఎంతగా ఎంజాయ్ చేశారో మాకు తెలుసు,0.0,ఎస్ డాడీ మీరు శిక్షణను ఎంతగా ఎంజాయ్ చేశారో మాకు తెలుసు,0.0,ఎస్ డాడీ మీరు శిక్షణను ఎంతగా ఎంజాయ్ చేశారో మాకు తెలుసు
రాజస్థాన్లో సిపిఎం రెండు అసెంబ్లీ స్థానాలను గెలుచు కుంది,0.0,రాజస్థాన్గో సిపిఎం రెండు అసెంబ్ధీ స్థానాలను గెలుచు కుంది,0.0,రాజస్థాన్ధో సిపిఎం రెండు అసెంబ్తీ స్థానాలను గెలుచు కుంది,0.0,రాజస్థాన్ధో సిపిఎం రెండు అసెంబ్గీ స్థానాలను గెలుచు కుంది,0.0,రాజస్థాన్గో సిపిఎం రెండు అసెంబ్ధీ స్థానాలను గెలుచు కుంది
మొదట పంజాబ్ కేరళ మహారాష్ట్ర కర్ణాటక దిల్లీలో ఈ పథకాన్ని పైలెట్ ప్రాజెక్ట్గా చేపట్టనున్నారు,0.0,మొదట పంజాబ్ కేరళ మహారాష్ట్ర కర్ణాటక దిల్గీలో ఈ పథకాన్వి పైలెట్ ప్రాజెక్ట్ఠా చేపట్టనున్వారు,0.0,మొదట పంజాబ్ కేరళ మహారాష్ట్ర కర్ణాటక దిల్ధీలో ఈ పథకాన్పి పైలెట్ ప్రాజెక్ట్ధా చేపట్టనున్పారు,0.0,మొదట పంజాబ్ కేరళ మహారాష్ట్ర కర్ణాటక దిల్ధీలో ఈ పథకాన్పి పైలెట్ ప్రాజెక్ట్ధా చేపట్టనున్వారు,0.0,మొదట పంజాబ్ కేరళ మహారాష్ట్ర కర్ణాటక దిల్తీలో ఈ పథకాన్వి పైలెట్ ప్రాజెక్ట్లా చేపట్టనున్వారు
పెళ్లికి ముందు కన్యత్వ పరీక్ష,0.0,పెళ్తికి ముందు కన్యత్న పరీక్ష,0.0,పెళ్తికి ముందు కన్యత్ప పరీక్ష,0.0,పెళ్ధికి ముందు కన్యత్య పరీక్ష,0.0,పెళ్తికి ముందు కన్యత్య పరీక్ష
అనంతరం బోధనా వృత్తిలోకి వచ్చారు,0.0,అనంతరం బోధనా వృత్లిలోకి వచ్వారు,0.0,అనంతరం బోధనా వృత్లిలోకి వచ్వారు,0.0,అనంతరం బోధనా వృత్లిలోకి వచ్వారు,0.0,అనంతరం బోధనా వృత్లిలోకి వచ్వారు
ఇలా అంచనా వేశారు,0.0,ఇలా అంచనా వేశారు,0.0,ఇలా అంచనా వేశారు,0.0,ఇలా అంచనా వేశారు,0.0,ఇలా అంచనా వేశారు
స్కూటర్ను వేగంతో వచ్చిన ట్రక్కు ఢీకొట్టింది,0.0,స్కూటర్వు వేగంతో వచ్విన ట్రక్కు ఢీకొట్టింది,0.0,స్కూటర్వు వేగంతో వచ్సిన ట్రక్కు ఢీకొట్టింది,0.0,స్కూటర్వు వేగంతో వచ్సిన ట్రక్కు ఢీకొట్టింది,0.0,స్కూటర్పు వేగంతో వచ్సిన ట్రక్కు ఢీకొట్టింది
నాలుగు నెలల నుంచి తన కొడుకుని కలవలేదని ఆమె తెలపారు,0.0,నాలుగు నెలల నుంచి తన కొడుకుని కలవలేదని ఆమె తెలపారు,0.0,నాలుగు నెలల నుంచి తన కొడుకుని కలవలేదని ఆమె తెలపారు,0.0,నాలుగు నెలల నుంచి తన కొడుకుని కలవలేదని ఆమె తెలపారు,0.0,నాలుగు నెలల నుంచి తన కొడుకుని కలవలేదని ఆమె తెలపారు
పని చేసుకుంటున్నాం బ్రతుకుతున్నాం అంతే,0.0,పని చేసుకుంటున్పాం బ్రతుకుతున్పాం అంతే,0.0,పని చేసుకుంటున్పాం బ్రతుకుతున్పాం అంతే,0.0,పని చేసుకుంటున్పాం బ్రతుకుతున్పాం అంతే,0.0,పని చేసుకుంటున్పాం బ్రతుకుతున్పాం అంతే
మళ్లీ తిరిగిరాలేదు,0.0,మళ్గీ తిరిగిరాలేదు,0.0,మళ్గీ తిరిగిరాలేదు,0.0,మళ్గీ తిరిగిరాలేదు,0.0,మళ్తీ తిరిగిరాలేదు
నయనతార విజయ్ సేతుపతి జగపతిబాబు తమన్నా తదితరులు ప్రధాన పాత్రలు పోషిస్తున్నారు,0.0,నయనతార విజయ్ సేతుపతి జగపతిబాబు తమన్పా తదితరులు ప్రధాన పాత్రలు పోషిస్లున్వారు,0.0,నయనతార విజయ్ సేతుపతి జగపతిబాబు తమన్పా తదితరులు ప్రధాన పాత్రలు పోషిస్లున్పారు,0.0,నయనతార విజయ్ సేతుపతి జగపతిబాబు తమన్పా తదితరులు ప్రధాన పాత్రలు పోషిస్లున్వారు,0.0,నయనతార విజయ్ సేతుపతి జగపతిబాబు తమన్పా తదితరులు ప్రధాన పాత్రలు పోషిస్లున్పారు
ఆటా వారి వెబ్ సైటు,0.0,ఆటా వారి వెబ్ సైటు,0.0,ఆటా వారి వెబ్ సైటు,0.0,ఆటా వారి వెబ్ సైటు,0.0,ఆటా వారి వెబ్ సైటు
రాక్స్టార్ దేవీ శ్రీప్రసాద్ సంగీతం అందిస్తున్నాడు,0.0,రాక్చ్టార్ దేవీ శ్రీప్రసాద్ సంగీతం అందిస్లున్పాడు,0.0,రాక్ప్టార్ దేవీ శ్రీప్రసాద్ సంగీతం అందిస్లున్వాడు,0.0,రాక్న్టార్ దేవీ శ్రీప్రసాద్ సంగీతం అందిస్లున్పాడు,0.0,రాక్వ్టార్ దేవీ శ్రీప్రసాద్ సంగీతం అందిస్లున్పాడు
వ్యతిరేకులు మనల్ని చంపేస్తామని బెదిరించినా యెహోవాపట్ల ఆయన రాజ్యంపట్ల విశ్వసనీయంగా ఉండేందుకు పునరుత్థాన నిరీక్షణ మనలను ఓదార్చి బలపరుస్తుంది,0.0,వ్యతిరేకులు మనల్వి చంపేస్లామని బెదిరించినా యెహోవాపట్గ ఆయన రాజ్యంపట్ధ విశ్పసనీయంగా ఉండేందుకు పునరుత్థాన నిరీక్షణ మనలను ఓదార్వి బలపరుస్లుంది,0.0,వ్యతిరేకులు మనల్వి చంపేస్లామని బెదిరించినా యెహోవాపట్ధ ఆయన రాజ్యంపట్గ విశ్పసనీయంగా ఉండేందుకు పునరుత్థాన నిరీక్షణ మనలను ఓదార్సి బలపరుస్లుంది,0.0,వ్యతిరేకులు మనల్వి చంపేస్లామని బెదిరించినా యెహోవాపట్గ ఆయన రాజ్యంపట్గ విశ్ససనీయంగా ఉండేందుకు పునరుత్థాన నిరీక్షణ మనలను ఓదార్వి బలపరుస్లుంది,0.0,వ్యతిరేకులు మనల్వి చంపేస్లామని బెదిరించినా యెహోవాపట్త ఆయన రాజ్యంపట్గ విశ్నసనీయంగా ఉండేందుకు పునరుత్థాన నిరీక్షణ మనలను ఓదార్వి బలపరుస్లుంది
ఆ మేరకు పార్టీలోనూ ఆయనకు గౌరవం లభించింది,0.0,ఆ మేరకు పార్టీలోనూ ఆయనకు గౌరవం లభించింది,0.0,ఆ మేరకు పార్టీలోనూ ఆయనకు గౌరవం లభించింది,0.0,ఆ మేరకు పార్టీలోనూ ఆయనకు గౌరవం లభించింది,0.0,ఆ మేరకు పార్టీలోనూ ఆయనకు గౌరవం లభించింది
కానీ ఏ పనిలోనూ ఆమె మనసు పెట్టేది కాదు,0.0,కానీ ఏ పనిలోనూ ఆమె మనసు పెట్టేది కాదు,0.0,కానీ ఏ పనిలోనూ ఆమె మనసు పెట్టేది కాదు,0.0,కానీ ఏ పనిలోనూ ఆమె మనసు పెట్టేది కాదు,0.0,కానీ ఏ పనిలోనూ ఆమె మనసు పెట్టేది కాదు
వారి కుటుంబాలకు ప్రగాఢ సంతాపం ప్రకటించారు,0.0,వారి కుటుంబాలకు ప్రగాఢ సంతాపం ప్రకటించారు,0.0,వారి కుటుంబాలకు ప్రగాఢ సంతాపం ప్రకటించారు,0.0,వారి కుటుంబాలకు ప్రగాఢ సంతాపం ప్రకటించారు,0.0,వారి కుటుంబాలకు ప్రగాఢ సంతాపం ప్రకటించారు
ఎంతోమందితో మాట్లాడాం,0.0,ఎంతోమందితో మాట్తాడాం,0.0,ఎంతోమందితో మాట్ధాడాం,0.0,ఎంతోమందితో మాట్తాడాం,0.0,ఎంతోమందితో మాట్ధాడాం
ళ్ళీ కెలికిన ఆర్జీవీ,0.0,ళ్ళీ కెలికిన ఆర్జీవీ,0.0,ళ్ళీ కెలికిన ఆర్జీవీ,0.0,ళ్ళీ కెలికిన ఆర్జీవీ,0.0,ళ్ళీ కెలికిన ఆర్జీవీ
ఏప్రిల్లో ఉత్తరప్రదేశ్ ముఖ్యమంత్రి యోగి ఆదిత్యనాథ్ ఫేస్బుక్ పేజీ అన్ని ముఖ్యమంత్రుల ఫేస్బుక్ పేజీలలో అత్యంత ప్రాచుర్యం పొందింది,0.0,ఏప్రిల్గో ఉత్లరప్రదేశ్ ముఖ్యమంత్రి యోగి ఆదిత్యనాథ్ ఫేస్బుక్ పేజీ అన్పి ముఖ్యమంత్రుల ఫేస్బుక్ పేజీలలో అత్యంత ప్రాచుర్యం పొందింది,0.0,ఏప్రిల్ధో ఉత్లరప్రదేశ్ ముఖ్యమంత్రి యోగి ఆదిత్యనాథ్ ఫేస్బుక్ పేజీ అన్వి ముఖ్యమంత్రుల ఫేస్బుక్ పేజీలలో అత్యంత ప్రాచుర్యం పొందింది,0.0,ఏప్రిల్ధో ఉత్లరప్రదేశ్ ముఖ్యమంత్రి యోగి ఆదిత్యనాథ్ ఫేస్బుక్ పేజీ అన్పి ముఖ్యమంత్రుల ఫేస్బుక్ పేజీలలో అత్యంత ప్రాచుర్యం పొందింది,0.0,ఏప్రిల్తో ఉత్లరప్రదేశ్ ముఖ్యమంత్రి యోగి ఆదిత్యనాథ్ ఫేస్బుక్ పేజీ అన్పి ముఖ్యమంత్రుల ఫేస్బుక్ పేజీలలో అత్యంత ప్రాచుర్యం పొందింది
అల్పాహారం పాలు టీ బ్రెడ్ మరియు వెన్న తో బుక్వీట్ గంజి,0.0,అల్యాహారం పాలు టీ బ్రెడ్ మరియు వెన్వ తో బుక్యీట్ గంజి,0.0,అల్వాహారం పాలు టీ బ్రెడ్ మరియు వెన్ప తో బుక్యీట్ గంజి,0.0,అల్నాహారం పాలు టీ బ్రెడ్ మరియు వెన్వ తో బుక్సీట్ గంజి,0.0,అల్వాహారం పాలు టీ బ్రెడ్ మరియు వెన్ప తో బుక్నీట్ గంజి
బీజేపీ జేడీయూ సమాన సీట్లలో బరిలోకి దిగుతుంది,0.0,బీజేపీ జేడీయూ సమాన సీట్గలో బరిలోకి దిగుతుంది,0.0,బీజేపీ జేడీయూ సమాన సీట్గలో బరిలోకి దిగుతుంది,0.0,బీజేపీ జేడీయూ సమాన సీట్గలో బరిలోకి దిగుతుంది,0.0,బీజేపీ జేడీయూ సమాన సీట్తలో బరిలోకి దిగుతుంది
వారి సేవలను కొనియాడారు,0.0,వారి సేవలను కొనియాడారు,0.0,వారి సేవలను కొనియాడారు,0.0,వారి సేవలను కొనియాడారు,0.0,వారి సేవలను కొనియాడారు
కాంగ్రెస్ శివసేన తరఫున సీనియర్ న్యాయవాది కపిల్ సిబాల్ వాదనలు వినిపిస్తున్నారు,0.0,కాంగ్రెస్ శివసేన తరఫున సీనియర్ న్యాయవాది కపిల్ సిబాల్ వాదనలు వినిపిస్లున్పారు,0.0,కాంగ్రెస్ శివసేన తరఫున సీనియర్ న్యాయవాది కపిల్ సిబాల్ వాదనలు వినిపిస్లున్పారు,0.0,కాంగ్రెస్ శివసేన తరఫున సీనియర్ న్యాయవాది కపిల్ సిబాల్ వాదనలు వినిపిస్లున్వారు,0.0,కాంగ్రెస్ శివసేన తరఫున సీనియర్ న్యాయవాది కపిల్ సిబాల్ వాదనలు వినిపిస్లున్వారు
ఇంగ్లాండ్ గడ్డపై అసలైన పోరుకు సిద్ధమవుతోన్న ఇండియా,0.0,ఇంగ్తాండ్ గడ్దపై అసలైన పోరుకు సిద్దమవుతోన్ప ఇండియా,0.0,ఇంగ్తాండ్ గడ్దపై అసలైన పోరుకు సిద్లమవుతోన్వ ఇండియా,0.0,ఇంగ్ధాండ్ గడ్దపై అసలైన పోరుకు సిద్డమవుతోన్వ ఇండియా,0.0,ఇంగ్ధాండ్ గడ్ధపై అసలైన పోరుకు సిద్డమవుతోన్ప ఇండియా
ఇది దక్షిణ భారతదేశం లో గల అత్యంత ప్రధాన రైల్వే స్టేషన్లలో ఒకటి,0.0,ఇది దక్షిణ భారతదేశం లో గల అత్యంత ప్రధాన రైల్యే స్టేషన్ధలో ఒకటి,0.0,ఇది దక్షిణ భారతదేశం లో గల అత్యంత ప్రధాన రైల్సే స్టేషన్ధలో ఒకటి,0.0,ఇది దక్షిణ భారతదేశం లో గల అత్యంత ప్రధాన రైల్సే స్టేషన్తలో ఒకటి,0.0,ఇది దక్షిణ భారతదేశం లో గల అత్యంత ప్రధాన రైల్నే స్టేషన్ధలో ఒకటి
భారత జట్టు మనోనిబ్బరాన్ని ప్రోదిచేసేలా చీఫ్ కోచ్ రవిశాస్త్రి ప్రయత్నిస్తున్నాడు,0.0,భారత జట్టు మనోనిబ్బరాన్పి ప్రోదిచేసేలా చీఫ్ కోచ్ రవిశాస్ల్రి ప్రయత్విస్లున్పాడు,0.0,భారత జట్టు మనోనిబ్బరాన్వి ప్రోదిచేసేలా చీఫ్ కోచ్ రవిశాస్ల్రి ప్రయత్విస్లున్వాడు,0.0,భారత జట్టు మనోనిబ్బరాన్పి ప్రోదిచేసేలా చీఫ్ కోచ్ రవిశాస్ల్రి ప్రయత్విస్లున్పాడు,0.0,భారత జట్టు మనోనిబ్బరాన్వి ప్రోదిచేసేలా చీఫ్ కోచ్ రవిశాస్ల్రి ప్రయత్విస్లున్వాడు
తగినంత సరైనది అనిపిస్తుంది కానీ ఇది నిజంగా అర్థం ఏమిటి,0.0,తగినంత సరైనది అనిపిస్లుంది కానీ ఇది నిజంగా అర్థం ఏమిటి,0.0,తగినంత సరైనది అనిపిస్లుంది కానీ ఇది నిజంగా అర్థం ఏమిటి,0.0,తగినంత సరైనది అనిపిస్లుంది కానీ ఇది నిజంగా అర్థం ఏమిటి,0.0,తగినంత సరైనది అనిపిస్లుంది కానీ ఇది నిజంగా అర్థం ఏమిటి
ఆ తరువాత వెచ్చటి నీటితో మసాజ్ చేయండి,0.0,ఆ తరువాత వెచ్వటి నీటితో మసాజ్ చేయండి,0.0,ఆ తరువాత వెచ్సటి నీటితో మసాజ్ చేయండి,0.0,ఆ తరువాత వెచ్సటి నీటితో మసాజ్ చేయండి,0.0,ఆ తరువాత వెచ్వటి నీటితో మసాజ్ చేయండి
కానీ ఒక పరిష్కారం ఉంది,0.0,కానీ ఒక పరిష్కారం ఉంది,0.0,కానీ ఒక పరిష్కారం ఉంది,0.0,కానీ ఒక పరిష్కారం ఉంది,0.0,కానీ ఒక పరిష్కారం ఉంది
మేము ఇప్పుడు ఇక్కడ ఉన్నారు,0.0,మేము ఇప్యుడు ఇక్కడ ఉన్వారు,0.0,మేము ఇప్సుడు ఇక్కడ ఉన్వారు,0.0,మేము ఇప్యుడు ఇక్కడ ఉన్పారు,0.0,మేము ఇప్వుడు ఇక్కడ ఉన్వారు
అంతకు మించిన కారణలేవీ లేవు అంటోంది,0.0,అంతకు మించిన కారణలేవీ లేవు అంటోంది,0.0,అంతకు మించిన కారణలేవీ లేవు అంటోంది,0.0,అంతకు మించిన కారణలేవీ లేవు అంటోంది,0.0,అంతకు మించిన కారణలేవీ లేవు అంటోంది
బైబిలు సూత్రాలను లక్ష్యపెట్టడం ద్వారా మనము నేడు సర్వసాధారణమైయున్న నేనే ముందు అనే వైఖరిని అధిగమించగలుగుతాము,0.0,బైబిలు సూత్రాలను లక్ష్యపెట్టడం ద్చారా మనము నేడు సర్చసాధారణమైయున్ప నేనే ముందు అనే వైఖరిని అధిగమించగలుగుతాము,0.0,బైబిలు సూత్రాలను లక్ష్యపెట్టడం ద్చారా మనము నేడు సర్పసాధారణమైయున్వ నేనే ముందు అనే వైఖరిని అధిగమించగలుగుతాము,0.0,బైబిలు సూత్రాలను లక్ష్యపెట్టడం ద్సారా మనము నేడు సర్చసాధారణమైయున్ప నేనే ముందు అనే వైఖరిని అధిగమించగలుగుతాము,0.0,బైబిలు సూత్రాలను లక్ష్యపెట్టడం ద్సారా మనము నేడు సర్నసాధారణమైయున్వ నేనే ముందు అనే వైఖరిని అధిగమించగలుగుతాము
ఇక్కడ సమస్యలను నివారించడానికి మీరు చేయగల కొన్ని విషయాలు ఇక్కడ ఉన్నాయి,0.0,ఇక్కడ సమస్యలను నివారించడానికి మీరు చేయగల కొన్పి విషయాలు ఇక్కడ ఉన్పాయి,0.0,ఇక్కడ సమస్యలను నివారించడానికి మీరు చేయగల కొన్పి విషయాలు ఇక్కడ ఉన్పాయి,0.0,ఇక్కడ సమస్యలను నివారించడానికి మీరు చేయగల కొన్పి విషయాలు ఇక్కడ ఉన్వాయి,0.0,ఇక్కడ సమస్యలను నివారించడానికి మీరు చేయగల కొన్వి విషయాలు ఇక్కడ ఉన్వాయి
ఆమెది హైదరాబాద్,0.0,ఆమెది హైదరాబాద్,0.0,ఆమెది హైదరాబాద్,0.0,ఆమెది హైదరాబాద్,0.0,ఆమెది హైదరాబాద్
నీళ్లు కూడా ఎక్కువ తాగాలి,0.0,నీళ్తు కూడా ఎక్కువ తాగాలి,0.0,నీళ్ధు కూడా ఎక్కువ తాగాలి,0.0,నీళ్ధు కూడా ఎక్కువ తాగాలి,0.0,నీళ్ధు కూడా ఎక్కువ తాగాలి
ఆర్ఒకె వ్యాపారం పరిశ్రమ మరియు శక్తి శాఖ మంత్రి శ్రీ కిమ్ హ్యున్చోంగ్,0.0,ఆర్ఒకె వ్యాపారం పరిశ్రమ మరియు శక్లి శాఖ మంత్రి శ్రీ కిమ్ హ్యున్సోంగ్,0.0,ఆర్ఒకె వ్యాపారం పరిశ్రమ మరియు శక్లి శాఖ మంత్రి శ్రీ కిమ్ హ్యున్వోంగ్,0.0,ఆర్ఒకె వ్యాపారం పరిశ్రమ మరియు శక్లి శాఖ మంత్రి శ్రీ కిమ్ హ్యున్వోంగ్,0.0,ఆర్ఒకె వ్యాపారం పరిశ్రమ మరియు శక్లి శాఖ మంత్రి శ్రీ కిమ్ హ్యున్వోంగ్
అధ్యక్షుడిగా గెలుపొందాలంటే స్థానాలకు గానూ కనీసం స్థానాల్లో విజయం సాధించాలి,0.0,అధ్యక్షుడిగా గెలుపొందాలంటే స్థానాలకు గానూ కనీసం స్థానాల్ధో విజయం సాధించాలి,0.0,అధ్యక్షుడిగా గెలుపొందాలంటే స్థానాలకు గానూ కనీసం స్థానాల్గో విజయం సాధించాలి,0.0,అధ్యక్షుడిగా గెలుపొందాలంటే స్థానాలకు గానూ కనీసం స్థానాల్ధో విజయం సాధించాలి,0.0,అధ్యక్షుడిగా గెలుపొందాలంటే స్థానాలకు గానూ కనీసం స్థానాల్ధో విజయం సాధించాలి
మోడీ ప్రపంచ టాప్ నేతల్లో ఒకరు,0.0,మోడీ ప్రపంచ టాప్ నేతల్తో ఒకరు,0.0,మోడీ ప్రపంచ టాప్ నేతల్తో ఒకరు,0.0,మోడీ ప్రపంచ టాప్ నేతల్ధో ఒకరు,0.0,మోడీ ప్రపంచ టాప్ నేతల్తో ఒకరు
కానీ దానివల్ల ప్రయోజనం ఉండదని నిపుణులు చెప్తున్నారు,0.0,కానీ దానివల్ధ ప్రయోజనం ఉండదని నిపుణులు చెప్లున్పారు,0.0,కానీ దానివల్ధ ప్రయోజనం ఉండదని నిపుణులు చెప్లున్వారు,0.0,కానీ దానివల్ధ ప్రయోజనం ఉండదని నిపుణులు చెప్లున్పారు,0.0,కానీ దానివల్గ ప్రయోజనం ఉండదని నిపుణులు చెప్లున్పారు
దేవిశ్రీ ప్రసాద్ సంగీతం అద్భుతంగా ఉన్నది,0.0,దేవిశ్రీ ప్రసాద్ సంగీతం అద్భుతంగా ఉన్పది,0.0,దేవిశ్రీ ప్రసాద్ సంగీతం అద్భుతంగా ఉన్పది,0.0,దేవిశ్రీ ప్రసాద్ సంగీతం అద్భుతంగా ఉన్పది,0.0,దేవిశ్రీ ప్రసాద్ సంగీతం అద్భుతంగా ఉన్వది
ఆశా దృక్పధం కలిగి వుండండి,0.0,ఆశా దృక్వధం కలిగి వుండండి,0.0,ఆశా దృక్సధం కలిగి వుండండి,0.0,ఆశా దృక్నధం కలిగి వుండండి,0.0,ఆశా దృక్వధం కలిగి వుండండి
ఎందుకంటే రోజుల క్వారంటైన్లో అతడు గదికే పరిమితమయ్యాడు,0.0,ఎందుకంటే రోజుల క్యారంటైన్తో అతడు గదికే పరిమితమయ్యాడు,0.0,ఎందుకంటే రోజుల క్పారంటైన్గో అతడు గదికే పరిమితమయ్యాడు,0.0,ఎందుకంటే రోజుల క్సారంటైన్ధో అతడు గదికే పరిమితమయ్యాడు,0.0,ఎందుకంటే రోజుల క్యారంటైన్గో అతడు గదికే పరిమితమయ్యాడు
తొలి బంతినే ఫోర్ గా మలిచాడు,0.0,తొలి బంతినే ఫోర్ గా మలిచాడు,0.0,తొలి బంతినే ఫోర్ గా మలిచాడు,0.0,తొలి బంతినే ఫోర్ గా మలిచాడు,0.0,తొలి బంతినే ఫోర్ గా మలిచాడు
విటమిన్ ప్రాధమికంగా జంతు ఉత్పత్తులలో లభిస్తుంది,0.0,విటమిన్ ప్రాధమికంగా జంతు ఉత్సత్లులలో లభిస్లుంది,0.0,విటమిన్ ప్రాధమికంగా జంతు ఉత్నత్లులలో లభిస్లుంది,0.0,విటమిన్ ప్రాధమికంగా జంతు ఉత్నత్లులలో లభిస్లుంది,0.0,విటమిన్ ప్రాధమికంగా జంతు ఉత్వత్లులలో లభిస్లుంది
రిజర్వేషను లేదు,0.0,రిజర్యేషను లేదు,0.0,రిజర్పేషను లేదు,0.0,రిజర్నేషను లేదు,0.0,రిజర్సేషను లేదు
సుప్రీంకోర్టులోనూ ఢిల్లీ హైకోర్టులోనూ పనిచేశారు,0.0,సుప్రీంకోర్టులోనూ ఢిల్గీ హైకోర్టులోనూ పనిచేశారు,0.0,సుప్రీంకోర్టులోనూ ఢిల్ధీ హైకోర్టులోనూ పనిచేశారు,0.0,సుప్రీంకోర్టులోనూ ఢిల్గీ హైకోర్టులోనూ పనిచేశారు,0.0,సుప్రీంకోర్టులోనూ ఢిల్గీ హైకోర్టులోనూ పనిచేశారు
న్యూయార్ విశ్వవిద్యాలయం ఫెలోషిప్,0.0,న్యూయార్ విశ్చవిద్యాలయం ఫెలోషిప్,0.0,న్యూయార్ విశ్యవిద్యాలయం ఫెలోషిప్,0.0,న్యూయార్ విశ్నవిద్యాలయం ఫెలోషిప్,0.0,న్యూయార్ విశ్యవిద్యాలయం ఫెలోషిప్
రాహుల్ జోహ్రీపై వచ్చిన ఆరోపణలకు బీసీసీఐ ఓ విచారణ కమిటీని ఆదేశించింది,0.0,రాహుల్ జోహ్రీపై వచ్విన ఆరోపణలకు బీసీసీఐ ఓ విచారణ కమిటీని ఆదేశించింది,0.0,రాహుల్ జోహ్రీపై వచ్విన ఆరోపణలకు బీసీసీఐ ఓ విచారణ కమిటీని ఆదేశించింది,0.0,రాహుల్ జోహ్రీపై వచ్సిన ఆరోపణలకు బీసీసీఐ ఓ విచారణ కమిటీని ఆదేశించింది,0.0,రాహుల్ జోహ్రీపై వచ్సిన ఆరోపణలకు బీసీసీఐ ఓ విచారణ కమిటీని ఆదేశించింది
కాంగ్రెస్ హయాంలో జరిగిన కుంభకోణాలు ఎక్కడా జరగలేదన్నారు,0.0,కాంగ్రెస్ హయాంలో జరిగిన కుంభకోణాలు ఎక్కడా జరగలేదన్వారు,0.0,కాంగ్రెస్ హయాంలో జరిగిన కుంభకోణాలు ఎక్కడా జరగలేదన్వారు,0.0,కాంగ్రెస్ హయాంలో జరిగిన కుంభకోణాలు ఎక్కడా జరగలేదన్వారు,0.0,కాంగ్రెస్ హయాంలో జరిగిన కుంభకోణాలు ఎక్కడా జరగలేదన్వారు
ఆసియాతో పాటు యూరో మార్కెట్లు కూడా నష్టాల్లోకి జారుకున్నాయి,0.0,ఆసియాతో పాటు యూరో మార్కెట్తు కూడా నష్టాల్ధోకి జారుకున్పాయి,0.0,ఆసియాతో పాటు యూరో మార్కెట్ధు కూడా నష్టాల్తోకి జారుకున్పాయి,0.0,ఆసియాతో పాటు యూరో మార్కెట్ధు కూడా నష్టాల్గోకి జారుకున్పాయి,0.0,ఆసియాతో పాటు యూరో మార్కెట్గు కూడా నష్టాల్గోకి జారుకున్పాయి
ప్రధానితో నాకు సత్సంబంధాలున్నాయి,0.0,ప్రధానితో నాకు సత్వంబంధాలున్వాయి,0.0,ప్రధానితో నాకు సత్పంబంధాలున్పాయి,0.0,ప్రధానితో నాకు సత్పంబంధాలున్వాయి,0.0,ప్రధానితో నాకు సత్పంబంధాలున్పాయి
యూరప్లో కూడా ఈ సినిమా షూటింగ్ ఉంటుంది,0.0,యూరప్తో కూడా ఈ సినిమా షూటింగ్ ఉంటుంది,0.0,యూరప్గో కూడా ఈ సినిమా షూటింగ్ ఉంటుంది,0.0,యూరప్గో కూడా ఈ సినిమా షూటింగ్ ఉంటుంది,0.0,యూరప్గో కూడా ఈ సినిమా షూటింగ్ ఉంటుంది
దశాబ్దులుగా ఈ వైఫల్యం కొనసాగుతూనే ఉంది,0.0,దశాబ్ధులుగా ఈ వైఫల్యం కొనసాగుతూనే ఉంది,0.0,దశాబ్ధులుగా ఈ వైఫల్యం కొనసాగుతూనే ఉంది,0.0,దశాబ్ ులుగా ఈ వైఫల్యం కొనసాగుతూనే ఉంది,0.0,దశాబ్ధులుగా ఈ వైఫల్యం కొనసాగుతూనే ఉంది
నటీ నటులు విజయ్ దేవరకొండ ప్రియాంక జవాల్కర్ మాళవికా నాయర్,0.0,నటీ నటులు విజయ్ దేవరకొండ ప్రియాంక జవాల్కర్ మాళవికా నాయర్,0.0,నటీ నటులు విజయ్ దేవరకొండ ప్రియాంక జవాల్కర్ మాళవికా నాయర్,0.0,నటీ నటులు విజయ్ దేవరకొండ ప్రియాంక జవాల్కర్ మాళవికా నాయర్,0.0,నటీ నటులు విజయ్ దేవరకొండ ప్రియాంక జవాల్కర్ మాళవికా నాయర్
ఇది లాజిస్టిక్స్ ప్రశ్న,0.0,ఇది లాజిస్టిక్ప్ ప్రశ్ప,0.0,ఇది లాజిస్టిక్చ్ ప్రశ్వ,0.0,ఇది లాజిస్టిక్ప్ ప్రశ్ప,0.0,ఇది లాజిస్టిక్వ్ ప్రశ్వ
అంటే ఒక్కో లారీకి రూ,0.0,అంటే ఒక్కో లారీకి రూ,0.0,అంటే ఒక్కో లారీకి రూ,0.0,అంటే ఒక్కో లారీకి రూ,0.0,అంటే ఒక్కో లారీకి రూ
మేమిద్దరం ఓపెన్గానే ఉంటాము,0.0,మేమిద్డరం ఓపెన్లానే ఉంటాము,0.0,మేమిద్ధరం ఓపెన్ధానే ఉంటాము,0.0,మేమిద్ రం ఓపెన్ఠానే ఉంటాము,0.0,మేమిద్ రం ఓపెన్లానే ఉంటాము
దీనితో తండ్రియైన ప్రభువును స్తుతింతుము దీనితోనే దేవుని పోలికెగా పుట్టిన మనుష్యులను శపింతుము,0.0,దీనితో తండ్రియైన ప్రభువును స్లుతింతుము దీనితోనే దేవుని పోలికెగా పుట్టిన మనుష్యులను శపింతుము,0.0,దీనితో తండ్రియైన ప్రభువును స్లుతింతుము దీనితోనే దేవుని పోలికెగా పుట్టిన మనుష్యులను శపింతుము,0.0,దీనితో తండ్రియైన ప్రభువును స్లుతింతుము దీనితోనే దేవుని పోలికెగా పుట్టిన మనుష్యులను శపింతుము,0.0,దీనితో తండ్రియైన ప్రభువును స్లుతింతుము దీనితోనే దేవుని పోలికెగా పుట్టిన మనుష్యులను శపింతుము
రాజకీయాలలో టైమింగ్ చాలా కీలకమయినది,0.0,రాజకీయాలలో టైమింగ్ చాలా కీలకమయినది,0.0,రాజకీయాలలో టైమింగ్ చాలా కీలకమయినది,0.0,రాజకీయాలలో టైమింగ్ చాలా కీలకమయినది,0.0,రాజకీయాలలో టైమింగ్ చాలా కీలకమయినది
కమ్యూనికేషన్ మరియు కార్యాచరణను,0.0,కమ్యూనికేషన్ మరియు కార్యాచరణను,0.0,కమ్యూనికేషన్ మరియు కార్యాచరణను,0.0,కమ్యూనికేషన్ మరియు కార్యాచరణను,0.0,కమ్యూనికేషన్ మరియు కార్యాచరణను
ఈ పర్యటనలో సౌదీ అరేబియా యువరాజు మహ్మద్ బిన్ సల్మాన్ తో భేటీ కానున్నారు,0.0,ఈ పర్యటనలో సౌదీ అరేబియా యువరాజు మహ్శద్ బిన్ సల్శాన్ తో భేటీ కానున్వారు,0.0,ఈ పర్యటనలో సౌదీ అరేబియా యువరాజు మహ్శద్ బిన్ సల్శాన్ తో భేటీ కానున్పారు,0.0,ఈ పర్యటనలో సౌదీ అరేబియా యువరాజు మహ్శద్ బిన్ సల్శాన్ తో భేటీ కానున్పారు,0.0,ఈ పర్యటనలో సౌదీ అరేబియా యువరాజు మహ్శద్ బిన్ సల్శాన్ తో భేటీ కానున్పారు
కోట్లు చెల్లించాల్సి ఉంది,0.0,కోట్తు చెల్తించాల్పి ఉంది,0.0,కోట్తు చెల్ధించాల్పి ఉంది,0.0,కోట్తు చెల్ధించాల్వి ఉంది,0.0,కోట్గు చెల్ధించాల్ని ఉంది
మళ్లీ ట్రై చేయండి అనే వాక్యం కనబడుతుంది,0.0,మళ్గీ ట్రై చేయండి అనే వాక్యం కనబడుతుంది,0.0,మళ్ధీ ట్రై చేయండి అనే వాక్యం కనబడుతుంది,0.0,మళ్ధీ ట్రై చేయండి అనే వాక్యం కనబడుతుంది,0.0,మళ్గీ ట్రై చేయండి అనే వాక్యం కనబడుతుంది
వస్తూ వస్తూ,0.0,వస్తూ వస్లూ,0.0,వస్లూ వస్లూ,0.0,వస్లూ వస్లూ,0.0,వస్లూ వస్లూ
మ్యాచ్ డ్రాగా ముగిసింది,0.0,మ్యాచ్ డ్రాగా ముగిసింది,0.0,మ్యాచ్ డ్రాగా ముగిసింది,0.0,మ్యాచ్ డ్రాగా ముగిసింది,0.0,మ్యాచ్ డ్రాగా ముగిసింది
ప్రాణం విషయంలో అలాంటి నిర్ణయం తీసుకొనే హక్కు కయీనుకు ఉందని మీరనుకుంటారా,0.0,ప్రాణం విషయంలో అలాంటి నిర్ణయం తీసుకొనే హక్కు కయీనుకు ఉందని మీరనుకుంటారా,0.0,ప్రాణం విషయంలో అలాంటి నిర్ణయం తీసుకొనే హక్కు కయీనుకు ఉందని మీరనుకుంటారా,0.0,ప్రాణం విషయంలో అలాంటి నిర్ణయం తీసుకొనే హక్కు కయీనుకు ఉందని మీరనుకుంటారా,0.0,ప్రాణం విషయంలో అలాంటి నిర్ణయం తీసుకొనే హక్కు కయీనుకు ఉందని మీరనుకుంటారా
ఒక పాత్రలో నూనె వేసి కాస్త వేడి అయ్యాక ఆవాలు మెంతులు వేయాలి,0.0,ఒక పాత్రలో నూనె వేసి కాస్ల వేడి అయ్యాక ఆవాలు మెంతులు వేయాలి,0.0,ఒక పాత్రలో నూనె వేసి కాస్ల వేడి అయ్యాక ఆవాలు మెంతులు వేయాలి,0.0,ఒక పాత్రలో నూనె వేసి కాస్ల వేడి అయ్యాక ఆవాలు మెంతులు వేయాలి,0.0,ఒక పాత్రలో నూనె వేసి కాస్ల వేడి అయ్యాక ఆవాలు మెంతులు వేయాలి
మీ శవములు ఈ అరణ్యములో క్షయమగువరకు మీ పిల్లలు ఈ అరణ్యములో నలుబది ఏండ్లు తిరుగులాడుచు మీ వ్యభిచారశిక్షను భరించెదరు,0.0,మీ శవములు ఈ అరణ్యములో క్షయమగువరకు మీ పిల్తలు ఈ అరణ్యములో నలుబది ఏండ్తు తిరుగులాడుచు మీ వ్యభిచారశిక్షను భరించెదరు,0.0,మీ శవములు ఈ అరణ్యములో క్షయమగువరకు మీ పిల్ధలు ఈ అరణ్యములో నలుబది ఏండ్తు తిరుగులాడుచు మీ వ్యభిచారశిక్షను భరించెదరు,0.0,మీ శవములు ఈ అరణ్యములో క్షయమగువరకు మీ పిల్తలు ఈ అరణ్యములో నలుబది ఏండ్తు తిరుగులాడుచు మీ వ్యభిచారశిక్షను భరించెదరు,0.0,మీ శవములు ఈ అరణ్యములో క్షయమగువరకు మీ పిల్ధలు ఈ అరణ్యములో నలుబది ఏండ్గు తిరుగులాడుచు మీ వ్యభిచారశిక్షను భరించెదరు
కాంగ్రెస్ అధికారంలో ఉండగా రైతులకు మేలు చేసే పని ఒక్కటి కూడా లేనదన్నారు,0.0,కాంగ్రెస్ అధికారంలో ఉండగా రైతులకు మేలు చేసే పని ఒక్కటి కూడా లేనదన్పారు,0.0,కాంగ్రెస్ అధికారంలో ఉండగా రైతులకు మేలు చేసే పని ఒక్కటి కూడా లేనదన్వారు,0.0,కాంగ్రెస్ అధికారంలో ఉండగా రైతులకు మేలు చేసే పని ఒక్కటి కూడా లేనదన్పారు,0.0,కాంగ్రెస్ అధికారంలో ఉండగా రైతులకు మేలు చేసే పని ఒక్కటి కూడా లేనదన్పారు
వ్యాపార లావాదేవీలకు అనువైన దినం కాదు,0.0,వ్యాపార లావాదేవీలకు అనువైన దినం కాదు,0.0,వ్యాపార లావాదేవీలకు అనువైన దినం కాదు,0.0,వ్యాపార లావాదేవీలకు అనువైన దినం కాదు,0.0,వ్యాపార లావాదేవీలకు అనువైన దినం కాదు
క్షతగాత్రులను తిరుపతిలోని ఆస్పత్రికి తరలించారు,0.0,క్షతగాత్రులను తిరుపతిలోని ఆస్యత్రికి తరలించారు,0.0,క్షతగాత్రులను తిరుపతిలోని ఆస్యత్రికి తరలించారు,0.0,క్షతగాత్రులను తిరుపతిలోని ఆస్యత్రికి తరలించారు,0.0,క్షతగాత్రులను తిరుపతిలోని ఆస్యత్రికి తరలించారు
సూచీని బాగా పెంచేసి రూ,0.0,సూచీని బాగా పెంచేసి రూ,0.0,సూచీని బాగా పెంచేసి రూ,0.0,సూచీని బాగా పెంచేసి రూ,0.0,సూచీని బాగా పెంచేసి రూ
ఆర్థిక వ్యవహారాల్లో అప్రమత్తత అవసరం,0.0,ఆర్థిక వ్యవహారాల్గో అప్రమత్లత అవసరం,0.0,ఆర్థిక వ్యవహారాల్గో అప్రమత్లత అవసరం,0.0,ఆర్థిక వ్యవహారాల్ధో అప్రమత్లత అవసరం,0.0,ఆర్థిక వ్యవహారాల్తో అప్రమత్లత అవసరం
బిలియనీర్లలో భారత్కు మూడో స్థానం,0.0,బిలియనీర్గలో భారత్కు మూడో స్థానం,0.0,బిలియనీర్ధలో భారత్కు మూడో స్థానం,0.0,బిలియనీర్గలో భారత్కు మూడో స్థానం,0.0,బిలియనీర్ధలో భారత్కు మూడో స్థానం
సెంట్రల్ రైల్వేలో అప్రెంటిస్ పోస్టుల భర్తీకి నోటిఫికేషన్ వెలువడింది,0.0,సెంట్రల్ రైల్పేలో అప్రెంటిస్ పోస్టుల భర్లీకి నోటిఫికేషన్ వెలువడింది,0.0,సెంట్రల్ రైల్నేలో అప్రెంటిస్ పోస్టుల భర్లీకి నోటిఫికేషన్ వెలువడింది,0.0,సెంట్రల్ రైల్పేలో అప్రెంటిస్ పోస్టుల భర్లీకి నోటిఫికేషన్ వెలువడింది,0.0,సెంట్రల్ రైల్నేలో అప్రెంటిస్ పోస్టుల భర్లీకి నోటిఫికేషన్ వెలువడింది
పాడైపోయిన దేశముల మధ్య ఐగుప్తీయులు దిక్కులేనివారుగా నుందురు నలుదిక్కుల పాడైపోయిన పట్టణములమధ్య వారి పట్టణము లుండును,0.0,పాడైపోయిన దేశముల మధ్య ఐగుప్లీయులు దిక్కులేనివారుగా నుందురు నలుదిక్కుల పాడైపోయిన పట్టణములమధ్య వారి పట్టణము లుండును,0.0,పాడైపోయిన దేశముల మధ్య ఐగుప్లీయులు దిక్కులేనివారుగా నుందురు నలుదిక్కుల పాడైపోయిన పట్టణములమధ్య వారి పట్టణము లుండును,0.0,పాడైపోయిన దేశముల మధ్య ఐగుప్లీయులు దిక్కులేనివారుగా నుందురు నలుదిక్కుల పాడైపోయిన పట్టణములమధ్య వారి పట్టణము లుండును,0.0,పాడైపోయిన దేశముల మధ్య ఐగుప్లీయులు దిక్కులేనివారుగా నుందురు నలుదిక్కుల పాడైపోయిన పట్టణములమధ్య వారి పట్టణము లుండును
ఎంతో అద్భుతమైన సినిమా,0.0,ఎంతో అద్భుతమైన సినిమా,0.0,ఎంతో అద్భుతమైన సినిమా,0.0,ఎంతో అద్భుతమైన సినిమా,0.0,ఎంతో అద్భుతమైన సినిమా
ధర్మ కథేంటి,0.0,ధర్శ కథేంటి,0.0,ధర్శ కథేంటి,0.0,ధర్శ కథేంటి,0.0,ధర్శ కథేంటి
ఉద్యోగులు తమ విధి నిర్వహణలో శ్రద్ధగా ఉండాలి,0.0,ఉద్యోగులు తమ విధి నిర్నహణలో శ్రద్దగా ఉండాలి,0.0,ఉద్యోగులు తమ విధి నిర్పహణలో శ్రద్గగా ఉండాలి,0.0,ఉద్యోగులు తమ విధి నిర్సహణలో శ్రద్డగా ఉండాలి,0.0,ఉద్యోగులు తమ విధి నిర్సహణలో శ్రద్లగా ఉండాలి
తర్వాత దానిపై మనం ఆలోచించాలి,0.0,తర్సాత దానిపై మనం ఆలోచించాలి,0.0,తర్యాత దానిపై మనం ఆలోచించాలి,0.0,తర్చాత దానిపై మనం ఆలోచించాలి,0.0,తర్యాత దానిపై మనం ఆలోచించాలి
రోజులు,0.0,రోజులు,0.0,రోజులు,0.0,రోజులు,0.0,రోజులు
సైకలాజికల్ కారణాలు,0.0,సైకలాజికల్ కారణాలు,0.0,సైకలాజికల్ కారణాలు,0.0,సైకలాజికల్ కారణాలు,0.0,సైకలాజికల్ కారణాలు
ఈ ఘటన బులాందషార్ జిల్లాలో పరిధిలో చోటుచేసుకుంది,0.0,ఈ ఘటన బులాందషార్ జిల్ధాలో పరిధిలో చోటుచేసుకుంది,0.0,ఈ ఘటన బులాందషార్ జిల్గాలో పరిధిలో చోటుచేసుకుంది,0.0,ఈ ఘటన బులాందషార్ జిల్తాలో పరిధిలో చోటుచేసుకుంది,0.0,ఈ ఘటన బులాందషార్ జిల్గాలో పరిధిలో చోటుచేసుకుంది
ఈ గణాంకాల ఆధారంగా వారు తమ ఆహారంలో కార్బోహైడ్రేట్స్ ఫ్యాట్స్ ప్రొటీన్స్ నుంచి ఎంత కేలరీలు పొందుతున్నారో అంచనా వేశారు,0.0,ఈ గణాంకాల ఆధారంగా వారు తమ ఆహారంలో కార్బోహైడ్రేట్చ్ ఫ్యాట్చ్ ప్రొటీన్చ్ నుంచి ఎంత కేలరీలు పొందుతున్పారో అంచనా వేశారు,0.0,ఈ గణాంకాల ఆధారంగా వారు తమ ఆహారంలో కార్బోహైడ్రేట్వ్ ఫ్యాట్వ్ ప్రొటీన్న్ నుంచి ఎంత కేలరీలు పొందుతున్పారో అంచనా వేశారు,0.0,ఈ గణాంకాల ఆధారంగా వారు తమ ఆహారంలో కార్బోహైడ్రేట్వ్ ఫ్యాట్వ్ ప్రొటీన్చ్ నుంచి ఎంత కేలరీలు పొందుతున్పారో అంచనా వేశారు,0.0,ఈ గణాంకాల ఆధారంగా వారు తమ ఆహారంలో కార్బోహైడ్రేట్చ్ ఫ్యాట్న్ ప్రొటీన్వ్ నుంచి ఎంత కేలరీలు పొందుతున్పారో అంచనా వేశారు
జిమ్ కెళ్లి రోజూ వర్కవుట్స్ చేసేవాణ్ని,0.0,జిమ్ కెళ్గి రోజూ వర్కవుట్ప్ చేసేవాణ్పి,0.0,జిమ్ కెళ్ధి రోజూ వర్కవుట్న్ చేసేవాణ్వి,0.0,జిమ్ కెళ్ధి రోజూ వర్కవుట్చ్ చేసేవాణ్పి,0.0,జిమ్ కెళ్ధి రోజూ వర్కవుట్వ్ చేసేవాణ్పి
ప్రస్తుతం మంది కోవిడ్ బాధితులు ఉండగా వారందరికీ డాక్టర్ల పర్యవేక్షణలో చికిత్స జరుగుతోంది,0.0,ప్రస్లుతం మంది కోవిడ్ బాధితులు ఉండగా వారందరికీ డాక్టర్ధ పర్యవేక్షణలో చికిత్ప జరుగుతోంది,0.0,ప్రస్లుతం మంది కోవిడ్ బాధితులు ఉండగా వారందరికీ డాక్టర్త పర్యవేక్షణలో చికిత్న జరుగుతోంది,0.0,ప్రస్లుతం మంది కోవిడ్ బాధితులు ఉండగా వారందరికీ డాక్టర్త పర్యవేక్షణలో చికిత్చ జరుగుతోంది,0.0,ప్రస్లుతం మంది కోవిడ్ బాధితులు ఉండగా వారందరికీ డాక్టర్ధ పర్యవేక్షణలో చికిత్వ జరుగుతోంది
అతనిని అతనితోకూడ నమ్మకమైన ప్రియసహో దరుడైన ఒనేసిమును మీయొద్దకు పంపుచున్నాను ఇతడు మీ యొద్దనుండి వచ్చినవాడే వీరిక్కడి సంగతులన్నియు మీకు తెలియజేతురు,0.0,అతనిని అతనితోకూడ నమ్శకమైన ప్రియసహో దరుడైన ఒనేసిమును మీయొద్డకు పంపుచున్పాను ఇతడు మీ యొద్ధనుండి వచ్సినవాడే వీరిక్కడి సంగతులన్పియు మీకు తెలియజేతురు,0.0,అతనిని అతనితోకూడ నమ్శకమైన ప్రియసహో దరుడైన ఒనేసిమును మీయొద్ కు పంపుచున్వాను ఇతడు మీ యొద్ నుండి వచ్వినవాడే వీరిక్కడి సంగతులన్పియు మీకు తెలియజేతురు,0.0,అతనిని అతనితోకూడ నమ్శకమైన ప్రియసహో దరుడైన ఒనేసిమును మీయొద్ధకు పంపుచున్వాను ఇతడు మీ యొద్ధనుండి వచ్సినవాడే వీరిక్కడి సంగతులన్పియు మీకు తెలియజేతురు,0.0,అతనిని అతనితోకూడ నమ్శకమైన ప్రియసహో దరుడైన ఒనేసిమును మీయొద్ కు పంపుచున్వాను ఇతడు మీ యొద్ధనుండి వచ్వినవాడే వీరిక్కడి సంగతులన్పియు మీకు తెలియజేతురు
కాగా శిక్షపడిన ఇరువురికి రూపాయల చొప్పున జరిమానా విధించారు,0.0,కాగా శిక్షపడిన ఇరువురికి రూపాయల చొప్సున జరిమానా విధించారు,0.0,కాగా శిక్షపడిన ఇరువురికి రూపాయల చొప్యున జరిమానా విధించారు,0.0,కాగా శిక్షపడిన ఇరువురికి రూపాయల చొప్వున జరిమానా విధించారు,0.0,కాగా శిక్షపడిన ఇరువురికి రూపాయల చొప్యున జరిమానా విధించారు
ఫలితంగా అనూహ్యంగా బీజేపీ గెలుపొందింది,0.0,ఫలితంగా అనూహ్యంగా బీజేపీ గెలుపొందింది,0.0,ఫలితంగా అనూహ్యంగా బీజేపీ గెలుపొందింది,0.0,ఫలితంగా అనూహ్యంగా బీజేపీ గెలుపొందింది,0.0,ఫలితంగా అనూహ్యంగా బీజేపీ గెలుపొందింది
ప్యాకేజీకి సంబంధించిన వివరాలు ఈ విధంగా ఉన్నాయి,0.0,ప్యాకేజీకి సంబంధించిన వివరాలు ఈ విధంగా ఉన్వాయి,0.0,ప్యాకేజీకి సంబంధించిన వివరాలు ఈ విధంగా ఉన్వాయి,0.0,ప్యాకేజీకి సంబంధించిన వివరాలు ఈ విధంగా ఉన్వాయి,0.0,ప్యాకేజీకి సంబంధించిన వివరాలు ఈ విధంగా ఉన్వాయి
ఇది ప్రపంచీకరణ కాలం,0.0,ఇది ప్రపంచీకరణ కాలం,0.0,ఇది ప్రపంచీకరణ కాలం,0.0,ఇది ప్రపంచీకరణ కాలం,0.0,ఇది ప్రపంచీకరణ కాలం
మహిళా సాధికారిత ప్రధానంగా మేము చేపడుతున్న కార్యక్రమాలు ఉత్పాదకతను ఇంతలంతలు చేసేవే కాక జాతి నిర్మాణంలో మహిళలకు పెద్ద పీట వేస్తున్నాయి,0.0,మహిళా సాధికారిత ప్రధానంగా మేము చేపడుతున్ప కార్యక్రమాలు ఉత్వాదకతను ఇంతలంతలు చేసేవే కాక జాతి నిర్శాణంలో మహిళలకు పెద్  పీట వేస్లున్వాయి,0.0,మహిళా సాధికారిత ప్రధానంగా మేము చేపడుతున్వ కార్యక్రమాలు ఉత్నాదకతను ఇంతలంతలు చేసేవే కాక జాతి నిర్శాణంలో మహిళలకు పెద్  పీట వేస్లున్వాయి,0.0,మహిళా సాధికారిత ప్రధానంగా మేము చేపడుతున్ప కార్యక్రమాలు ఉత్సాదకతను ఇంతలంతలు చేసేవే కాక జాతి నిర్శాణంలో మహిళలకు పెద్డ పీట వేస్లున్పాయి,0.0,మహిళా సాధికారిత ప్రధానంగా మేము చేపడుతున్వ కార్యక్రమాలు ఉత్సాదకతను ఇంతలంతలు చేసేవే కాక జాతి నిర్శాణంలో మహిళలకు పెద్  పీట వేస్లున్పాయి
ఫైట్ లేదా ఫ్లైట్ థియరీ,0.0,ఫైట్ లేదా ఫ్ధైట్ థియరీ,0.0,ఫైట్ లేదా ఫ్తైట్ థియరీ,0.0,ఫైట్ లేదా ఫ్గైట్ థియరీ,0.0,ఫైట్ లేదా ఫ్ధైట్ థియరీ
బంగారం కొందామని ఆలోచిస్తున్నారా,0.0,బంగారం కొందామని ఆలోచిస్లున్పారా,0.0,బంగారం కొందామని ఆలోచిస్లున్పారా,0.0,బంగారం కొందామని ఆలోచిస్లున్వారా,0.0,బంగారం కొందామని ఆలోచిస్లున్వారా
పేర్లు చెప్పుకోండి,0.0,పేర్గు చెప్యుకోండి,0.0,పేర్తు చెప్నుకోండి,0.0,పేర్తు చెప్వుకోండి,0.0,పేర్ధు చెప్సుకోండి
మరి ఈ సమస్య అసలు ఎందుకు వస్తుంది,0.0,మరి ఈ సమస్య అసలు ఎందుకు వస్లుంది,0.0,మరి ఈ సమస్య అసలు ఎందుకు వస్లుంది,0.0,మరి ఈ సమస్య అసలు ఎందుకు వస్లుంది,0.0,మరి ఈ సమస్య అసలు ఎందుకు వస్లుంది
లక్షలు ఆభరణాలు సుమారు రూ,0.0,లక్షలు ఆభరణాలు సుమారు రూ,0.0,లక్షలు ఆభరణాలు సుమారు రూ,0.0,లక్షలు ఆభరణాలు సుమారు రూ,0.0,లక్షలు ఆభరణాలు సుమారు రూ
తమిళనాడు కేరళ రాష్ట్రాల్లోని దట్టమైన అడవుల్లో సినిమాను షూట్ చేస్తాం,0.0,తమిళనాడు కేరళ రాష్ట్రాల్ధోని దట్టమైన అడవుల్ధో సినిమాను షూట్ చేస్లాం,0.0,తమిళనాడు కేరళ రాష్ట్రాల్గోని దట్టమైన అడవుల్గో సినిమాను షూట్ చేస్లాం,0.0,తమిళనాడు కేరళ రాష్ట్రాల్గోని దట్టమైన అడవుల్తో సినిమాను షూట్ చేస్లాం,0.0,తమిళనాడు కేరళ రాష్ట్రాల్గోని దట్టమైన అడవుల్గో సినిమాను షూట్ చేస్లాం
నేను ఫ్రెంచ్ ఓపెన్ నుంచి తప్పుకుంటున్నాను,0.0,నేను ఫ్రెంచ్ ఓపెన్ నుంచి తప్సుకుంటున్వాను,0.0,నేను ఫ్రెంచ్ ఓపెన్ నుంచి తప్నుకుంటున్పాను,0.0,నేను ఫ్రెంచ్ ఓపెన్ నుంచి తప్వుకుంటున్వాను,0.0,నేను ఫ్రెంచ్ ఓపెన్ నుంచి తప్సుకుంటున్వాను
మా వైపు నుండి విద్యుత్తు సరఫరాను గణనీయంగా పెంచడానికి మేము సిద్ధంగా ఉన్నట్లు అధ్యక్షుల వారికి నేను చెప్పాను,0.0,మా వైపు నుండి విద్యుత్లు సరఫరాను గణనీయంగా పెంచడానికి మేము సిద్లంగా ఉన్వట్ధు అధ్యక్షుల వారికి నేను చెప్నాను,0.0,మా వైపు నుండి విద్యుత్లు సరఫరాను గణనీయంగా పెంచడానికి మేము సిద్లంగా ఉన్వట్తు అధ్యక్షుల వారికి నేను చెప్నాను,0.0,మా వైపు నుండి విద్యుత్లు సరఫరాను గణనీయంగా పెంచడానికి మేము సిద్లంగా ఉన్వట్గు అధ్యక్షుల వారికి నేను చెప్వాను,0.0,మా వైపు నుండి విద్యుత్లు సరఫరాను గణనీయంగా పెంచడానికి మేము సిద్లంగా ఉన్వట్తు అధ్యక్షుల వారికి నేను చెప్సాను
ఇవాళ పరిస్థితి పూర్తిగా మారింది,0.0,ఇవాళ పరిస్థితి పూర్లిగా మారింది,0.0,ఇవాళ పరిస్థితి పూర్లిగా మారింది,0.0,ఇవాళ పరిస్థితి పూర్లిగా మారింది,0.0,ఇవాళ పరిస్థితి పూర్లిగా మారింది
ఇది మార్కెట్లలో స్వల్ప కరెక్షన్కు కారణమయే అవకాశం ఉంది,0.0,ఇది మార్కెట్గలో స్సల్స కరెక్షన్కు కారణమయే అవకాశం ఉంది,0.0,ఇది మార్కెట్గలో స్యల్య కరెక్షన్కు కారణమయే అవకాశం ఉంది,0.0,ఇది మార్కెట్తలో స్యల్వ కరెక్షన్కు కారణమయే అవకాశం ఉంది,0.0,ఇది మార్కెట్తలో స్యల్య కరెక్షన్కు కారణమయే అవకాశం ఉంది
యువ జంట దుర్మరణం,0.0,యువ జంట దుర్శరణం,0.0,యువ జంట దుర్శరణం,0.0,యువ జంట దుర్శరణం,0.0,యువ జంట దుర్శరణం
ఈ ఈ పనిచేసే ఏకైక శక్తి కాదు,0.0,ఈ ఈ పనిచేసే ఏకైక శక్లి కాదు,0.0,ఈ ఈ పనిచేసే ఏకైక శక్లి కాదు,0.0,ఈ ఈ పనిచేసే ఏకైక శక్లి కాదు,0.0,ఈ ఈ పనిచేసే ఏకైక శక్లి కాదు
రత్నవేలు సినిమాటోగ్రఫీ దేవిశ్రీ ప్రసాద్ సంగీతం అందించనున్న ఈ సినిమాని మైత్రి మూవీ మేకర్స్ సంస్థ నిర్మిస్తోంది,0.0,రత్పవేలు సినిమాటోగ్రఫీ దేవిశ్రీ ప్రసాద్ సంగీతం అందించనున్ప ఈ సినిమాని మైత్రి మూవీ మేకర్వ్ సంస్థ నిర్శిస్లోంది,0.0,రత్పవేలు సినిమాటోగ్రఫీ దేవిశ్రీ ప్రసాద్ సంగీతం అందించనున్ప ఈ సినిమాని మైత్రి మూవీ మేకర్చ్ సంస్థ నిర్శిస్లోంది,0.0,రత్వవేలు సినిమాటోగ్రఫీ దేవిశ్రీ ప్రసాద్ సంగీతం అందించనున్వ ఈ సినిమాని మైత్రి మూవీ మేకర్వ్ సంస్థ నిర్శిస్లోంది,0.0,రత్వవేలు సినిమాటోగ్రఫీ దేవిశ్రీ ప్రసాద్ సంగీతం అందించనున్ప ఈ సినిమాని మైత్రి మూవీ మేకర్వ్ సంస్థ నిర్శిస్లోంది
దేశ రాజకీయాలను గతిని సమూలంగా మార్చాల్సిన అవసరముందన్నారు,0.0,దేశ రాజకీయాలను గతిని సమూలంగా మార్వాల్నిన అవసరముందన్పారు,0.0,దేశ రాజకీయాలను గతిని సమూలంగా మార్సాల్చిన అవసరముందన్పారు,0.0,దేశ రాజకీయాలను గతిని సమూలంగా మార్సాల్విన అవసరముందన్పారు,0.0,దేశ రాజకీయాలను గతిని సమూలంగా మార్వాల్విన అవసరముందన్వారు
అద్భుతమైన ప్రయాణం,0.0,అద్భుతమైన ప్రయాణం,0.0,అద్భుతమైన ప్రయాణం,0.0,అద్భుతమైన ప్రయాణం,0.0,అద్భుతమైన ప్రయాణం
ఉపద్రవాలు చాలా తరచుగా జరుగుతాయి,0.0,ఉపద్రవాలు చాలా తరచుగా జరుగుతాయి,0.0,ఉపద్రవాలు చాలా తరచుగా జరుగుతాయి,0.0,ఉపద్రవాలు చాలా తరచుగా జరుగుతాయి,0.0,ఉపద్రవాలు చాలా తరచుగా జరుగుతాయి
అయితే ఇవి అన్ని ప్రాంతాల్లో ఇంకా అందుబాటులో లేవు,0.0,అయితే ఇవి అన్పి ప్రాంతాల్ధో ఇంకా అందుబాటులో లేవు,0.0,అయితే ఇవి అన్పి ప్రాంతాల్ధో ఇంకా అందుబాటులో లేవు,0.0,అయితే ఇవి అన్వి ప్రాంతాల్ధో ఇంకా అందుబాటులో లేవు,0.0,అయితే ఇవి అన్వి ప్రాంతాల్గో ఇంకా అందుబాటులో లేవు
యాసంగిలో కొందరు రైతులకు ఇంకా పూర్తిస్థాయిలో సొమ్ము అందలేదు,0.0,యాసంగిలో కొందరు రైతులకు ఇంకా పూర్లిస్థాయిలో సొమ్శు అందలేదు,0.0,యాసంగిలో కొందరు రైతులకు ఇంకా పూర్లిస్థాయిలో సొమ్శు అందలేదు,0.0,యాసంగిలో కొందరు రైతులకు ఇంకా పూర్లిస్థాయిలో సొమ్శు అందలేదు,0.0,యాసంగిలో కొందరు రైతులకు ఇంకా పూర్లిస్థాయిలో సొమ్శు అందలేదు
పరీక్షల షెడ్యూల్,0.0,పరీక్షల షెడ్యూల్,0.0,పరీక్షల షెడ్యూల్,0.0,పరీక్షల షెడ్యూల్,0.0,పరీక్షల షెడ్యూల్
ఆమె అతని రెండో భార్య,0.0,ఆమె అతని రెండో భార్య,0.0,ఆమె అతని రెండో భార్య,0.0,ఆమె అతని రెండో భార్య,0.0,ఆమె అతని రెండో భార్య
నిరోధించిన పేజీ,0.0,నిరోధించిన పేజీ,0.0,నిరోధించిన పేజీ,0.0,నిరోధించిన పేజీ,0.0,నిరోధించిన పేజీ
తెలుగు రాష్ట్రాల్లో రోజు రోజుకు స్వైన్ఫ్లూ కేసులు పెరుగుతున్నాయి,0.0,తెలుగు రాష్ట్రాల్ధో రోజు రోజుకు స్సైన్ఫ్గూ కేసులు పెరుగుతున్పాయి,0.0,తెలుగు రాష్ట్రాల్గో రోజు రోజుకు స్యైన్ఫ్గూ కేసులు పెరుగుతున్వాయి,0.0,తెలుగు రాష్ట్రాల్గో రోజు రోజుకు స్చైన్ఫ్గూ కేసులు పెరుగుతున్వాయి,0.0,తెలుగు రాష్ట్రాల్గో రోజు రోజుకు స్యైన్ఫ్తూ కేసులు పెరుగుతున్పాయి
అద్భుతమైన లంచ్ను ఇచ్చినందుకు థ్యాంక్స్ చెప్పాడు,0.0,అద్భుతమైన లంచ్పు ఇచ్సినందుకు థ్యాంక్న్ చెప్యాడు,0.0,అద్భుతమైన లంచ్వు ఇచ్వినందుకు థ్యాంక్ప్ చెప్నాడు,0.0,అద్భుతమైన లంచ్పు ఇచ్సినందుకు థ్యాంక్చ్ చెప్నాడు,0.0,అద్భుతమైన లంచ్వు ఇచ్సినందుకు థ్యాంక్ప్ చెప్సాడు
ఈ సంఘటననపై సీబీఐతో విచారణ జరిపించాలన్నారు,0.0,ఈ సంఘటననపై సీబీఐతో విచారణ జరిపించాలన్పారు,0.0,ఈ సంఘటననపై సీబీఐతో విచారణ జరిపించాలన్పారు,0.0,ఈ సంఘటననపై సీబీఐతో విచారణ జరిపించాలన్వారు,0.0,ఈ సంఘటననపై సీబీఐతో విచారణ జరిపించాలన్పారు
అక్కా బావెక్కడ,0.0,అక్కా బావెక్కడ,0.0,అక్కా బావెక్కడ,0.0,అక్కా బావెక్కడ,0.0,అక్కా బావెక్కడ
ఇప్పుడు ఆయన మూడవ సారి రాజస్ధాన ముఖ్యమంత్రిగా బాధ్యతలు నిర్వహిస్తున్నారు,0.0,ఇప్వుడు ఆయన మూడవ సారి రాజస్దాన ముఖ్యమంత్రిగా బాధ్యతలు నిర్చహిస్లున్వారు,0.0,ఇప్సుడు ఆయన మూడవ సారి రాజస్డాన ముఖ్యమంత్రిగా బాధ్యతలు నిర్సహిస్లున్పారు,0.0,ఇప్సుడు ఆయన మూడవ సారి రాజస్డాన ముఖ్యమంత్రిగా బాధ్యతలు నిర్పహిస్లున్వారు,0.0,ఇప్యుడు ఆయన మూడవ సారి రాజస్దాన ముఖ్యమంత్రిగా బాధ్యతలు నిర్సహిస్లున్వారు
ఇది గరిష్టంగా బిహెచ్పి పవర్ మరియు ఎన్ఎమ్ టార్క్ ఉత్పత్తి చేస్తుంది,0.0,ఇది గరిష్టంగా బిహెచ్సి పవర్ మరియు ఎన్ఎమ్ టార్క్ ఉత్యత్లి చేస్లుంది,0.0,ఇది గరిష్టంగా బిహెచ్ని పవర్ మరియు ఎన్ఎమ్ టార్క్ ఉత్వత్లి చేస్లుంది,0.0,ఇది గరిష్టంగా బిహెచ్వి పవర్ మరియు ఎన్ఎమ్ టార్క్ ఉత్సత్లి చేస్లుంది,0.0,ఇది గరిష్టంగా బిహెచ్వి పవర్ మరియు ఎన్ఎమ్ టార్క్ ఉత్యత్లి చేస్లుంది
ఇది చాలా విచారించదగ్గ విషయం,0.0,ఇది చాలా విచారించదగ్ధ విషయం,0.0,ఇది చాలా విచారించదగ్ఠ విషయం,0.0,ఇది చాలా విచారించదగ్ల విషయం,0.0,ఇది చాలా విచారించదగ్ల విషయం
నువ్వు అయితే బావుంటావు,0.0,నువ్సు అయితే బావుంటావు,0.0,నువ్చు అయితే బావుంటావు,0.0,నువ్ను అయితే బావుంటావు,0.0,నువ్పు అయితే బావుంటావు
ఉదారంగా ఉండే విషయంలో ఆ వ్యక్తి నుండి మీరు ఏమైనా నేర్చుకోగలరా,0.0,ఉదారంగా ఉండే విషయంలో ఆ వ్యక్లి నుండి మీరు ఏమైనా నేర్సుకోగలరా,0.0,ఉదారంగా ఉండే విషయంలో ఆ వ్యక్లి నుండి మీరు ఏమైనా నేర్సుకోగలరా,0.0,ఉదారంగా ఉండే విషయంలో ఆ వ్యక్లి నుండి మీరు ఏమైనా నేర్సుకోగలరా,0.0,ఉదారంగా ఉండే విషయంలో ఆ వ్యక్లి నుండి మీరు ఏమైనా నేర్వుకోగలరా
పుట్టుకతోనే తక్కువ బరువు,0.0,పుట్టుకతోనే తక్కువ బరువు,0.0,పుట్టుకతోనే తక్కువ బరువు,0.0,పుట్టుకతోనే తక్కువ బరువు,0.0,పుట్టుకతోనే తక్కువ బరువు
అతితక్కువ కాలంలో ప్రతిభ గల రంగ స్థల నటుడిగా నాటక రచయితగా చిత్ర దర్శకుడిగా గుర్తింపు పొందాడు,0.0,అతితక్కువ కాలంలో ప్రతిభ గల రంగ స్థల నటుడిగా నాటక రచయితగా చిత్ర దర్మకుడిగా గుర్లింపు పొందాడు,0.0,అతితక్కువ కాలంలో ప్రతిభ గల రంగ స్థల నటుడిగా నాటక రచయితగా చిత్ర దర్మకుడిగా గుర్లింపు పొందాడు,0.0,అతితక్కువ కాలంలో ప్రతిభ గల రంగ స్థల నటుడిగా నాటక రచయితగా చిత్ర దర్మకుడిగా గుర్లింపు పొందాడు,0.0,అతితక్కువ కాలంలో ప్రతిభ గల రంగ స్థల నటుడిగా నాటక రచయితగా చిత్ర దర్మకుడిగా గుర్లింపు పొందాడు
పరికర చోదకాలు,0.0,పరికర చోదకాలు,0.0,పరికర చోదకాలు,0.0,పరికర చోదకాలు,0.0,పరికర చోదకాలు
దేశంలోని వివిధ ప్రాంతాల నుండి సేకరించబడిన పూలు మొక్కలు ఇక్కడ ప్రదర్శిస్తుంటారు,0.0,దేశంలోని వివిధ ప్రాంతాల నుండి సేకరించబడిన పూలు మొక్కలు ఇక్కడ ప్రదర్మిస్లుంటారు,0.0,దేశంలోని వివిధ ప్రాంతాల నుండి సేకరించబడిన పూలు మొక్కలు ఇక్కడ ప్రదర్మిస్లుంటారు,0.0,దేశంలోని వివిధ ప్రాంతాల నుండి సేకరించబడిన పూలు మొక్కలు ఇక్కడ ప్రదర్మిస్లుంటారు,0.0,దేశంలోని వివిధ ప్రాంతాల నుండి సేకరించబడిన పూలు మొక్కలు ఇక్కడ ప్రదర్మిస్లుంటారు
అక్కడకు వెళ్ళాను,0.0,అక్కడకు వెళ్ళాను,0.0,అక్కడకు వెళ్ళాను,0.0,అక్కడకు వెళ్ళాను,0.0,అక్కడకు వెళ్ళాను
ఇదంతా రోజు జరిగే తంతు,0.0,ఇదంతా రోజు జరిగే తంతు,0.0,ఇదంతా రోజు జరిగే తంతు,0.0,ఇదంతా రోజు జరిగే తంతు,0.0,ఇదంతా రోజు జరిగే తంతు
ఈ మేరకు ఉత్తర్వులు విడుదల చేశారు,0.0,ఈ మేరకు ఉత్లర్సులు విడుదల చేశారు,0.0,ఈ మేరకు ఉత్లర్సులు విడుదల చేశారు,0.0,ఈ మేరకు ఉత్లర్నులు విడుదల చేశారు,0.0,ఈ మేరకు ఉత్లర్యులు విడుదల చేశారు
ఆస్పత్రిలో చికిత్స పొందుతున్న వారి పరిస్థితి కూడా విషమంగా ఉన్నట్లు వైద్యులు తెలిపారు,0.0,ఆస్యత్రిలో చికిత్న పొందుతున్ప వారి పరిస్థితి కూడా విషమంగా ఉన్పట్ధు వైద్యులు తెలిపారు,0.0,ఆస్యత్రిలో చికిత్న పొందుతున్వ వారి పరిస్థితి కూడా విషమంగా ఉన్పట్గు వైద్యులు తెలిపారు,0.0,ఆస్సత్రిలో చికిత్ప పొందుతున్వ వారి పరిస్థితి కూడా విషమంగా ఉన్వట్తు వైద్యులు తెలిపారు,0.0,ఆస్నత్రిలో చికిత్న పొందుతున్ప వారి పరిస్థితి కూడా విషమంగా ఉన్పట్తు వైద్యులు తెలిపారు
అదే మొదటిసారి,0.0,అదే మొదటిసారి,0.0,అదే మొదటిసారి,0.0,అదే మొదటిసారి,0.0,అదే మొదటిసారి
విపక్ష సభ్యులు డివిజన్ కావాలని గొడవ చేయడంతో ఓటింగ్ నిర్వహించారు,0.0,విపక్ష సభ్యులు డివిజన్ కావాలని గొడవ చేయడంతో ఓటింగ్ నిర్చహించారు,0.0,విపక్ష సభ్యులు డివిజన్ కావాలని గొడవ చేయడంతో ఓటింగ్ నిర్పహించారు,0.0,విపక్ష సభ్యులు డివిజన్ కావాలని గొడవ చేయడంతో ఓటింగ్ నిర్నహించారు,0.0,విపక్ష సభ్యులు డివిజన్ కావాలని గొడవ చేయడంతో ఓటింగ్ నిర్నహించారు
ువ్వు బ్రతికే ఉన్నావ్ అన్నాడు,0.0,ువ్చు బ్రతికే ఉన్పావ్ అన్పాడు,0.0,ువ్ను బ్రతికే ఉన్వావ్ అన్పాడు,0.0,ువ్ను బ్రతికే ఉన్వావ్ అన్పాడు,0.0,ువ్పు బ్రతికే ఉన్పావ్ అన్వాడు
ప్రేమ వేధింపులు ప్రాణం తీశాయి,0.0,ప్రేమ వేధింపులు ప్రాణం తీశాయి,0.0,ప్రేమ వేధింపులు ప్రాణం తీశాయి,0.0,ప్రేమ వేధింపులు ప్రాణం తీశాయి,0.0,ప్రేమ వేధింపులు ప్రాణం తీశాయి
కోట్ల మేర ఆస్తి నష్టం సంభవించి ఉంటుందని అంచనా వేస్తున్నారు,0.0,కోట్త మేర ఆస్లి నష్టం సంభవించి ఉంటుందని అంచనా వేస్లున్పారు,0.0,కోట్గ మేర ఆస్లి నష్టం సంభవించి ఉంటుందని అంచనా వేస్లున్పారు,0.0,కోట్ధ మేర ఆస్లి నష్టం సంభవించి ఉంటుందని అంచనా వేస్లున్వారు,0.0,కోట్త మేర ఆస్లి నష్టం సంభవించి ఉంటుందని అంచనా వేస్లున్వారు
ఘజియాబాద్లోని ఇందిరాపురంల ఈ సంఘటన చోటుచేసుకుంది,0.0,ఘజియాబాద్గోని ఇందిరాపురంల ఈ సంఘటన చోటుచేసుకుంది,0.0,ఘజియాబాద్తోని ఇందిరాపురంల ఈ సంఘటన చోటుచేసుకుంది,0.0,ఘజియాబాద్గోని ఇందిరాపురంల ఈ సంఘటన చోటుచేసుకుంది,0.0,ఘజియాబాద్తోని ఇందిరాపురంల ఈ సంఘటన చోటుచేసుకుంది
ఇదంతా చేయించి,0.0,ఇదంతా చేయించి,0.0,ఇదంతా చేయించి,0.0,ఇదంతా చేయించి,0.0,ఇదంతా చేయించి
నేనో భాషను,0.0,నేనో భాషను,0.0,నేనో భాషను,0.0,నేనో భాషను,0.0,నేనో భాషను
ప్రదర్శన యొక్క ప్రత్యేకమైన లక్షణాలు,0.0,ప్రదర్మన యొక్క ప్రత్యేకమైన లక్షణాలు,0.0,ప్రదర్మన యొక్క ప్రత్యేకమైన లక్షణాలు,0.0,ప్రదర్మన యొక్క ప్రత్యేకమైన లక్షణాలు,0.0,ప్రదర్మన యొక్క ప్రత్యేకమైన లక్షణాలు
అనేది ఆసక్తికరంఅని చెప్పారు,0.0,అనేది ఆసక్లికరంఅని చెప్నారు,0.0,అనేది ఆసక్లికరంఅని చెప్సారు,0.0,అనేది ఆసక్లికరంఅని చెప్వారు,0.0,అనేది ఆసక్లికరంఅని చెప్వారు
నష్టం వాటిల్లింది,0.0,నష్టం వాటిల్ధింది,0.0,నష్టం వాటిల్తింది,0.0,నష్టం వాటిల్గింది,0.0,నష్టం వాటిల్గింది
చేయి కోసుకుని,0.0,చేయి కోసుకుని,0.0,చేయి కోసుకుని,0.0,చేయి కోసుకుని,0.0,చేయి కోసుకుని
ఆమాటలు నాకు స్ఫూర్తి ఇచ్చాయి,0.0,ఆమాటలు నాకు స్ఫూర్లి ఇచ్వాయి,0.0,ఆమాటలు నాకు స్ఫూర్లి ఇచ్వాయి,0.0,ఆమాటలు నాకు స్ఫూర్లి ఇచ్సాయి,0.0,ఆమాటలు నాకు స్ఫూర్లి ఇచ్వాయి
కాగా ఈమేరకు కాంగ్రెస్ అధిష్టానం ఒక కీలక నిర్ణయాన్ని తీసుకుంది,0.0,కాగా ఈమేరకు కాంగ్రెస్ అధిష్టానం ఒక కీలక నిర్ణయాన్వి తీసుకుంది,0.0,కాగా ఈమేరకు కాంగ్రెస్ అధిష్టానం ఒక కీలక నిర్ణయాన్పి తీసుకుంది,0.0,కాగా ఈమేరకు కాంగ్రెస్ అధిష్టానం ఒక కీలక నిర్ణయాన్పి తీసుకుంది,0.0,కాగా ఈమేరకు కాంగ్రెస్ అధిష్టానం ఒక కీలక నిర్ణయాన్పి తీసుకుంది
ఆమెకు ఏడుగురు తోబుట్టువుల ఉన్నారు,0.0,ఆమెకు ఏడుగురు తోబుట్టువుల ఉన్వారు,0.0,ఆమెకు ఏడుగురు తోబుట్టువుల ఉన్పారు,0.0,ఆమెకు ఏడుగురు తోబుట్టువుల ఉన్వారు,0.0,ఆమెకు ఏడుగురు తోబుట్టువుల ఉన్వారు
దీంతో ఎన్నికలు అనివార్యమయ్యాయి,0.0,దీంతో ఎన్పికలు అనివార్యమయ్యాయి,0.0,దీంతో ఎన్పికలు అనివార్యమయ్యాయి,0.0,దీంతో ఎన్వికలు అనివార్యమయ్యాయి,0.0,దీంతో ఎన్వికలు అనివార్యమయ్యాయి
కంప్యూటర్ ఆపరేటర్,0.0,కంప్యూటర్ ఆపరేటర్,0.0,కంప్యూటర్ ఆపరేటర్,0.0,కంప్యూటర్ ఆపరేటర్,0.0,కంప్యూటర్ ఆపరేటర్
కానీ దీని పట్ల ప్రజలు విశ్వాసాన్ని చూపలేదు,0.0,కానీ దీని పట్గ ప్రజలు విశ్నాసాన్వి చూపలేదు,0.0,కానీ దీని పట్త ప్రజలు విశ్పాసాన్పి చూపలేదు,0.0,కానీ దీని పట్ధ ప్రజలు విశ్పాసాన్వి చూపలేదు,0.0,కానీ దీని పట్గ ప్రజలు విశ్పాసాన్పి చూపలేదు
ఓ దేవదేవా,0.0,ఓ దేవదేవా,0.0,ఓ దేవదేవా,0.0,ఓ దేవదేవా,0.0,ఓ దేవదేవా
రహస్య భేటీల ఆరోపణలతో ఉక్కిరిబిక్కిరై బ్రిటన్ భారత సంతతి మహిళా మంత్రి ప్రీతి పటేల్ రాజీనామా,0.0,రహస్య భేటీల ఆరోపణలతో ఉక్కిరిబిక్కిరై బ్రిటన్ భారత సంతతి మహిళా మంత్రి ప్రీతి పటేల్ రాజీనామా,0.0,రహస్య భేటీల ఆరోపణలతో ఉక్కిరిబిక్కిరై బ్రిటన్ భారత సంతతి మహిళా మంత్రి ప్రీతి పటేల్ రాజీనామా,0.0,రహస్య భేటీల ఆరోపణలతో ఉక్కిరిబిక్కిరై బ్రిటన్ భారత సంతతి మహిళా మంత్రి ప్రీతి పటేల్ రాజీనామా,0.0,రహస్య భేటీల ఆరోపణలతో ఉక్కిరిబిక్కిరై బ్రిటన్ భారత సంతతి మహిళా మంత్రి ప్రీతి పటేల్ రాజీనామా
ఈ సక్సెస్లు నావి కావు,0.0,ఈ సక్వెస్గు నావి కావు,0.0,ఈ సక్వెస్ధు నావి కావు,0.0,ఈ సక్చెస్గు నావి కావు,0.0,ఈ సక్నెస్ధు నావి కావు
మహీంద్రా మరాజో బిఎస్ ప్రొడక్షన్ ప్రారంభం అతి త్వరలోనే విడుదల,0.0,మహీంద్రా మరాజో బిఎస్ ప్రొడక్షన్ ప్రారంభం అతి త్సరలోనే విడుదల,0.0,మహీంద్రా మరాజో బిఎస్ ప్రొడక్షన్ ప్రారంభం అతి త్చరలోనే విడుదల,0.0,మహీంద్రా మరాజో బిఎస్ ప్రొడక్షన్ ప్రారంభం అతి త్పరలోనే విడుదల,0.0,మహీంద్రా మరాజో బిఎస్ ప్రొడక్షన్ ప్రారంభం అతి త్నరలోనే విడుదల
దీంతో తీవ్ర ఆర్థిక ఇబ్బందులను ఎదుర్కొంటున్నాం,0.0,దీంతో తీవ్ర ఆర్థిక ఇబ్బందులను ఎదుర్కొంటున్వాం,0.0,దీంతో తీవ్ర ఆర్థిక ఇబ్బందులను ఎదుర్కొంటున్పాం,0.0,దీంతో తీవ్ర ఆర్థిక ఇబ్బందులను ఎదుర్కొంటున్వాం,0.0,దీంతో తీవ్ర ఆర్థిక ఇబ్బందులను ఎదుర్కొంటున్వాం
ఏం అయ్యింది అన్నయ్యా నీకు,0.0,ఏం అయ్యింది అన్వయ్యా నీకు,0.0,ఏం అయ్యింది అన్వయ్యా నీకు,0.0,ఏం అయ్యింది అన్పయ్యా నీకు,0.0,ఏం అయ్యింది అన్వయ్యా నీకు
తెలంగాణ ఒక ధనిక రాష్ట్రం,0.0,తెలంగాణ ఒక ధనిక రాష్ట్రం,0.0,తెలంగాణ ఒక ధనిక రాష్ట్రం,0.0,తెలంగాణ ఒక ధనిక రాష్ట్రం,0.0,తెలంగాణ ఒక ధనిక రాష్ట్రం
తెలుగులోనే కాకుండా హిందీలో కూడా ఈమె సినిమాలు చేస్తోంది,0.0,తెలుగులోనే కాకుండా హిందీలో కూడా ఈమె సినిమాలు చేస్లోంది,0.0,తెలుగులోనే కాకుండా హిందీలో కూడా ఈమె సినిమాలు చేస్లోంది,0.0,తెలుగులోనే కాకుండా హిందీలో కూడా ఈమె సినిమాలు చేస్లోంది,0.0,తెలుగులోనే కాకుండా హిందీలో కూడా ఈమె సినిమాలు చేస్లోంది
అన్ని అంశాలనూ పరిశీలిస్తున్నాం,0.0,అన్వి అంశాలనూ పరిశీలిస్లున్పాం,0.0,అన్పి అంశాలనూ పరిశీలిస్లున్వాం,0.0,అన్పి అంశాలనూ పరిశీలిస్లున్పాం,0.0,అన్వి అంశాలనూ పరిశీలిస్లున్వాం
మోదీ మూడ్ ఏమంత బాగోలేదు,0.0,మోదీ మూడ్ ఏమంత బాగోలేదు,0.0,మోదీ మూడ్ ఏమంత బాగోలేదు,0.0,మోదీ మూడ్ ఏమంత బాగోలేదు,0.0,మోదీ మూడ్ ఏమంత బాగోలేదు
ఈ సీజన్లో ఇప్పటికే ఇరు జట్లు ఒకసారి తలపడ్డాయి,0.0,ఈ సీజన్గో ఇప్వటికే ఇరు జట్తు ఒకసారి తలపడ్ధాయి,0.0,ఈ సీజన్ధో ఇప్యటికే ఇరు జట్గు ఒకసారి తలపడ్ధాయి,0.0,ఈ సీజన్తో ఇప్సటికే ఇరు జట్ధు ఒకసారి తలపడ్ధాయి,0.0,ఈ సీజన్తో ఇప్సటికే ఇరు జట్గు ఒకసారి తలపడ్ధాయి
కాగా టాస్ గెలిచిన ఇంగ్లాండ్ బ్యాటింగ్ ఎంచుకుంది,0.0,కాగా టాస్ గెలిచిన ఇంగ్తాండ్ బ్యాటింగ్ ఎంచుకుంది,0.0,కాగా టాస్ గెలిచిన ఇంగ్ధాండ్ బ్యాటింగ్ ఎంచుకుంది,0.0,కాగా టాస్ గెలిచిన ఇంగ్ధాండ్ బ్యాటింగ్ ఎంచుకుంది,0.0,కాగా టాస్ గెలిచిన ఇంగ్ధాండ్ బ్యాటింగ్ ఎంచుకుంది
విజయ్ ఆంటొని తన సొంత బ్యానర్పై భార్య ఫాతిమా నిర్మాతగా నిర్మించిన చిత్రం ఇది,0.0,విజయ్ ఆంటొని తన సొంత బ్యానర్సై భార్య ఫాతిమా నిర్శాతగా నిర్శించిన చిత్రం ఇది,0.0,విజయ్ ఆంటొని తన సొంత బ్యానర్సై భార్య ఫాతిమా నిర్శాతగా నిర్శించిన చిత్రం ఇది,0.0,విజయ్ ఆంటొని తన సొంత బ్యానర్సై భార్య ఫాతిమా నిర్శాతగా నిర్శించిన చిత్రం ఇది,0.0,విజయ్ ఆంటొని తన సొంత బ్యానర్నై భార్య ఫాతిమా నిర్శాతగా నిర్శించిన చిత్రం ఇది
మహానందిలో ఈశ్వరుని విగ్రహం కదులుతుంది,0.0,మహానందిలో ఈశ్సరుని విగ్రహం కదులుతుంది,0.0,మహానందిలో ఈశ్యరుని విగ్రహం కదులుతుంది,0.0,మహానందిలో ఈశ్సరుని విగ్రహం కదులుతుంది,0.0,మహానందిలో ఈశ్నరుని విగ్రహం కదులుతుంది
అని తెలిపారు,0.0,అని తెలిపారు,0.0,అని తెలిపారు,0.0,అని తెలిపారు,0.0,అని తెలిపారు
రాజస్థాన్లోని సికర్ ప్రాంతంలో ఈ ఘటన చోటు చేసుకుంది,0.0,రాజస్థాన్ధోని సికర్ ప్రాంతంలో ఈ ఘటన చోటు చేసుకుంది,0.0,రాజస్థాన్తోని సికర్ ప్రాంతంలో ఈ ఘటన చోటు చేసుకుంది,0.0,రాజస్థాన్తోని సికర్ ప్రాంతంలో ఈ ఘటన చోటు చేసుకుంది,0.0,రాజస్థాన్తోని సికర్ ప్రాంతంలో ఈ ఘటన చోటు చేసుకుంది
ప్రమాదానికి కారణమేంటనే విషయంపై ఇంకా స్పష్టమైన సమాచారం లేదు,0.0,ప్రమాదానికి కారణమేంటనే విషయంపై ఇంకా స్సష్టమైన సమాచారం లేదు,0.0,ప్రమాదానికి కారణమేంటనే విషయంపై ఇంకా స్వష్టమైన సమాచారం లేదు,0.0,ప్రమాదానికి కారణమేంటనే విషయంపై ఇంకా స్వష్టమైన సమాచారం లేదు,0.0,ప్రమాదానికి కారణమేంటనే విషయంపై ఇంకా స్వష్టమైన సమాచారం లేదు
తీపి గారెలు,0.0,తీపి గారెలు,0.0,తీపి గారెలు,0.0,తీపి గారెలు,0.0,తీపి గారెలు
దీనితో బిగ్ బాస్ టైటిల్ విజేతగా రాహుల్ నిలిచాడు,0.0,దీనితో బిగ్ బాస్ టైటిల్ విజేతగా రాహుల్ నిలిచాడు,0.0,దీనితో బిగ్ బాస్ టైటిల్ విజేతగా రాహుల్ నిలిచాడు,0.0,దీనితో బిగ్ బాస్ టైటిల్ విజేతగా రాహుల్ నిలిచాడు,0.0,దీనితో బిగ్ బాస్ టైటిల్ విజేతగా రాహుల్ నిలిచాడు
ఐఐఎస్సీబెంగళూరు,0.0,ఐఐఎస్పీబెంగళూరు,0.0,ఐఐఎస్చీబెంగళూరు,0.0,ఐఐఎస్చీబెంగళూరు,0.0,ఐఐఎస్నీబెంగళూరు
ఇది వారి కాంబినేషన్లో వస్తోన్న మూడో సినిమా కావడం విశేషం,0.0,ఇది వారి కాంబినేషన్ధో వస్లోన్ప మూడో సినిమా కావడం విశేషం,0.0,ఇది వారి కాంబినేషన్గో వస్లోన్వ మూడో సినిమా కావడం విశేషం,0.0,ఇది వారి కాంబినేషన్గో వస్లోన్ప మూడో సినిమా కావడం విశేషం,0.0,ఇది వారి కాంబినేషన్తో వస్లోన్ప మూడో సినిమా కావడం విశేషం
అది కూడా అప్పటికప్పుడు వేసింది,0.0,అది కూడా అప్యటికప్యుడు వేసింది,0.0,అది కూడా అప్సటికప్యుడు వేసింది,0.0,అది కూడా అప్సటికప్వుడు వేసింది,0.0,అది కూడా అప్సటికప్సుడు వేసింది
స్త్రీలు బాధితులు మాత్రమే గాదు,0.0,స్త్రీలు బాధితులు మాత్రమే గాదు,0.0,స్త్రీలు బాధితులు మాత్రమే గాదు,0.0,స్త్రీలు బాధితులు మాత్రమే గాదు,0.0,స్త్రీలు బాధితులు మాత్రమే గాదు
ఎన్క్రిప్షన్ ఐచ్చికాలు,0.0,ఎన్క్రిప్షన్ ఐచ్వికాలు,0.0,ఎన్క్రిప్షన్ ఐచ్వికాలు,0.0,ఎన్క్రిప్షన్ ఐచ్సికాలు,0.0,ఎన్క్రిప్షన్ ఐచ్వికాలు
ఇరువురి మధ్య జరిగిన తొలి సమావేశం ఇదే కావడం విశేషం,0.0,ఇరువురి మధ్య జరిగిన తొలి సమావేశం ఇదే కావడం విశేషం,0.0,ఇరువురి మధ్య జరిగిన తొలి సమావేశం ఇదే కావడం విశేషం,0.0,ఇరువురి మధ్య జరిగిన తొలి సమావేశం ఇదే కావడం విశేషం,0.0,ఇరువురి మధ్య జరిగిన తొలి సమావేశం ఇదే కావడం విశేషం
దీంతో భారీగా చేరుకున్నజనసేన కార్యకర్తలను పోలీసులు అరెస్ట్ చేశారు,0.0,దీంతో భారీగా చేరుకున్పజనసేన కార్యకర్లలను పోలీసులు అరెస్ట్ చేశారు,0.0,దీంతో భారీగా చేరుకున్వజనసేన కార్యకర్లలను పోలీసులు అరెస్ట్ చేశారు,0.0,దీంతో భారీగా చేరుకున్పజనసేన కార్యకర్లలను పోలీసులు అరెస్ట్ చేశారు,0.0,దీంతో భారీగా చేరుకున్వజనసేన కార్యకర్లలను పోలీసులు అరెస్ట్ చేశారు
ఇది ఆప్షనల్ సిక్స్స్పీడ్ ఆటోమేటిక్ లేదా స్టాండర్డ్ సిక్స్స్పీడ్ మాన్యువల్ గేర్బాక్స్ ఆప్షన్లతో లభిస్తుంది,0.0,ఇది ఆప్షనల్ సిక్వ్వ్నీడ్ ఆటోమేటిక్ లేదా స్టాండర్ద్ సిక్ప్ప్నీడ్ మాన్యువల్ గేర్బాక్న్ ఆప్షన్తతో లభిస్లుంది,0.0,ఇది ఆప్షనల్ సిక్చ్న్వీడ్ ఆటోమేటిక్ లేదా స్టాండర్ద్ సిక్చ్చ్సీడ్ మాన్యువల్ గేర్బాక్చ్ ఆప్షన్తతో లభిస్లుంది,0.0,ఇది ఆప్షనల్ సిక్న్న్వీడ్ ఆటోమేటిక్ లేదా స్టాండర్ద్ సిక్వ్న్యీడ్ మాన్యువల్ గేర్బాక్వ్ ఆప్షన్తతో లభిస్లుంది,0.0,ఇది ఆప్షనల్ సిక్చ్ప్యీడ్ ఆటోమేటిక్ లేదా స్టాండర్ద్ సిక్చ్ప్సీడ్ మాన్యువల్ గేర్బాక్చ్ ఆప్షన్ధతో లభిస్లుంది
సిరీస్ డీరౌండ్ ఫండింగ్లో భాగంగా అతను ఇన్వెస్ట్ చేసినట్లు తెలిపింది,0.0,సిరీస్ డీరౌండ్ ఫండింగ్తో భాగంగా అతను ఇన్సెస్ట్ చేసినట్ధు తెలిపింది,0.0,సిరీస్ డీరౌండ్ ఫండింగ్ధో భాగంగా అతను ఇన్యెస్ట్ చేసినట్గు తెలిపింది,0.0,సిరీస్ డీరౌండ్ ఫండింగ్తో భాగంగా అతను ఇన్చెస్ట్ చేసినట్గు తెలిపింది,0.0,సిరీస్ డీరౌండ్ ఫండింగ్తో భాగంగా అతను ఇన్యెస్ట్ చేసినట్తు తెలిపింది
ఇలాంటి సంచలన చిత్రాలే ఎందుకు,0.0,ఇలాంటి సంచలన చిత్రాలే ఎందుకు,0.0,ఇలాంటి సంచలన చిత్రాలే ఎందుకు,0.0,ఇలాంటి సంచలన చిత్రాలే ఎందుకు,0.0,ఇలాంటి సంచలన చిత్రాలే ఎందుకు
అ సినిమా కూడా అంతే,0.0,అ సినిమా కూడా అంతే,0.0,అ సినిమా కూడా అంతే,0.0,అ సినిమా కూడా అంతే,0.0,అ సినిమా కూడా అంతే
ఎక్కడో గుజరాత్ ఫలితాలు ఏపి వైపు ఏ విధంగా ప్రభావం చూపుతుంది,0.0,ఎక్కడో గుజరాత్ ఫలితాలు ఏపి వైపు ఏ విధంగా ప్రభావం చూపుతుంది,0.0,ఎక్కడో గుజరాత్ ఫలితాలు ఏపి వైపు ఏ విధంగా ప్రభావం చూపుతుంది,0.0,ఎక్కడో గుజరాత్ ఫలితాలు ఏపి వైపు ఏ విధంగా ప్రభావం చూపుతుంది,0.0,ఎక్కడో గుజరాత్ ఫలితాలు ఏపి వైపు ఏ విధంగా ప్రభావం చూపుతుంది
అనేకమంది మనుషుల్ని కలిసాను,0.0,అనేకమంది మనుషుల్పి కలిసాను,0.0,అనేకమంది మనుషుల్పి కలిసాను,0.0,అనేకమంది మనుషుల్వి కలిసాను,0.0,అనేకమంది మనుషుల్పి కలిసాను
ఎగువన కురుస్తున్న భారీ వర్షాల కారణంగా పెద్ద మొత్తంలో వరదనీరు జలాశయం చేరుకోవడంతో నిండుగా తొణికిసలాడుతోంది,0.0,ఎగువన కురుస్లున్వ భారీ వర్షాల కారణంగా పెద్  మొత్లంలో వరదనీరు జలాశయం చేరుకోవడంతో నిండుగా తొణికిసలాడుతోంది,0.0,ఎగువన కురుస్లున్వ భారీ వర్షాల కారణంగా పెద్  మొత్లంలో వరదనీరు జలాశయం చేరుకోవడంతో నిండుగా తొణికిసలాడుతోంది,0.0,ఎగువన కురుస్లున్ప భారీ వర్షాల కారణంగా పెద్  మొత్లంలో వరదనీరు జలాశయం చేరుకోవడంతో నిండుగా తొణికిసలాడుతోంది,0.0,ఎగువన కురుస్లున్ప భారీ వర్షాల కారణంగా పెద్ధ మొత్లంలో వరదనీరు జలాశయం చేరుకోవడంతో నిండుగా తొణికిసలాడుతోంది
ఫలితంగా చాలా మంది చనిపోతున్నారు,0.0,ఫలితంగా చాలా మంది చనిపోతున్పారు,0.0,ఫలితంగా చాలా మంది చనిపోతున్పారు,0.0,ఫలితంగా చాలా మంది చనిపోతున్పారు,0.0,ఫలితంగా చాలా మంది చనిపోతున్వారు
మనిషి సంపూర్ణ ఆరోగ్యంలో ఇది కూడా భాగమే,0.0,మనిషి సంపూర్ణ ఆరోగ్యంలో ఇది కూడా భాగమే,0.0,మనిషి సంపూర్ణ ఆరోగ్యంలో ఇది కూడా భాగమే,0.0,మనిషి సంపూర్ణ ఆరోగ్యంలో ఇది కూడా భాగమే,0.0,మనిషి సంపూర్ణ ఆరోగ్యంలో ఇది కూడా భాగమే
కానీ అపాయింట్మెంట్ దక్కలేదు,0.0,కానీ అపాయింట్శెంట్ దక్కలేదు,0.0,కానీ అపాయింట్శెంట్ దక్కలేదు,0.0,కానీ అపాయింట్శెంట్ దక్కలేదు,0.0,కానీ అపాయింట్శెంట్ దక్కలేదు
ఆలియా భట్ ఒలీవియా మోరీస్ కథానాయికలుగా చేస్తున్నారు,0.0,ఆలియా భట్ ఒలీవియా మోరీస్ కథానాయికలుగా చేస్లున్వారు,0.0,ఆలియా భట్ ఒలీవియా మోరీస్ కథానాయికలుగా చేస్లున్వారు,0.0,ఆలియా భట్ ఒలీవియా మోరీస్ కథానాయికలుగా చేస్లున్పారు,0.0,ఆలియా భట్ ఒలీవియా మోరీస్ కథానాయికలుగా చేస్లున్వారు
ఆమె ఎక్కువసేపు మాట్లాడిన సందర్భం గురించి కేవలం లూకా వచనాల్లో ఉంది,0.0,ఆమె ఎక్కువసేపు మాట్ధాడిన సందర్భం గురించి కేవలం లూకా వచనాల్గో ఉంది,0.0,ఆమె ఎక్కువసేపు మాట్తాడిన సందర్భం గురించి కేవలం లూకా వచనాల్తో ఉంది,0.0,ఆమె ఎక్కువసేపు మాట్ధాడిన సందర్భం గురించి కేవలం లూకా వచనాల్ధో ఉంది,0.0,ఆమె ఎక్కువసేపు మాట్గాడిన సందర్భం గురించి కేవలం లూకా వచనాల్గో ఉంది
శర్వానంద్ కల్యాణీ ప్రియదర్శన్ కాజల్ అగర్వాల్ హీరో హీరోయిన్లుగా సుధీర్ వర్మ దర్శకత్వంలో తెరకెక్కిన క్రైమ్ డ్రామా రణరంగం,0.0,శర్యానంద్ కల్యాణీ ప్రియదర్మన్ కాజల్ అగర్నాల్ హీరో హీరోయిన్ధుగా సుధీర్ వర్శ దర్మకత్నంలో తెరకెక్కిన క్రైమ్ డ్రామా రణరంగం,0.0,శర్యానంద్ కల్యాణీ ప్రియదర్మన్ కాజల్ అగర్సాల్ హీరో హీరోయిన్తుగా సుధీర్ వర్శ దర్మకత్సంలో తెరకెక్కిన క్రైమ్ డ్రామా రణరంగం,0.0,శర్యానంద్ కల్యాణీ ప్రియదర్మన్ కాజల్ అగర్యాల్ హీరో హీరోయిన్గుగా సుధీర్ వర్శ దర్మకత్యంలో తెరకెక్కిన క్రైమ్ డ్రామా రణరంగం,0.0,శర్యానంద్ కల్యాణీ ప్రియదర్మన్ కాజల్ అగర్చాల్ హీరో హీరోయిన్గుగా సుధీర్ వర్శ దర్మకత్పంలో తెరకెక్కిన క్రైమ్ డ్రామా రణరంగం
తేదీలకు సంబంధించిన పూర్తి షెడ్యూల్,0.0,తేదీలకు సంబంధించిన పూర్లి షెడ్యూల్,0.0,తేదీలకు సంబంధించిన పూర్లి షెడ్యూల్,0.0,తేదీలకు సంబంధించిన పూర్లి షెడ్యూల్,0.0,తేదీలకు సంబంధించిన పూర్లి షెడ్యూల్
ప్రమాదానికి కారణమైన వారిపై చర్యలు తీసుకుంటామన్నారు,0.0,ప్రమాదానికి కారణమైన వారిపై చర్యలు తీసుకుంటామన్వారు,0.0,ప్రమాదానికి కారణమైన వారిపై చర్యలు తీసుకుంటామన్వారు,0.0,ప్రమాదానికి కారణమైన వారిపై చర్యలు తీసుకుంటామన్పారు,0.0,ప్రమాదానికి కారణమైన వారిపై చర్యలు తీసుకుంటామన్వారు
తాను బీజేపీతో కలవడానికి ఎప్పుడూ అంగీకరించలేదన్నారు,0.0,తాను బీజేపీతో కలవడానికి ఎప్యుడూ అంగీకరించలేదన్పారు,0.0,తాను బీజేపీతో కలవడానికి ఎప్సుడూ అంగీకరించలేదన్పారు,0.0,తాను బీజేపీతో కలవడానికి ఎప్సుడూ అంగీకరించలేదన్వారు,0.0,తాను బీజేపీతో కలవడానికి ఎప్నుడూ అంగీకరించలేదన్వారు
పుల్వామా ఉగ్ర దాడికి ప్రతీకారంగా ఇండియన్ ఎయిర్ ఫోర్స్ పాకిస్థాన్లోని బాలకోట్లో ఉగ్రవాద మూకల శిబిరాలపై దాడులు చేశాయి,0.0,పుల్నామా ఉగ్ర దాడికి ప్రతీకారంగా ఇండియన్ ఎయిర్ ఫోర్చ్ పాకిస్థాన్ధోని బాలకోట్గో ఉగ్రవాద మూకల శిబిరాలపై దాడులు చేశాయి,0.0,పుల్నామా ఉగ్ర దాడికి ప్రతీకారంగా ఇండియన్ ఎయిర్ ఫోర్న్ పాకిస్థాన్గోని బాలకోట్ధో ఉగ్రవాద మూకల శిబిరాలపై దాడులు చేశాయి,0.0,పుల్సామా ఉగ్ర దాడికి ప్రతీకారంగా ఇండియన్ ఎయిర్ ఫోర్ప్ పాకిస్థాన్గోని బాలకోట్తో ఉగ్రవాద మూకల శిబిరాలపై దాడులు చేశాయి,0.0,పుల్సామా ఉగ్ర దాడికి ప్రతీకారంగా ఇండియన్ ఎయిర్ ఫోర్చ్ పాకిస్థాన్ధోని బాలకోట్తో ఉగ్రవాద మూకల శిబిరాలపై దాడులు చేశాయి
తెలంగాణలో బీజేపీ రోజురోజుకి బలపడుతోంది,0.0,తెలంగాణలో బీజేపీ రోజురోజుకి బలపడుతోంది,0.0,తెలంగాణలో బీజేపీ రోజురోజుకి బలపడుతోంది,0.0,తెలంగాణలో బీజేపీ రోజురోజుకి బలపడుతోంది,0.0,తెలంగాణలో బీజేపీ రోజురోజుకి బలపడుతోంది
తెలంగాణలో టీఆర్ఎస్కు బీజేపీనే ప్రత్యామ్నాయం అని అన్నారు,0.0,తెలంగాణలో టీఆర్ఎస్కు బీజేపీనే ప్రత్యామ్వాయం అని అన్వారు,0.0,తెలంగాణలో టీఆర్ఎస్కు బీజేపీనే ప్రత్యామ్పాయం అని అన్పారు,0.0,తెలంగాణలో టీఆర్ఎస్కు బీజేపీనే ప్రత్యామ్పాయం అని అన్వారు,0.0,తెలంగాణలో టీఆర్ఎస్కు బీజేపీనే ప్రత్యామ్పాయం అని అన్పారు
ఇది ఫ్రంట్ డిస్క్ మరియు రియర్ డ్రమ్ బ్రేక్తో బ్యాటరీతో పనిచేస్తుంది,0.0,ఇది ఫ్రంట్ డిస్క్ మరియు రియర్ డ్రమ్ బ్రేక్లో బ్యాటరీతో పనిచేస్లుంది,0.0,ఇది ఫ్రంట్ డిస్క్ మరియు రియర్ డ్రమ్ బ్రేక్లో బ్యాటరీతో పనిచేస్లుంది,0.0,ఇది ఫ్రంట్ డిస్క్ మరియు రియర్ డ్రమ్ బ్రేక్లో బ్యాటరీతో పనిచేస్లుంది,0.0,ఇది ఫ్రంట్ డిస్క్ మరియు రియర్ డ్రమ్ బ్రేక్లో బ్యాటరీతో పనిచేస్లుంది
మరియు మరికొన్ని ఇలా జతచేరుతున్నాయి,0.0,మరియు మరికొన్పి ఇలా జతచేరుతున్వాయి,0.0,మరియు మరికొన్పి ఇలా జతచేరుతున్వాయి,0.0,మరియు మరికొన్పి ఇలా జతచేరుతున్వాయి,0.0,మరియు మరికొన్వి ఇలా జతచేరుతున్పాయి
కార్యక్రమంలో పలువురు ప్రజాప్రతినిధులు అధికారులు పాల్గొన్నారు,0.0,కార్యక్రమంలో పలువురు ప్రజాప్రతినిధులు అధికారులు పాల్ధొన్పారు,0.0,కార్యక్రమంలో పలువురు ప్రజాప్రతినిధులు అధికారులు పాల్లొన్వారు,0.0,కార్యక్రమంలో పలువురు ప్రజాప్రతినిధులు అధికారులు పాల్ఠొన్వారు,0.0,కార్యక్రమంలో పలువురు ప్రజాప్రతినిధులు అధికారులు పాల్ఠొన్పారు
స్నానం చేస్తున్నా,0.0,స్నానం చేస్లున్పా,0.0,స్నానం చేస్లున్వా,0.0,స్నానం చేస్లున్పా,0.0,స్నానం చేస్లున్పా
బీజేపీ మళ్లీ అధికారంలోకి రాబోతోందా,0.0,బీజేపీ మళ్తీ అధికారంలోకి రాబోతోందా,0.0,బీజేపీ మళ్గీ అధికారంలోకి రాబోతోందా,0.0,బీజేపీ మళ్గీ అధికారంలోకి రాబోతోందా,0.0,బీజేపీ మళ్తీ అధికారంలోకి రాబోతోందా
గత ప్రభుత్వం ఎస్సీ కార్పొరేషన్కు రూ,0.0,గత ప్రభుత్యం ఎస్పీ కార్సొరేషన్కు రూ,0.0,గత ప్రభుత్సం ఎస్వీ కార్యొరేషన్కు రూ,0.0,గత ప్రభుత్యం ఎస్పీ కార్నొరేషన్కు రూ,0.0,గత ప్రభుత్నం ఎస్పీ కార్యొరేషన్కు రూ
ఉయ్యాలా వాడ నరసింహ రెడ్డి జీవిత కథ ఆధారంగా తెరకెక్కిన ఈ చిత్రాన్ని సురేందర్ రెడ్డి డైరెక్ట్ చేయగా రామ్,0.0,ఉయ్యాలా వాడ నరసింహ రెడ్ధి జీవిత కథ ఆధారంగా తెరకెక్కిన ఈ చిత్రాన్పి సురేందర్ రెడ్ధి డైరెక్ట్ చేయగా రామ్,0.0,ఉయ్యాలా వాడ నరసింహ రెడ్ది జీవిత కథ ఆధారంగా తెరకెక్కిన ఈ చిత్రాన్పి సురేందర్ రెడ్ధి డైరెక్ట్ చేయగా రామ్,0.0,ఉయ్యాలా వాడ నరసింహ రెడ్ది జీవిత కథ ఆధారంగా తెరకెక్కిన ఈ చిత్రాన్వి సురేందర్ రెడ్ది డైరెక్ట్ చేయగా రామ్,0.0,ఉయ్యాలా వాడ నరసింహ రెడ్ధి జీవిత కథ ఆధారంగా తెరకెక్కిన ఈ చిత్రాన్వి సురేందర్ రెడ్ది డైరెక్ట్ చేయగా రామ్
వేడినీరు కప్,0.0,వేడినీరు కప్,0.0,వేడినీరు కప్,0.0,వేడినీరు కప్,0.0,వేడినీరు కప్
ఆత్మహత్య చేసుకోవడానికి కారణం ఏమిటో అర్థం కావటం లేదు,0.0,ఆత్శహత్య చేసుకోవడానికి కారణం ఏమిటో అర్థం కావటం లేదు,0.0,ఆత్శహత్య చేసుకోవడానికి కారణం ఏమిటో అర్థం కావటం లేదు,0.0,ఆత్శహత్య చేసుకోవడానికి కారణం ఏమిటో అర్థం కావటం లేదు,0.0,ఆత్శహత్య చేసుకోవడానికి కారణం ఏమిటో అర్థం కావటం లేదు
కానీ ఈ యొక్క ప్రయోజనాలు ఉంది,0.0,కానీ ఈ యొక్క ప్రయోజనాలు ఉంది,0.0,కానీ ఈ యొక్క ప్రయోజనాలు ఉంది,0.0,కానీ ఈ యొక్క ప్రయోజనాలు ఉంది,0.0,కానీ ఈ యొక్క ప్రయోజనాలు ఉంది
ఆమెది మామూలు మరణం కాదు,0.0,ఆమెది మామూలు మరణం కాదు,0.0,ఆమెది మామూలు మరణం కాదు,0.0,ఆమెది మామూలు మరణం కాదు,0.0,ఆమెది మామూలు మరణం కాదు
ఇష్టాంశములకు జతచేయుము,0.0,ఇష్టాంశములకు జతచేయుము,0.0,ఇష్టాంశములకు జతచేయుము,0.0,ఇష్టాంశములకు జతచేయుము,0.0,ఇష్టాంశములకు జతచేయుము
రెండు మరియు మూడు రౌండ్లలో అతను నాయకుడు లేదా సహ నాయకుడుగా కొనసాగాడు,0.0,రెండు మరియు మూడు రౌండ్గలో అతను నాయకుడు లేదా సహ నాయకుడుగా కొనసాగాడు,0.0,రెండు మరియు మూడు రౌండ్గలో అతను నాయకుడు లేదా సహ నాయకుడుగా కొనసాగాడు,0.0,రెండు మరియు మూడు రౌండ్ధలో అతను నాయకుడు లేదా సహ నాయకుడుగా కొనసాగాడు,0.0,రెండు మరియు మూడు రౌండ్గలో అతను నాయకుడు లేదా సహ నాయకుడుగా కొనసాగాడు
అలాగని నేనేదో పెద్ద డ్యాన్సర్ని అనుకోను,0.0,అలాగని నేనేదో పెద్ధ డ్యాన్చర్వి అనుకోను,0.0,అలాగని నేనేదో పెద్డ డ్యాన్నర్పి అనుకోను,0.0,అలాగని నేనేదో పెద్  డ్యాన్నర్పి అనుకోను,0.0,అలాగని నేనేదో పెద్  డ్యాన్నర్పి అనుకోను
ఒక వీడియో కట్టింగ్,0.0,ఒక వీడియో కట్టింగ్,0.0,ఒక వీడియో కట్టింగ్,0.0,ఒక వీడియో కట్టింగ్,0.0,ఒక వీడియో కట్టింగ్
ముంబైలో రోజువారీ నుంచి పరీక్షలు నిర్వహిస్తున్నప్పటికీ కేసులు మాత్రమే నమోదయ్యాయి,0.0,ముంబైలో రోజువారీ నుంచి పరీక్షలు నిర్చహిస్లున్వప్యటికీ కేసులు మాత్రమే నమోదయ్యాయి,0.0,ముంబైలో రోజువారీ నుంచి పరీక్షలు నిర్నహిస్లున్పప్యటికీ కేసులు మాత్రమే నమోదయ్యాయి,0.0,ముంబైలో రోజువారీ నుంచి పరీక్షలు నిర్నహిస్లున్పప్సటికీ కేసులు మాత్రమే నమోదయ్యాయి,0.0,ముంబైలో రోజువారీ నుంచి పరీక్షలు నిర్యహిస్లున్వప్నటికీ కేసులు మాత్రమే నమోదయ్యాయి
జనసమూహముఈయన గలిలయ లోని నజరేతువాడగు ప్రవక్తయైన యేసు అని చెప్పిరి,0.0,జనసమూహముఈయన గలిలయ లోని నజరేతువాడగు ప్రవక్లయైన యేసు అని చెప్విరి,0.0,జనసమూహముఈయన గలిలయ లోని నజరేతువాడగు ప్రవక్లయైన యేసు అని చెప్యిరి,0.0,జనసమూహముఈయన గలిలయ లోని నజరేతువాడగు ప్రవక్లయైన యేసు అని చెప్సిరి,0.0,జనసమూహముఈయన గలిలయ లోని నజరేతువాడగు ప్రవక్లయైన యేసు అని చెప్విరి
ఈ విషయాన్ని రిషి కపూర్ భార్య నీతూ కపూర్ వెల్లడించారు,0.0,ఈ విషయాన్వి రిషి కపూర్ భార్య నీతూ కపూర్ వెల్గడించారు,0.0,ఈ విషయాన్వి రిషి కపూర్ భార్య నీతూ కపూర్ వెల్ధడించారు,0.0,ఈ విషయాన్వి రిషి కపూర్ భార్య నీతూ కపూర్ వెల్తడించారు,0.0,ఈ విషయాన్పి రిషి కపూర్ భార్య నీతూ కపూర్ వెల్ధడించారు
భవిష్యత్ ప్రణాళికలు మీకు లభిస్తాయి,0.0,భవిష్యత్ ప్రణాళికలు మీకు లభిస్లాయి,0.0,భవిష్యత్ ప్రణాళికలు మీకు లభిస్లాయి,0.0,భవిష్యత్ ప్రణాళికలు మీకు లభిస్లాయి,0.0,భవిష్యత్ ప్రణాళికలు మీకు లభిస్లాయి
వాణిజ్య పన్నుల శాఖ కమిషనర్గా పీయూష్ కుమార్,0.0,వాణిజ్య పన్పుల శాఖ కమిషనర్లా పీయూష్ కుమార్,0.0,వాణిజ్య పన్వుల శాఖ కమిషనర్ఠా పీయూష్ కుమార్,0.0,వాణిజ్య పన్పుల శాఖ కమిషనర్ధా పీయూష్ కుమార్,0.0,వాణిజ్య పన్పుల శాఖ కమిషనర్ధా పీయూష్ కుమార్
ఇక ఏపీకి చెందిన దగ్గుబాటి పురందేశ్వరిని ఛత్తీస్గడ్ ఒడిశా రాష్ట్రాల ఇన్ఛార్జ్గా నియమించింది,0.0,ఇక ఏపీకి చెందిన దగ్ఠుబాటి పురందేశ్యరిని ఛత్లీస్ఠడ్ ఒడిశా రాష్ట్రాల ఇన్ఛార్జ్ఠా నియమించింది,0.0,ఇక ఏపీకి చెందిన దగ్లుబాటి పురందేశ్యరిని ఛత్లీస్ఠడ్ ఒడిశా రాష్ట్రాల ఇన్ఛార్జ్ఠా నియమించింది,0.0,ఇక ఏపీకి చెందిన దగ్ఠుబాటి పురందేశ్పరిని ఛత్లీస్లడ్ ఒడిశా రాష్ట్రాల ఇన్ఛార్జ్లా నియమించింది,0.0,ఇక ఏపీకి చెందిన దగ్ధుబాటి పురందేశ్నరిని ఛత్లీస్ధడ్ ఒడిశా రాష్ట్రాల ఇన్ఛార్జ్ధా నియమించింది
ఈ దేవాలయం ఒక ఆకర్షణీయమైన చరిత్రను కలిగివుంది,0.0,ఈ దేవాలయం ఒక ఆకర్షణీయమైన చరిత్రను కలిగివుంది,0.0,ఈ దేవాలయం ఒక ఆకర్షణీయమైన చరిత్రను కలిగివుంది,0.0,ఈ దేవాలయం ఒక ఆకర్షణీయమైన చరిత్రను కలిగివుంది,0.0,ఈ దేవాలయం ఒక ఆకర్షణీయమైన చరిత్రను కలిగివుంది
ఈ ఘటనలో కారు కింద నలిగి అలేఖ్యకు తీవ్ర గాయాలయ్యాయి,0.0,ఈ ఘటనలో కారు కింద నలిగి అలేఖ్యకు తీవ్ర గాయాలయ్యాయి,0.0,ఈ ఘటనలో కారు కింద నలిగి అలేఖ్యకు తీవ్ర గాయాలయ్యాయి,0.0,ఈ ఘటనలో కారు కింద నలిగి అలేఖ్యకు తీవ్ర గాయాలయ్యాయి,0.0,ఈ ఘటనలో కారు కింద నలిగి అలేఖ్యకు తీవ్ర గాయాలయ్యాయి
దానిపై ఎవరూ అసమ్మతి నోట్ రాయలేదు,0.0,దానిపై ఎవరూ అసమ్శతి నోట్ రాయలేదు,0.0,దానిపై ఎవరూ అసమ్శతి నోట్ రాయలేదు,0.0,దానిపై ఎవరూ అసమ్శతి నోట్ రాయలేదు,0.0,దానిపై ఎవరూ అసమ్శతి నోట్ రాయలేదు
లో గుంటూరు జిల్లా ప్రత్తిపాడు హైస్కూల్లో హిందీ ఉపాధ్యాయుడుగా చేరారు,0.0,లో గుంటూరు జిల్తా ప్రత్లిపాడు హైస్కూల్తో హిందీ ఉపాధ్యాయుడుగా చేరారు,0.0,లో గుంటూరు జిల్తా ప్రత్లిపాడు హైస్కూల్తో హిందీ ఉపాధ్యాయుడుగా చేరారు,0.0,లో గుంటూరు జిల్ధా ప్రత్లిపాడు హైస్కూల్గో హిందీ ఉపాధ్యాయుడుగా చేరారు,0.0,లో గుంటూరు జిల్తా ప్రత్లిపాడు హైస్కూల్తో హిందీ ఉపాధ్యాయుడుగా చేరారు
కానీ అభ్యంతరాలపై,0.0,కానీ అభ్యంతరాలపై,0.0,కానీ అభ్యంతరాలపై,0.0,కానీ అభ్యంతరాలపై,0.0,కానీ అభ్యంతరాలపై
ఇతర ఇష్టాంశాలు,0.0,ఇతర ఇష్టాంశాలు,0.0,ఇతర ఇష్టాంశాలు,0.0,ఇతర ఇష్టాంశాలు,0.0,ఇతర ఇష్టాంశాలు
ఘటనా స్థలంలో ఆయుధాలు పేలుడు పదార్థాలను స్వాధీనం చేసుకున్నట్లు తెలిపారు,0.0,ఘటనా స్థలంలో ఆయుధాలు పేలుడు పదార్థాలను స్యాధీనం చేసుకున్పట్ధు తెలిపారు,0.0,ఘటనా స్థలంలో ఆయుధాలు పేలుడు పదార్థాలను స్సాధీనం చేసుకున్పట్గు తెలిపారు,0.0,ఘటనా స్థలంలో ఆయుధాలు పేలుడు పదార్థాలను స్సాధీనం చేసుకున్వట్తు తెలిపారు,0.0,ఘటనా స్థలంలో ఆయుధాలు పేలుడు పదార్థాలను స్యాధీనం చేసుకున్వట్గు తెలిపారు
రియో ఒలింపిక్స్లో రజత పతకం సాధించిన తొలి మహిళా క్రీడాకారిణిగా చరిత్ర సృష్టించింది,0.0,రియో ఒలింపిక్చ్ధో రజత పతకం సాధించిన తొలి మహిళా క్రీడాకారిణిగా చరిత్ర సృష్టించింది,0.0,రియో ఒలింపిక్న్ధో రజత పతకం సాధించిన తొలి మహిళా క్రీడాకారిణిగా చరిత్ర సృష్టించింది,0.0,రియో ఒలింపిక్న్ధో రజత పతకం సాధించిన తొలి మహిళా క్రీడాకారిణిగా చరిత్ర సృష్టించింది,0.0,రియో ఒలింపిక్వ్తో రజత పతకం సాధించిన తొలి మహిళా క్రీడాకారిణిగా చరిత్ర సృష్టించింది
వారిద్దరికి ఇద్దరు కుమార్తెలు,0.0,వారిద్డరికి ఇద్ రు కుమార్లెలు,0.0,వారిద్ధరికి ఇద్ధరు కుమార్లెలు,0.0,వారిద్డరికి ఇద్ధరు కుమార్లెలు,0.0,వారిద్ధరికి ఇద్ రు కుమార్లెలు
ఈ పాఠశాల ప్రతి ఏటా ఎస్ఎస్సి పరీక్షా ఫలితాలలో మండలములో ప్రథమ స్థానమును సాధిస్తుంది,0.0,ఈ పాఠశాల ప్రతి ఏటా ఎస్ఎస్పి పరీక్షా ఫలితాలలో మండలములో ప్రథమ స్థానమును సాధిస్లుంది,0.0,ఈ పాఠశాల ప్రతి ఏటా ఎస్ఎస్చి పరీక్షా ఫలితాలలో మండలములో ప్రథమ స్థానమును సాధిస్లుంది,0.0,ఈ పాఠశాల ప్రతి ఏటా ఎస్ఎస్ని పరీక్షా ఫలితాలలో మండలములో ప్రథమ స్థానమును సాధిస్లుంది,0.0,ఈ పాఠశాల ప్రతి ఏటా ఎస్ఎస్ని పరీక్షా ఫలితాలలో మండలములో ప్రథమ స్థానమును సాధిస్లుంది
అని లేఖలో దుయ్యబట్టారు,0.0,అని లేఖలో దుయ్యబట్టారు,0.0,అని లేఖలో దుయ్యబట్టారు,0.0,అని లేఖలో దుయ్యబట్టారు,0.0,అని లేఖలో దుయ్యబట్టారు
ఇంత ప్లాన్ వేసుకున్నాడు,0.0,ఇంత ప్తాన్ వేసుకున్వాడు,0.0,ఇంత ప్తాన్ వేసుకున్పాడు,0.0,ఇంత ప్తాన్ వేసుకున్వాడు,0.0,ఇంత ప్తాన్ వేసుకున్పాడు
పలు లోతట్టు ప్రాంతాలన్నీ జలమయ్యాయి,0.0,పలు లోతట్టు ప్రాంతాలన్పీ జలమయ్యాయి,0.0,పలు లోతట్టు ప్రాంతాలన్పీ జలమయ్యాయి,0.0,పలు లోతట్టు ప్రాంతాలన్పీ జలమయ్యాయి,0.0,పలు లోతట్టు ప్రాంతాలన్పీ జలమయ్యాయి
ప్రతి క్షణం తనతో నేను గడిపిన క్షణాలే గుర్తొస్తున్నాయి,0.0,ప్రతి క్షణం తనతో నేను గడిపిన క్షణాలే గుర్లొస్లున్వాయి,0.0,ప్రతి క్షణం తనతో నేను గడిపిన క్షణాలే గుర్లొస్లున్పాయి,0.0,ప్రతి క్షణం తనతో నేను గడిపిన క్షణాలే గుర్లొస్లున్పాయి,0.0,ప్రతి క్షణం తనతో నేను గడిపిన క్షణాలే గుర్లొస్లున్పాయి
ప్రభుత్వం ఇటువంటి విషయంలో చాలా జాగ్రత్తలు పాటించాలి,0.0,ప్రభుత్యం ఇటువంటి విషయంలో చాలా జాగ్రత్లలు పాటించాలి,0.0,ప్రభుత్నం ఇటువంటి విషయంలో చాలా జాగ్రత్లలు పాటించాలి,0.0,ప్రభుత్చం ఇటువంటి విషయంలో చాలా జాగ్రత్లలు పాటించాలి,0.0,ప్రభుత్చం ఇటువంటి విషయంలో చాలా జాగ్రత్లలు పాటించాలి
ఆ సందర్భంలో అందుబాటులో ఉన్న రొట్టె పస్కా పండుగ కోసం ఉపయోగించబడే రొట్టె వంటిదే,0.0,ఆ సందర్భంలో అందుబాటులో ఉన్ప రొట్టె పస్కా పండుగ కోసం ఉపయోగించబడే రొట్టె వంటిదే,0.0,ఆ సందర్భంలో అందుబాటులో ఉన్ప రొట్టె పస్కా పండుగ కోసం ఉపయోగించబడే రొట్టె వంటిదే,0.0,ఆ సందర్భంలో అందుబాటులో ఉన్ప రొట్టె పస్కా పండుగ కోసం ఉపయోగించబడే రొట్టె వంటిదే,0.0,ఆ సందర్భంలో అందుబాటులో ఉన్వ రొట్టె పస్కా పండుగ కోసం ఉపయోగించబడే రొట్టె వంటిదే
అంతా లొట్టలేసుకుంటూ తినేస్తాం,0.0,అంతా లొట్టలేసుకుంటూ తినేస్లాం,0.0,అంతా లొట్టలేసుకుంటూ తినేస్లాం,0.0,అంతా లొట్టలేసుకుంటూ తినేస్లాం,0.0,అంతా లొట్టలేసుకుంటూ తినేస్లాం
చదువంటే ఎంతో ఇష్టం,0.0,చదువంటే ఎంతో ఇష్టం,0.0,చదువంటే ఎంతో ఇష్టం,0.0,చదువంటే ఎంతో ఇష్టం,0.0,చదువంటే ఎంతో ఇష్టం
ప్రతి ఒక్కరూ దీన్ని పెట్టుకోవాలి,0.0,ప్రతి ఒక్కరూ దీన్పి పెట్టుకోవాలి,0.0,ప్రతి ఒక్కరూ దీన్పి పెట్టుకోవాలి,0.0,ప్రతి ఒక్కరూ దీన్వి పెట్టుకోవాలి,0.0,ప్రతి ఒక్కరూ దీన్వి పెట్టుకోవాలి
సినిమాలో అనేక మలుపులు ఉంటాయట,0.0,సినిమాలో అనేక మలుపులు ఉంటాయట,0.0,సినిమాలో అనేక మలుపులు ఉంటాయట,0.0,సినిమాలో అనేక మలుపులు ఉంటాయట,0.0,సినిమాలో అనేక మలుపులు ఉంటాయట
దేశవ్యాప్తంగా ఎన్ఆర్సీ అమలు చేస్తామని కేంద్రమంత్రులు అమిత్ షా రాజ్నాథ్ సింగ్ ప్రకటిస్తున్నారు,0.0,దేశవ్యాప్లంగా ఎన్ఆర్వీ అమలు చేస్లామని కేంద్రమంత్రులు అమిత్ షా రాజ్వాథ్ సింగ్ ప్రకటిస్లున్వారు,0.0,దేశవ్యాప్లంగా ఎన్ఆర్వీ అమలు చేస్లామని కేంద్రమంత్రులు అమిత్ షా రాజ్పాథ్ సింగ్ ప్రకటిస్లున్వారు,0.0,దేశవ్యాప్లంగా ఎన్ఆర్పీ అమలు చేస్లామని కేంద్రమంత్రులు అమిత్ షా రాజ్వాథ్ సింగ్ ప్రకటిస్లున్వారు,0.0,దేశవ్యాప్లంగా ఎన్ఆర్చీ అమలు చేస్లామని కేంద్రమంత్రులు అమిత్ షా రాజ్పాథ్ సింగ్ ప్రకటిస్లున్వారు
శుభ్రం చేయు మరియు పొడిగా,0.0,శుభ్రం చేయు మరియు పొడిగా,0.0,శుభ్రం చేయు మరియు పొడిగా,0.0,శుభ్రం చేయు మరియు పొడిగా,0.0,శుభ్రం చేయు మరియు పొడిగా
మనకు తెలియకుండానే,0.0,మనకు తెలియకుండానే,0.0,మనకు తెలియకుండానే,0.0,మనకు తెలియకుండానే,0.0,మనకు తెలియకుండానే
నేను ఎందుకు కూడా తెలియదు,0.0,నేను ఎందుకు కూడా తెలియదు,0.0,నేను ఎందుకు కూడా తెలియదు,0.0,నేను ఎందుకు కూడా తెలియదు,0.0,నేను ఎందుకు కూడా తెలియదు
దీంతో నిందితులు మరింత రెచ్చిపోయారు,0.0,దీంతో నిందితులు మరింత రెచ్విపోయారు,0.0,దీంతో నిందితులు మరింత రెచ్విపోయారు,0.0,దీంతో నిందితులు మరింత రెచ్సిపోయారు,0.0,దీంతో నిందితులు మరింత రెచ్సిపోయారు
ఈ చలాన్ల ద్వారా రూ,0.0,ఈ చలాన్ధ ద్పారా రూ,0.0,ఈ చలాన్త ద్సారా రూ,0.0,ఈ చలాన్త ద్సారా రూ,0.0,ఈ చలాన్ధ ద్యారా రూ
అందరూ ఒక అనుకూల మరియు ప్రతికూల వైపు కలిగి వారి సొంత భావన ఉంది,0.0,అందరూ ఒక అనుకూల మరియు ప్రతికూల వైపు కలిగి వారి సొంత భావన ఉంది,0.0,అందరూ ఒక అనుకూల మరియు ప్రతికూల వైపు కలిగి వారి సొంత భావన ఉంది,0.0,అందరూ ఒక అనుకూల మరియు ప్రతికూల వైపు కలిగి వారి సొంత భావన ఉంది,0.0,అందరూ ఒక అనుకూల మరియు ప్రతికూల వైపు కలిగి వారి సొంత భావన ఉంది
మానవాళి మనుగడకు మరో గ్రహం చూసుకోవాల్సిందే భౌతిక శాస్త్రవేత్త స్టీఫెన్ హాకింగ్,0.0,మానవాళి మనుగడకు మరో గ్రహం చూసుకోవాల్నిందే భౌతిక శాస్ల్రవేత్ల స్టీఫెన్ హాకింగ్,0.0,మానవాళి మనుగడకు మరో గ్రహం చూసుకోవాల్విందే భౌతిక శాస్ల్రవేత్ల స్టీఫెన్ హాకింగ్,0.0,మానవాళి మనుగడకు మరో గ్రహం చూసుకోవాల్నిందే భౌతిక శాస్ల్రవేత్ల స్టీఫెన్ హాకింగ్,0.0,మానవాళి మనుగడకు మరో గ్రహం చూసుకోవాల్విందే భౌతిక శాస్ల్రవేత్ల స్టీఫెన్ హాకింగ్
అలా వుంది ఆంధ్ర ముఖ్యమంత్రి వైఎస్ జగన్ వ్యవహారం,0.0,అలా వుంది ఆంధ్ర ముఖ్యమంత్రి వైఎస్ జగన్ వ్యవహారం,0.0,అలా వుంది ఆంధ్ర ముఖ్యమంత్రి వైఎస్ జగన్ వ్యవహారం,0.0,అలా వుంది ఆంధ్ర ముఖ్యమంత్రి వైఎస్ జగన్ వ్యవహారం,0.0,అలా వుంది ఆంధ్ర ముఖ్యమంత్రి వైఎస్ జగన్ వ్యవహారం
స్టడీ టైం,0.0,స్టడీ టైం,0.0,స్టడీ టైం,0.0,స్టడీ టైం,0.0,స్టడీ టైం
అలా అందరి జీవితాలు ప్రమాదంలో పడ్డాయి,0.0,అలా అందరి జీవితాలు ప్రమాదంలో పడ్ధాయి,0.0,అలా అందరి జీవితాలు ప్రమాదంలో పడ్దాయి,0.0,అలా అందరి జీవితాలు ప్రమాదంలో పడ్దాయి,0.0,అలా అందరి జీవితాలు ప్రమాదంలో పడ్దాయి
దీంతో తీవ్ర రక్తస్రావం కావడంతో ఆమె మరణించింది,0.0,దీంతో తీవ్ర రక్లస్రావం కావడంతో ఆమె మరణించింది,0.0,దీంతో తీవ్ర రక్లస్రావం కావడంతో ఆమె మరణించింది,0.0,దీంతో తీవ్ర రక్లస్రావం కావడంతో ఆమె మరణించింది,0.0,దీంతో తీవ్ర రక్లస్రావం కావడంతో ఆమె మరణించింది
వెంటనే కాల్ చేశా,0.0,వెంటనే కాల్ చేశా,0.0,వెంటనే కాల్ చేశా,0.0,వెంటనే కాల్ చేశా,0.0,వెంటనే కాల్ చేశా
భారత ఆటగాళ్లలో అత్యధిక టీ టైటిళ్లను గెలిచిన రికార్డును రోహిత్ శర్మ సొంతం చేసుకున్నాడు,0.0,భారత ఆటగాళ్గలో అత్యధిక టీ టైటిళ్ధను గెలిచిన రికార్ధును రోహిత్ శర్శ సొంతం చేసుకున్పాడు,0.0,భారత ఆటగాళ్తలో అత్యధిక టీ టైటిళ్గను గెలిచిన రికార్దును రోహిత్ శర్శ సొంతం చేసుకున్పాడు,0.0,భారత ఆటగాళ్ధలో అత్యధిక టీ టైటిళ్గను గెలిచిన రికార్ధును రోహిత్ శర్శ సొంతం చేసుకున్వాడు,0.0,భారత ఆటగాళ్ధలో అత్యధిక టీ టైటిళ్ధను గెలిచిన రికార్దును రోహిత్ శర్శ సొంతం చేసుకున్పాడు
చిల్లర రాజకీయాలు లేవు,0.0,చిల్తర రాజకీయాలు లేవు,0.0,చిల్ధర రాజకీయాలు లేవు,0.0,చిల్ధర రాజకీయాలు లేవు,0.0,చిల్గర రాజకీయాలు లేవు
ఏళ్ల వయసులో అరంగేట్రం,0.0,ఏళ్ధ వయసులో అరంగేట్రం,0.0,ఏళ్ధ వయసులో అరంగేట్రం,0.0,ఏళ్ధ వయసులో అరంగేట్రం,0.0,ఏళ్గ వయసులో అరంగేట్రం
అయినప్పటికీ మరోవైపు కోహ్లీ జోరు ఆగలేదు,0.0,అయినప్నటికీ మరోవైపు కోహ్తీ జోరు ఆగలేదు,0.0,అయినప్నటికీ మరోవైపు కోహ్గీ జోరు ఆగలేదు,0.0,అయినప్వటికీ మరోవైపు కోహ్ధీ జోరు ఆగలేదు,0.0,అయినప్నటికీ మరోవైపు కోహ్గీ జోరు ఆగలేదు
వారి నుంచి ఎంతో నేర్చుకోవచ్చని విద్యార్ధులకు తెలిపారు,0.0,వారి నుంచి ఎంతో నేర్వుకోవచ్సని విద్యార్డులకు తెలిపారు,0.0,వారి నుంచి ఎంతో నేర్సుకోవచ్వని విద్యార్దులకు తెలిపారు,0.0,వారి నుంచి ఎంతో నేర్వుకోవచ్సని విద్యార్లులకు తెలిపారు,0.0,వారి నుంచి ఎంతో నేర్సుకోవచ్వని విద్యార్లులకు తెలిపారు
తదుపరి సినిమా కొరటాలతో,0.0,తదుపరి సినిమా కొరటాలతో,0.0,తదుపరి సినిమా కొరటాలతో,0.0,తదుపరి సినిమా కొరటాలతో,0.0,తదుపరి సినిమా కొరటాలతో
మరియు మహిళలు లగ్నం,0.0,మరియు మహిళలు లగ్పం,0.0,మరియు మహిళలు లగ్పం,0.0,మరియు మహిళలు లగ్వం,0.0,మరియు మహిళలు లగ్పం
రాజస్థాన్లో ఎంపీ సీట్లకుగానూ మొత్తం స్థానాలను ఎగరేసుకుపోయింది,0.0,రాజస్థాన్గో ఎంపీ సీట్తకుగానూ మొత్లం స్థానాలను ఎగరేసుకుపోయింది,0.0,రాజస్థాన్గో ఎంపీ సీట్తకుగానూ మొత్లం స్థానాలను ఎగరేసుకుపోయింది,0.0,రాజస్థాన్తో ఎంపీ సీట్ధకుగానూ మొత్లం స్థానాలను ఎగరేసుకుపోయింది,0.0,రాజస్థాన్ధో ఎంపీ సీట్ధకుగానూ మొత్లం స్థానాలను ఎగరేసుకుపోయింది
అన్న ప్రశ్నకు ఈ అంశంపై చర్చించ లేదని చెప్పారు,0.0,అన్వ ప్రశ్వకు ఈ అంశంపై చర్సించ లేదని చెప్వారు,0.0,అన్వ ప్రశ్వకు ఈ అంశంపై చర్వించ లేదని చెప్సారు,0.0,అన్ప ప్రశ్పకు ఈ అంశంపై చర్సించ లేదని చెప్యారు,0.0,అన్వ ప్రశ్వకు ఈ అంశంపై చర్వించ లేదని చెప్వారు
అదే విభాగంలో అవార్డ్ నామినేషన్లను అందుకుంది,0.0,అదే విభాగంలో అవార్ధ్ నామినేషన్గను అందుకుంది,0.0,అదే విభాగంలో అవార్ధ్ నామినేషన్తను అందుకుంది,0.0,అదే విభాగంలో అవార్ద్ నామినేషన్ధను అందుకుంది,0.0,అదే విభాగంలో అవార్ధ్ నామినేషన్గను అందుకుంది
అన్ని పదార్థాలు పూర్తిగా అవసరమైన మిక్స్,0.0,అన్పి పదార్థాలు పూర్లిగా అవసరమైన మిక్ప్,0.0,అన్వి పదార్థాలు పూర్లిగా అవసరమైన మిక్న్,0.0,అన్వి పదార్థాలు పూర్లిగా అవసరమైన మిక్వ్,0.0,అన్పి పదార్థాలు పూర్లిగా అవసరమైన మిక్ప్
మృదువైన చర్మం కోసం,0.0,మృదువైన చర్శం కోసం,0.0,మృదువైన చర్శం కోసం,0.0,మృదువైన చర్శం కోసం,0.0,మృదువైన చర్శం కోసం
కీడు చేస్తుందా,0.0,కీడు చేస్లుందా,0.0,కీడు చేస్లుందా,0.0,కీడు చేస్లుందా,0.0,కీడు చేస్లుందా
ద్వారా న్యాయనిర్ణేతగా ఆహార తాజా మరియు రుచికరమైన ఉంది,0.0,ద్వారా న్యాయనిర్ణేతగా ఆహార తాజా మరియు రుచికరమైన ఉంది,0.0,ద్వారా న్యాయనిర్ణేతగా ఆహార తాజా మరియు రుచికరమైన ఉంది,0.0,ద్వారా న్యాయనిర్ణేతగా ఆహార తాజా మరియు రుచికరమైన ఉంది,0.0,ద్వారా న్యాయనిర్ణేతగా ఆహార తాజా మరియు రుచికరమైన ఉంది
ఒక దశ లో భారతదేశం లో ఒక పిపిఇ కిట్ అయినా ఉత్పత్తి కాలేదు,0.0,ఒక దశ లో భారతదేశం లో ఒక పిపిఇ కిట్ అయినా ఉత్నత్లి కాలేదు,0.0,ఒక దశ లో భారతదేశం లో ఒక పిపిఇ కిట్ అయినా ఉత్యత్లి కాలేదు,0.0,ఒక దశ లో భారతదేశం లో ఒక పిపిఇ కిట్ అయినా ఉత్వత్లి కాలేదు,0.0,ఒక దశ లో భారతదేశం లో ఒక పిపిఇ కిట్ అయినా ఉత్సత్లి కాలేదు
భారత ఆటగాళ్లలో పుజారా రహానే లిద్దరూ వరుసగా నాలుగు ఆరో స్థానాల్లో ఉన్నారు,0.0,భారత ఆటగాళ్తలో పుజారా రహానే లిద్ రూ వరుసగా నాలుగు ఆరో స్థానాల్తో ఉన్పారు,0.0,భారత ఆటగాళ్గలో పుజారా రహానే లిద్ధరూ వరుసగా నాలుగు ఆరో స్థానాల్తో ఉన్వారు,0.0,భారత ఆటగాళ్తలో పుజారా రహానే లిద్ రూ వరుసగా నాలుగు ఆరో స్థానాల్తో ఉన్వారు,0.0,భారత ఆటగాళ్గలో పుజారా రహానే లిద్ధరూ వరుసగా నాలుగు ఆరో స్థానాల్గో ఉన్వారు
ఆ పార్టీలో చేరేందుకు చేసిన ప్రయత్నాలు ఫలించకపోవంతో ఎన్నికలకు ముందు టీడీపీలో చేరారు,0.0,ఆ పార్టీలో చేరేందుకు చేసిన ప్రయత్వాలు ఫలించకపోవంతో ఎన్వికలకు ముందు టీడీపీలో చేరారు,0.0,ఆ పార్టీలో చేరేందుకు చేసిన ప్రయత్వాలు ఫలించకపోవంతో ఎన్వికలకు ముందు టీడీపీలో చేరారు,0.0,ఆ పార్టీలో చేరేందుకు చేసిన ప్రయత్పాలు ఫలించకపోవంతో ఎన్పికలకు ముందు టీడీపీలో చేరారు,0.0,ఆ పార్టీలో చేరేందుకు చేసిన ప్రయత్వాలు ఫలించకపోవంతో ఎన్పికలకు ముందు టీడీపీలో చేరారు
ఈ విధానాన్ని ఏమంటారు,0.0,ఈ విధానాన్వి ఏమంటారు,0.0,ఈ విధానాన్వి ఏమంటారు,0.0,ఈ విధానాన్వి ఏమంటారు,0.0,ఈ విధానాన్పి ఏమంటారు
ఆలోచనలు మారాయి,0.0,ఆలోచనలు మారాయి,0.0,ఆలోచనలు మారాయి,0.0,ఆలోచనలు మారాయి,0.0,ఆలోచనలు మారాయి
ఈ చెల్లింప ులను నేరుగా రైతు ఖాతాల్లోనే జమ చేయనున్న ట్లు తెలిపారు,0.0,ఈ చెల్ధింప ులను నేరుగా రైతు ఖాతాల్ధోనే జమ చేయనున్వ ట్గు తెలిపారు,0.0,ఈ చెల్ధింప ులను నేరుగా రైతు ఖాతాల్గోనే జమ చేయనున్ప ట్తు తెలిపారు,0.0,ఈ చెల్తింప ులను నేరుగా రైతు ఖాతాల్గోనే జమ చేయనున్ప ట్గు తెలిపారు,0.0,ఈ చెల్గింప ులను నేరుగా రైతు ఖాతాల్గోనే జమ చేయనున్వ ట్ధు తెలిపారు
ఇది కర్తవ్యం కాదు,0.0,ఇది కర్లవ్యం కాదు,0.0,ఇది కర్లవ్యం కాదు,0.0,ఇది కర్లవ్యం కాదు,0.0,ఇది కర్లవ్యం కాదు
ఈ వీడియోను చూడటం ద్వారా దీనిని ఎలా యాక్టివేట్ చేయాలో తెలుసుకోండి,0.0,ఈ వీడియోను చూడటం ద్పారా దీనిని ఎలా యాక్టివేట్ చేయాలో తెలుసుకోండి,0.0,ఈ వీడియోను చూడటం ద్చారా దీనిని ఎలా యాక్టివేట్ చేయాలో తెలుసుకోండి,0.0,ఈ వీడియోను చూడటం ద్నారా దీనిని ఎలా యాక్టివేట్ చేయాలో తెలుసుకోండి,0.0,ఈ వీడియోను చూడటం ద్సారా దీనిని ఎలా యాక్టివేట్ చేయాలో తెలుసుకోండి
డాక్టరు సలహా లేకుండా ఎలాంటి మాత్రలైనా వేసుకోవటం తగదు,0.0,డాక్టరు సలహా లేకుండా ఎలాంటి మాత్రలైనా వేసుకోవటం తగదు,0.0,డాక్టరు సలహా లేకుండా ఎలాంటి మాత్రలైనా వేసుకోవటం తగదు,0.0,డాక్టరు సలహా లేకుండా ఎలాంటి మాత్రలైనా వేసుకోవటం తగదు,0.0,డాక్టరు సలహా లేకుండా ఎలాంటి మాత్రలైనా వేసుకోవటం తగదు
ఆ డబ్బంతా ఏమైంది,0.0,ఆ డబ్బంతా ఏమైంది,0.0,ఆ డబ్బంతా ఏమైంది,0.0,ఆ డబ్బంతా ఏమైంది,0.0,ఆ డబ్బంతా ఏమైంది
చెల్లించాలి,0.0,చెల్ధించాలి,0.0,చెల్ధించాలి,0.0,చెల్తించాలి,0.0,చెల్గించాలి
షూటింగ్ హాకీ కబడ్డీ బ్యాడ్మింటన్ టెన్నిస్ ఆర్చరీ అథ్లెటిక్స్లో మనకు పతకాలు గెలిచే అవకాశాలు మెండుగా ఉన్నాయి,0.0,షూటింగ్ హాకీ కబడ్దీ బ్యాడ్శింటన్ టెన్విస్ ఆర్సరీ అథ్తెటిక్చ్గో మనకు పతకాలు గెలిచే అవకాశాలు మెండుగా ఉన్వాయి,0.0,షూటింగ్ హాకీ కబడ్దీ బ్యాడ్శింటన్ టెన్విస్ ఆర్సరీ అథ్గెటిక్ప్తో మనకు పతకాలు గెలిచే అవకాశాలు మెండుగా ఉన్వాయి,0.0,షూటింగ్ హాకీ కబడ్దీ బ్యాడ్శింటన్ టెన్విస్ ఆర్సరీ అథ్ధెటిక్ప్తో మనకు పతకాలు గెలిచే అవకాశాలు మెండుగా ఉన్వాయి,0.0,షూటింగ్ హాకీ కబడ్ధీ బ్యాడ్శింటన్ టెన్విస్ ఆర్వరీ అథ్ధెటిక్వ్ధో మనకు పతకాలు గెలిచే అవకాశాలు మెండుగా ఉన్పాయి
ఇప్పటికే కొన్ని సినిమాలు షూటింగ్ మొదలు పెట్టేశాయి,0.0,ఇప్నటికే కొన్వి సినిమాలు షూటింగ్ మొదలు పెట్టేశాయి,0.0,ఇప్సటికే కొన్పి సినిమాలు షూటింగ్ మొదలు పెట్టేశాయి,0.0,ఇప్వటికే కొన్వి సినిమాలు షూటింగ్ మొదలు పెట్టేశాయి,0.0,ఇప్సటికే కొన్వి సినిమాలు షూటింగ్ మొదలు పెట్టేశాయి
కాగా ఈ విషయంలో సంజయ్ మంజ్రేకర్పై ఆల్రౌండర్ రవీంద్ర జడేజా ట్విటర్ వేదికగా తీవ్ర స్థాయిలో ధ్వజమెత్తాడు,0.0,కాగా ఈ విషయంలో సంజయ్ మంజ్రేకర్సై ఆల్రౌండర్ రవీంద్ర జడేజా ట్నిటర్ వేదికగా తీవ్ర స్థాయిలో ధ్పజమెత్లాడు,0.0,కాగా ఈ విషయంలో సంజయ్ మంజ్రేకర్వై ఆల్రౌండర్ రవీంద్ర జడేజా ట్చిటర్ వేదికగా తీవ్ర స్థాయిలో ధ్సజమెత్లాడు,0.0,కాగా ఈ విషయంలో సంజయ్ మంజ్రేకర్యై ఆల్రౌండర్ రవీంద్ర జడేజా ట్సిటర్ వేదికగా తీవ్ర స్థాయిలో ధ్సజమెత్లాడు,0.0,కాగా ఈ విషయంలో సంజయ్ మంజ్రేకర్సై ఆల్రౌండర్ రవీంద్ర జడేజా ట్నిటర్ వేదికగా తీవ్ర స్థాయిలో ధ్పజమెత్లాడు
గోవా గోవాలో ఇవాళ కొత్త కేసుల నమోదుతో మొత్తం కేసులు కి చేరగా వీటిలో యాక్టివ్ కేసులున్నాయి,0.0,గోవా గోవాలో ఇవాళ కొత్ల కేసుల నమోదుతో మొత్లం కేసులు కి చేరగా వీటిలో యాక్టివ్ కేసులున్వాయి,0.0,గోవా గోవాలో ఇవాళ కొత్ల కేసుల నమోదుతో మొత్లం కేసులు కి చేరగా వీటిలో యాక్టివ్ కేసులున్పాయి,0.0,గోవా గోవాలో ఇవాళ కొత్ల కేసుల నమోదుతో మొత్లం కేసులు కి చేరగా వీటిలో యాక్టివ్ కేసులున్వాయి,0.0,గోవా గోవాలో ఇవాళ కొత్ల కేసుల నమోదుతో మొత్లం కేసులు కి చేరగా వీటిలో యాక్టివ్ కేసులున్వాయి
ఇవేవీ వాళ్లని సంతృప్తిపరచలేకపోయాయి,0.0,ఇవేవీ వాళ్గని సంతృప్లిపరచలేకపోయాయి,0.0,ఇవేవీ వాళ్ధని సంతృప్లిపరచలేకపోయాయి,0.0,ఇవేవీ వాళ్తని సంతృప్లిపరచలేకపోయాయి,0.0,ఇవేవీ వాళ్గని సంతృప్లిపరచలేకపోయాయి
ఇద్దరం కలసి కొన్ని చిత్రాల్లో నటించాం,0.0,ఇద్డరం కలసి కొన్పి చిత్రాల్ధో నటించాం,0.0,ఇద్ రం కలసి కొన్పి చిత్రాల్గో నటించాం,0.0,ఇద్డరం కలసి కొన్వి చిత్రాల్గో నటించాం,0.0,ఇద్డరం కలసి కొన్వి చిత్రాల్గో నటించాం
అలాగే ఈ చిత్రాన్ని కన్నడ తెలుగు తమిళం హిందీ భాషల్లో రూపొందిస్తారట,0.0,అలాగే ఈ చిత్రాన్వి కన్వడ తెలుగు తమిళం హిందీ భాషల్తో రూపొందిస్లారట,0.0,అలాగే ఈ చిత్రాన్వి కన్వడ తెలుగు తమిళం హిందీ భాషల్తో రూపొందిస్లారట,0.0,అలాగే ఈ చిత్రాన్పి కన్పడ తెలుగు తమిళం హిందీ భాషల్తో రూపొందిస్లారట,0.0,అలాగే ఈ చిత్రాన్వి కన్పడ తెలుగు తమిళం హిందీ భాషల్గో రూపొందిస్లారట
త్వరలోనే దీనిపై అధికారిక ప్రకటన వస్తుందట,0.0,త్వరలోనే దీనిపై అధికారిక ప్రకటన వస్లుందట,0.0,త్వరలోనే దీనిపై అధికారిక ప్రకటన వస్లుందట,0.0,త్వరలోనే దీనిపై అధికారిక ప్రకటన వస్లుందట,0.0,త్వరలోనే దీనిపై అధికారిక ప్రకటన వస్లుందట
ప్రధాని పర్యటనకు గవర్నర్ను ఆహ్వానించిన కేసీఆర్,0.0,ప్రధాని పర్యటనకు గవర్పర్వు ఆహ్సానించిన కేసీఆర్,0.0,ప్రధాని పర్యటనకు గవర్పర్పు ఆహ్చానించిన కేసీఆర్,0.0,ప్రధాని పర్యటనకు గవర్పర్పు ఆహ్చానించిన కేసీఆర్,0.0,ప్రధాని పర్యటనకు గవర్వర్పు ఆహ్చానించిన కేసీఆర్
కథనాయకుడిగా మాత్రమే కాకుండా గాయకుడిగా రచయితగా దర్శకుడిగా నిర్మాతగా ధనుష్ గుర్తింపు తెచ్చుకున్నారు,0.0,కథనాయకుడిగా మాత్రమే కాకుండా గాయకుడిగా రచయితగా దర్మకుడిగా నిర్శాతగా ధనుష్ గుర్లింపు తెచ్వుకున్పారు,0.0,కథనాయకుడిగా మాత్రమే కాకుండా గాయకుడిగా రచయితగా దర్మకుడిగా నిర్శాతగా ధనుష్ గుర్లింపు తెచ్వుకున్వారు,0.0,కథనాయకుడిగా మాత్రమే కాకుండా గాయకుడిగా రచయితగా దర్మకుడిగా నిర్శాతగా ధనుష్ గుర్లింపు తెచ్వుకున్వారు,0.0,కథనాయకుడిగా మాత్రమే కాకుండా గాయకుడిగా రచయితగా దర్మకుడిగా నిర్శాతగా ధనుష్ గుర్లింపు తెచ్సుకున్పారు
వాట్ కాప్స్ నో అనే పుస్తకం చికాగోలో గస్తీ తిరిగే పోలీసు పోలీసులకు దుష్టత్వంతో ప్రత్యక్ష సంబంధం ఉంటుంది,0.0,వాట్ కాప్న్ నో అనే పుస్లకం చికాగోలో గస్లీ తిరిగే పోలీసు పోలీసులకు దుష్టత్యంతో ప్రత్యక్ష సంబంధం ఉంటుంది,0.0,వాట్ కాప్చ్ నో అనే పుస్లకం చికాగోలో గస్లీ తిరిగే పోలీసు పోలీసులకు దుష్టత్పంతో ప్రత్యక్ష సంబంధం ఉంటుంది,0.0,వాట్ కాప్ప్ నో అనే పుస్లకం చికాగోలో గస్లీ తిరిగే పోలీసు పోలీసులకు దుష్టత్సంతో ప్రత్యక్ష సంబంధం ఉంటుంది,0.0,వాట్ కాప్చ్ నో అనే పుస్లకం చికాగోలో గస్లీ తిరిగే పోలీసు పోలీసులకు దుష్టత్నంతో ప్రత్యక్ష సంబంధం ఉంటుంది
ఆమె మంచి ప్రయోక్త,0.0,ఆమె మంచి ప్రయోక్ల,0.0,ఆమె మంచి ప్రయోక్ల,0.0,ఆమె మంచి ప్రయోక్ల,0.0,ఆమె మంచి ప్రయోక్ల
డేటాను గంటకు ఒకసారి సేకరిస్తారు,0.0,డేటాను గంటకు ఒకసారి సేకరిస్లారు,0.0,డేటాను గంటకు ఒకసారి సేకరిస్లారు,0.0,డేటాను గంటకు ఒకసారి సేకరిస్లారు,0.0,డేటాను గంటకు ఒకసారి సేకరిస్లారు
ఇంతటితో కథ సమాప్తం,0.0,ఇంతటితో కథ సమాప్లం,0.0,ఇంతటితో కథ సమాప్లం,0.0,ఇంతటితో కథ సమాప్లం,0.0,ఇంతటితో కథ సమాప్లం
మరి చిన్నప్పటినుండి వచ్చిన అలవాటు ఆయే,0.0,మరి చిన్వప్యటినుండి వచ్సిన అలవాటు ఆయే,0.0,మరి చిన్పప్నటినుండి వచ్సిన అలవాటు ఆయే,0.0,మరి చిన్వప్వటినుండి వచ్విన అలవాటు ఆయే,0.0,మరి చిన్పప్యటినుండి వచ్విన అలవాటు ఆయే
ఇందులో ఐరన్ మెగ్నీషియమ్ క్యాల్షియమ్ లాంటి లవణాలు చాలా ఎక్కువ,0.0,ఇందులో ఐరన్ మెగ్వీషియమ్ క్యాల్షియమ్ లాంటి లవణాలు చాలా ఎక్కువ,0.0,ఇందులో ఐరన్ మెగ్పీషియమ్ క్యాల్షియమ్ లాంటి లవణాలు చాలా ఎక్కువ,0.0,ఇందులో ఐరన్ మెగ్వీషియమ్ క్యాల్షియమ్ లాంటి లవణాలు చాలా ఎక్కువ,0.0,ఇందులో ఐరన్ మెగ్పీషియమ్ క్యాల్షియమ్ లాంటి లవణాలు చాలా ఎక్కువ
పాకిస్థాన్ మళ్లీ కాల్పుల విరమణ ఉల్లంఘన,0.0,పాకిస్థాన్ మళ్గీ కాల్సుల విరమణ ఉల్గంఘన,0.0,పాకిస్థాన్ మళ్గీ కాల్యుల విరమణ ఉల్తంఘన,0.0,పాకిస్థాన్ మళ్గీ కాల్వుల విరమణ ఉల్ధంఘన,0.0,పాకిస్థాన్ మళ్గీ కాల్యుల విరమణ ఉల్ధంఘన
దర్శకత్వం ఫణీంద్ర నార్శెట్టి,0.0,దర్మకత్సం ఫణీంద్ర నార్మెట్టి,0.0,దర్మకత్పం ఫణీంద్ర నార్మెట్టి,0.0,దర్మకత్చం ఫణీంద్ర నార్మెట్టి,0.0,దర్మకత్సం ఫణీంద్ర నార్మెట్టి
సినిమా టైటిల్కు జస్టిఫికేషన్ ఏంటి,0.0,సినిమా టైటిల్కు జస్టిఫికేషన్ ఏంటి,0.0,సినిమా టైటిల్కు జస్టిఫికేషన్ ఏంటి,0.0,సినిమా టైటిల్కు జస్టిఫికేషన్ ఏంటి,0.0,సినిమా టైటిల్కు జస్టిఫికేషన్ ఏంటి
శౌర్య నటుడిగా నాకు చాలా ఇష్టం,0.0,శౌర్య నటుడిగా నాకు చాలా ఇష్టం,0.0,శౌర్య నటుడిగా నాకు చాలా ఇష్టం,0.0,శౌర్య నటుడిగా నాకు చాలా ఇష్టం,0.0,శౌర్య నటుడిగా నాకు చాలా ఇష్టం
కనుక వాటి జోలికి అసలే పోకూడదు,0.0,కనుక వాటి జోలికి అసలే పోకూడదు,0.0,కనుక వాటి జోలికి అసలే పోకూడదు,0.0,కనుక వాటి జోలికి అసలే పోకూడదు,0.0,కనుక వాటి జోలికి అసలే పోకూడదు
మరో రెండు సినిమాలను లైన్లో పెట్టేశాడు,0.0,మరో రెండు సినిమాలను లైన్ధో పెట్టేశాడు,0.0,మరో రెండు సినిమాలను లైన్గో పెట్టేశాడు,0.0,మరో రెండు సినిమాలను లైన్ధో పెట్టేశాడు,0.0,మరో రెండు సినిమాలను లైన్ధో పెట్టేశాడు
నువ్వు మమ్మల్ని క్షమిస్తావా పద్దూ,0.0,నువ్యు మమ్శల్వి క్షమిస్లావా పద్దూ,0.0,నువ్ను మమ్శల్వి క్షమిస్లావా పద్డూ,0.0,నువ్సు మమ్శల్పి క్షమిస్లావా పద్ధూ,0.0,నువ్పు మమ్శల్పి క్షమిస్లావా పద్ధూ
సిట్ మీద మాకు నమ్మకం లేదు అని పేర్కొన్నారు,0.0,సిట్ మీద మాకు నమ్శకం లేదు అని పేర్కొన్వారు,0.0,సిట్ మీద మాకు నమ్శకం లేదు అని పేర్కొన్పారు,0.0,సిట్ మీద మాకు నమ్శకం లేదు అని పేర్కొన్వారు,0.0,సిట్ మీద మాకు నమ్శకం లేదు అని పేర్కొన్వారు
అయితే చిన్న వ్యవధి పరిహారం,0.0,అయితే చిన్వ వ్యవధి పరిహారం,0.0,అయితే చిన్ప వ్యవధి పరిహారం,0.0,అయితే చిన్వ వ్యవధి పరిహారం,0.0,అయితే చిన్వ వ్యవధి పరిహారం
ఇంక నాకు ఏం చేయాలో పాలుపోలేదు,0.0,ఇంక నాకు ఏం చేయాలో పాలుపోలేదు,0.0,ఇంక నాకు ఏం చేయాలో పాలుపోలేదు,0.0,ఇంక నాకు ఏం చేయాలో పాలుపోలేదు,0.0,ఇంక నాకు ఏం చేయాలో పాలుపోలేదు
అర్ధ శతకాలు ఉన్నాయి,0.0,అర్ల శతకాలు ఉన్పాయి,0.0,అర్గ శతకాలు ఉన్వాయి,0.0,అర్గ శతకాలు ఉన్పాయి,0.0,అర్డ శతకాలు ఉన్పాయి
అయితే డయాలసిస్ విషయానికొచ్చే సరికి స్త్రీల కంటే పురుషుల సంఖ్య ఎక్కువగా ఉంటోంది,0.0,అయితే డయాలసిస్ విషయానికొచ్వే సరికి స్ల్రీల కంటే పురుషుల సంఖ్య ఎక్కువగా ఉంటోంది,0.0,అయితే డయాలసిస్ విషయానికొచ్సే సరికి స్ల్రీల కంటే పురుషుల సంఖ్య ఎక్కువగా ఉంటోంది,0.0,అయితే డయాలసిస్ విషయానికొచ్వే సరికి స్ల్రీల కంటే పురుషుల సంఖ్య ఎక్కువగా ఉంటోంది,0.0,అయితే డయాలసిస్ విషయానికొచ్సే సరికి స్ల్రీల కంటే పురుషుల సంఖ్య ఎక్కువగా ఉంటోంది
ఇంకా కొన్ని వందల మంది పేలుళ్ల ధాటికి గాయపడి ఆస్పత్రుల్లో చికిత్స పొందుతున్నారు,0.0,ఇంకా కొన్వి వందల మంది పేలుళ్గ ధాటికి గాయపడి ఆస్వత్రుల్ధో చికిత్చ పొందుతున్వారు,0.0,ఇంకా కొన్వి వందల మంది పేలుళ్ధ ధాటికి గాయపడి ఆస్నత్రుల్తో చికిత్న పొందుతున్వారు,0.0,ఇంకా కొన్పి వందల మంది పేలుళ్గ ధాటికి గాయపడి ఆస్నత్రుల్గో చికిత్వ పొందుతున్వారు,0.0,ఇంకా కొన్వి వందల మంది పేలుళ్త ధాటికి గాయపడి ఆస్యత్రుల్గో చికిత్వ పొందుతున్వారు
రాజేంద్రప్రసాద్ రావు రమేష్ ప్రకాష్ రాజ్ సంగీత ముఖ్యపాత్రలు పోషిస్తున్నారు,0.0,రాజేంద్రప్రసాద్ రావు రమేష్ ప్రకాష్ రాజ్ సంగీత ముఖ్యపాత్రలు పోషిస్లున్పారు,0.0,రాజేంద్రప్రసాద్ రావు రమేష్ ప్రకాష్ రాజ్ సంగీత ముఖ్యపాత్రలు పోషిస్లున్వారు,0.0,రాజేంద్రప్రసాద్ రావు రమేష్ ప్రకాష్ రాజ్ సంగీత ముఖ్యపాత్రలు పోషిస్లున్పారు,0.0,రాజేంద్రప్రసాద్ రావు రమేష్ ప్రకాష్ రాజ్ సంగీత ముఖ్యపాత్రలు పోషిస్లున్వారు
కోట్ల నిర్వహణ నష్టాన్ని చవిచూసింది,0.0,కోట్త నిర్పహణ నష్టాన్పి చవిచూసింది,0.0,కోట్త నిర్పహణ నష్టాన్వి చవిచూసింది,0.0,కోట్త నిర్పహణ నష్టాన్పి చవిచూసింది,0.0,కోట్గ నిర్యహణ నష్టాన్వి చవిచూసింది
ప్రముఖ పారిశ్రామిక వేత్త కేకే భిర్లా కన్ను మూత,0.0,ప్రముఖ పారిశ్రామిక వేత్ల కేకే భిర్తా కన్పు మూత,0.0,ప్రముఖ పారిశ్రామిక వేత్ల కేకే భిర్ధా కన్పు మూత,0.0,ప్రముఖ పారిశ్రామిక వేత్ల కేకే భిర్ధా కన్పు మూత,0.0,ప్రముఖ పారిశ్రామిక వేత్ల కేకే భిర్ధా కన్పు మూత
ఆండ్రాయిడ్ ఆపరేటింగ్ సిస్టమ్తో పనిచేసే దీని,0.0,ఆండ్రాయిడ్ ఆపరేటింగ్ సిస్టమ్లో పనిచేసే దీని,0.0,ఆండ్రాయిడ్ ఆపరేటింగ్ సిస్టమ్లో పనిచేసే దీని,0.0,ఆండ్రాయిడ్ ఆపరేటింగ్ సిస్టమ్లో పనిచేసే దీని,0.0,ఆండ్రాయిడ్ ఆపరేటింగ్ సిస్టమ్లో పనిచేసే దీని
చంద్రయాన్ ప్రయోగం విజయవంతంగా సాగుతోంది,0.0,చంద్రయాన్ ప్రయోగం విజయవంతంగా సాగుతోంది,0.0,చంద్రయాన్ ప్రయోగం విజయవంతంగా సాగుతోంది,0.0,చంద్రయాన్ ప్రయోగం విజయవంతంగా సాగుతోంది,0.0,చంద్రయాన్ ప్రయోగం విజయవంతంగా సాగుతోంది
ఎవరినీ వదిలేది,0.0,ఎవరినీ వదిలేది,0.0,ఎవరినీ వదిలేది,0.0,ఎవరినీ వదిలేది,0.0,ఎవరినీ వదిలేది
సమాధానం అవును గ్రిడ్ స్థిరత్వాన్ని నిర్వహించడానికి తగిన అన్ని ఏర్పాట్లు ప్రామాణిక ఆపరేటింగ్ ప్రోటోకాల్లు ఉన్నాయి,0.0,సమాధానం అవును గ్రిడ్ స్థిరత్యాన్వి నిర్పహించడానికి తగిన అన్వి ఏర్సాట్తు ప్రామాణిక ఆపరేటింగ్ ప్రోటోకాల్తు ఉన్పాయి,0.0,సమాధానం అవును గ్రిడ్ స్థిరత్చాన్వి నిర్సహించడానికి తగిన అన్వి ఏర్వాట్తు ప్రామాణిక ఆపరేటింగ్ ప్రోటోకాల్గు ఉన్పాయి,0.0,సమాధానం అవును గ్రిడ్ స్థిరత్సాన్పి నిర్యహించడానికి తగిన అన్వి ఏర్నాట్గు ప్రామాణిక ఆపరేటింగ్ ప్రోటోకాల్తు ఉన్పాయి,0.0,సమాధానం అవును గ్రిడ్ స్థిరత్నాన్పి నిర్సహించడానికి తగిన అన్పి ఏర్సాట్గు ప్రామాణిక ఆపరేటింగ్ ప్రోటోకాల్గు ఉన్వాయి
సమాంతరం గా మనం అభివృద్ధి ఫలాల ను ఆయా వెనుకబడిన ప్రాంతాలు సమాజాల కు విస్తరింప చేయవలసి ఉంది,0.0,సమాంతరం గా మనం అభివృద్ది ఫలాల ను ఆయా వెనుకబడిన ప్రాంతాలు సమాజాల కు విస్లరింప చేయవలసి ఉంది,0.0,సమాంతరం గా మనం అభివృద్ది ఫలాల ను ఆయా వెనుకబడిన ప్రాంతాలు సమాజాల కు విస్లరింప చేయవలసి ఉంది,0.0,సమాంతరం గా మనం అభివృద్డి ఫలాల ను ఆయా వెనుకబడిన ప్రాంతాలు సమాజాల కు విస్లరింప చేయవలసి ఉంది,0.0,సమాంతరం గా మనం అభివృద్డి ఫలాల ను ఆయా వెనుకబడిన ప్రాంతాలు సమాజాల కు విస్లరింప చేయవలసి ఉంది
అది ఎక్కడికి పోయింది,0.0,అది ఎక్కడికి పోయింది,0.0,అది ఎక్కడికి పోయింది,0.0,అది ఎక్కడికి పోయింది,0.0,అది ఎక్కడికి పోయింది
ఈ జాగ్రత్తలు పాటించండి,0.0,ఈ జాగ్రత్లలు పాటించండి,0.0,ఈ జాగ్రత్లలు పాటించండి,0.0,ఈ జాగ్రత్లలు పాటించండి,0.0,ఈ జాగ్రత్లలు పాటించండి
కపింజల,0.0,కపింజల,0.0,కపింజల,0.0,కపింజల,0.0,కపింజల
బ్లాక్ భార్య,0.0,బ్లాక్ భార్య,0.0,బ్లాక్ భార్య,0.0,బ్లాక్ భార్య,0.0,బ్లాక్ భార్య
దీనిని దాటడం ఎవరికి సాధ్యం కాదు,0.0,దీనిని దాటడం ఎవరికి సాధ్యం కాదు,0.0,దీనిని దాటడం ఎవరికి సాధ్యం కాదు,0.0,దీనిని దాటడం ఎవరికి సాధ్యం కాదు,0.0,దీనిని దాటడం ఎవరికి సాధ్యం కాదు
కానీ అధికారుల నుంచి మాత్రం సమాధానం రావడం లేదు,0.0,కానీ అధికారుల నుంచి మాత్రం సమాధానం రావడం లేదు,0.0,కానీ అధికారుల నుంచి మాత్రం సమాధానం రావడం లేదు,0.0,కానీ అధికారుల నుంచి మాత్రం సమాధానం రావడం లేదు,0.0,కానీ అధికారుల నుంచి మాత్రం సమాధానం రావడం లేదు
మన హృదయాలు క్రితమెన్నడూలేనంతగా మరెంతో భక్తిపూర్వక భయంతో పూజ్యభావంతో నిండిపోగా వ్యతిరేకులు అవమానకరమైన రీతిలో నాశనమౌతారు,0.0,మన హృదయాలు క్రితమెన్పడూలేనంతగా మరెంతో భక్లిపూర్చక భయంతో పూజ్యభావంతో నిండిపోగా వ్యతిరేకులు అవమానకరమైన రీతిలో నాశనమౌతారు,0.0,మన హృదయాలు క్రితమెన్పడూలేనంతగా మరెంతో భక్లిపూర్యక భయంతో పూజ్యభావంతో నిండిపోగా వ్యతిరేకులు అవమానకరమైన రీతిలో నాశనమౌతారు,0.0,మన హృదయాలు క్రితమెన్పడూలేనంతగా మరెంతో భక్లిపూర్యక భయంతో పూజ్యభావంతో నిండిపోగా వ్యతిరేకులు అవమానకరమైన రీతిలో నాశనమౌతారు,0.0,మన హృదయాలు క్రితమెన్పడూలేనంతగా మరెంతో భక్లిపూర్నక భయంతో పూజ్యభావంతో నిండిపోగా వ్యతిరేకులు అవమానకరమైన రీతిలో నాశనమౌతారు
మార్టగేజ్ రుణాలు అందించే దేశంలో అతిపెద్ద సంస్థల్లో ఒకటి ఎల్ఐసీ హౌసింగ్ ఫైనాన్స్ లిమిటెడ్,0.0,మార్టగేజ్ రుణాలు అందించే దేశంలో అతిపెద్ధ సంస్థల్ధో ఒకటి ఎల్ఐసీ హౌసింగ్ ఫైనాన్చ్ లిమిటెడ్,0.0,మార్టగేజ్ రుణాలు అందించే దేశంలో అతిపెద్ధ సంస్థల్ధో ఒకటి ఎల్ఐసీ హౌసింగ్ ఫైనాన్ప్ లిమిటెడ్,0.0,మార్టగేజ్ రుణాలు అందించే దేశంలో అతిపెద్ధ సంస్థల్తో ఒకటి ఎల్ఐసీ హౌసింగ్ ఫైనాన్ప్ లిమిటెడ్,0.0,మార్టగేజ్ రుణాలు అందించే దేశంలో అతిపెద్డ సంస్థల్తో ఒకటి ఎల్ఐసీ హౌసింగ్ ఫైనాన్ప్ లిమిటెడ్
నేను అతనిని సహాయం చేశారు,0.0,నేను అతనిని సహాయం చేశారు,0.0,నేను అతనిని సహాయం చేశారు,0.0,నేను అతనిని సహాయం చేశారు,0.0,నేను అతనిని సహాయం చేశారు
యాపిల్ ఐఫోన్ పై,0.0,యాపిల్ ఐఫోన్ పై,0.0,యాపిల్ ఐఫోన్ పై,0.0,యాపిల్ ఐఫోన్ పై,0.0,యాపిల్ ఐఫోన్ పై
సినిమా కూడా బాగానే ఆడుతుంది,0.0,సినిమా కూడా బాగానే ఆడుతుంది,0.0,సినిమా కూడా బాగానే ఆడుతుంది,0.0,సినిమా కూడా బాగానే ఆడుతుంది,0.0,సినిమా కూడా బాగానే ఆడుతుంది
ఈ సినిమా గురించి అధికారిక ప్రకటన త్వరలోనే వెలువడనుంది,0.0,ఈ సినిమా గురించి అధికారిక ప్రకటన త్యరలోనే వెలువడనుంది,0.0,ఈ సినిమా గురించి అధికారిక ప్రకటన త్యరలోనే వెలువడనుంది,0.0,ఈ సినిమా గురించి అధికారిక ప్రకటన త్పరలోనే వెలువడనుంది,0.0,ఈ సినిమా గురించి అధికారిక ప్రకటన త్చరలోనే వెలువడనుంది
ఆ చర్యకు పాల్పడిని అధికారులపై చర్యలు తీసుకోవాలి,0.0,ఆ చర్యకు పాల్సడిని అధికారులపై చర్యలు తీసుకోవాలి,0.0,ఆ చర్యకు పాల్యడిని అధికారులపై చర్యలు తీసుకోవాలి,0.0,ఆ చర్యకు పాల్సడిని అధికారులపై చర్యలు తీసుకోవాలి,0.0,ఆ చర్యకు పాల్వడిని అధికారులపై చర్యలు తీసుకోవాలి
కొలువుదీరిన కొత్త పాలక వర్గాలు,0.0,కొలువుదీరిన కొత్ల పాలక వర్లాలు,0.0,కొలువుదీరిన కొత్ల పాలక వర్ధాలు,0.0,కొలువుదీరిన కొత్ల పాలక వర్ఠాలు,0.0,కొలువుదీరిన కొత్ల పాలక వర్ఠాలు
ఏపీ కోలుకుంటోందా,0.0,ఏపీ కోలుకుంటోందా,0.0,ఏపీ కోలుకుంటోందా,0.0,ఏపీ కోలుకుంటోందా,0.0,ఏపీ కోలుకుంటోందా
వాటిని సోషల్ మీడియాలో తన అభిమానులతో పంచుకున్నారు,0.0,వాటిని సోషల్ మీడియాలో తన అభిమానులతో పంచుకున్పారు,0.0,వాటిని సోషల్ మీడియాలో తన అభిమానులతో పంచుకున్వారు,0.0,వాటిని సోషల్ మీడియాలో తన అభిమానులతో పంచుకున్వారు,0.0,వాటిని సోషల్ మీడియాలో తన అభిమానులతో పంచుకున్వారు
బిజెపి జాతీయ అధ్యక్షుడు అధ్యక్షుడు అమిత్ షా పై కాంగ్రెస్ పార్టీ అధ్యక్షుడు రాహుల్ గాంధీపై స్పందించారు,0.0,బిజెపి జాతీయ అధ్యక్షుడు అధ్యక్షుడు అమిత్ షా పై కాంగ్రెస్ పార్టీ అధ్యక్షుడు రాహుల్ గాంధీపై స్నందించారు,0.0,బిజెపి జాతీయ అధ్యక్షుడు అధ్యక్షుడు అమిత్ షా పై కాంగ్రెస్ పార్టీ అధ్యక్షుడు రాహుల్ గాంధీపై స్సందించారు,0.0,బిజెపి జాతీయ అధ్యక్షుడు అధ్యక్షుడు అమిత్ షా పై కాంగ్రెస్ పార్టీ అధ్యక్షుడు రాహుల్ గాంధీపై స్వందించారు,0.0,బిజెపి జాతీయ అధ్యక్షుడు అధ్యక్షుడు అమిత్ షా పై కాంగ్రెస్ పార్టీ అధ్యక్షుడు రాహుల్ గాంధీపై స్నందించారు
ాంగ్రెస్ పార్టీకి ఊరట లాంటిదే,0.0,ాంగ్రెస్ పార్టీకి ఊరట లాంటిదే,0.0,ాంగ్రెస్ పార్టీకి ఊరట లాంటిదే,0.0,ాంగ్రెస్ పార్టీకి ఊరట లాంటిదే,0.0,ాంగ్రెస్ పార్టీకి ఊరట లాంటిదే
ప్రస్తుతం ప్రపంచాన్ని వణికిస్తున్న కోవిడ్ మహమ్మారి గురించి ఇద్దరు నాయకులు విస్తృతంగా మాట్లాడుకున్నారు,0.0,ప్రస్లుతం ప్రపంచాన్పి వణికిస్లున్ప కోవిడ్ మహమ్శారి గురించి ఇద్ రు నాయకులు విస్లృతంగా మాట్తాడుకున్వారు,0.0,ప్రస్లుతం ప్రపంచాన్వి వణికిస్లున్వ కోవిడ్ మహమ్శారి గురించి ఇద్ రు నాయకులు విస్లృతంగా మాట్ధాడుకున్పారు,0.0,ప్రస్లుతం ప్రపంచాన్పి వణికిస్లున్వ కోవిడ్ మహమ్శారి గురించి ఇద్డరు నాయకులు విస్లృతంగా మాట్తాడుకున్వారు,0.0,ప్రస్లుతం ప్రపంచాన్పి వణికిస్లున్ప కోవిడ్ మహమ్శారి గురించి ఇద్ రు నాయకులు విస్లృతంగా మాట్గాడుకున్పారు
ఉత్తర కొరియా జెండా,0.0,ఉత్లర కొరియా జెండా,0.0,ఉత్లర కొరియా జెండా,0.0,ఉత్లర కొరియా జెండా,0.0,ఉత్లర కొరియా జెండా
కెసిఆర్ కెటిఆర్ కవిత హరీశ్ రావుల పాలనలో తెలంగాణ ప్రజలు నలిగిపోతున్నారని అన్నారు,0.0,కెసిఆర్ కెటిఆర్ కవిత హరీశ్ రావుల పాలనలో తెలంగాణ ప్రజలు నలిగిపోతున్పారని అన్పారు,0.0,కెసిఆర్ కెటిఆర్ కవిత హరీశ్ రావుల పాలనలో తెలంగాణ ప్రజలు నలిగిపోతున్వారని అన్పారు,0.0,కెసిఆర్ కెటిఆర్ కవిత హరీశ్ రావుల పాలనలో తెలంగాణ ప్రజలు నలిగిపోతున్వారని అన్వారు,0.0,కెసిఆర్ కెటిఆర్ కవిత హరీశ్ రావుల పాలనలో తెలంగాణ ప్రజలు నలిగిపోతున్పారని అన్వారు
ఆయన పాటలంటే చెవికోసుకుంటారు,0.0,ఆయన పాటలంటే చెవికోసుకుంటారు,0.0,ఆయన పాటలంటే చెవికోసుకుంటారు,0.0,ఆయన పాటలంటే చెవికోసుకుంటారు,0.0,ఆయన పాటలంటే చెవికోసుకుంటారు
దీనికి ముందు సిరావ్యధనం ద్వారా రక్తమోక్షణం చేయాల్సి ఉంటుంది,0.0,దీనికి ముందు సిరావ్యధనం ద్సారా రక్లమోక్షణం చేయాల్పి ఉంటుంది,0.0,దీనికి ముందు సిరావ్యధనం ద్చారా రక్లమోక్షణం చేయాల్పి ఉంటుంది,0.0,దీనికి ముందు సిరావ్యధనం ద్పారా రక్లమోక్షణం చేయాల్వి ఉంటుంది,0.0,దీనికి ముందు సిరావ్యధనం ద్సారా రక్లమోక్షణం చేయాల్ని ఉంటుంది
నేను నీకు జీవకిరీటమిచ్చెదను ప్రకటన,0.0,నేను నీకు జీవకిరీటమిచ్సెదను ప్రకటన,0.0,నేను నీకు జీవకిరీటమిచ్సెదను ప్రకటన,0.0,నేను నీకు జీవకిరీటమిచ్సెదను ప్రకటన,0.0,నేను నీకు జీవకిరీటమిచ్వెదను ప్రకటన
రాష్ట్రానికి మరిన్ని కేజీబీవీ మోడల్ స్కూళ్లను మంజూరు చేయాలని మంత్రి కోరారు,0.0,రాష్ట్రానికి మరిన్వి కేజీబీవీ మోడల్ స్కూళ్ధను మంజూరు చేయాలని మంత్రి కోరారు,0.0,రాష్ట్రానికి మరిన్పి కేజీబీవీ మోడల్ స్కూళ్గను మంజూరు చేయాలని మంత్రి కోరారు,0.0,రాష్ట్రానికి మరిన్పి కేజీబీవీ మోడల్ స్కూళ్గను మంజూరు చేయాలని మంత్రి కోరారు,0.0,రాష్ట్రానికి మరిన్పి కేజీబీవీ మోడల్ స్కూళ్ధను మంజూరు చేయాలని మంత్రి కోరారు
నుకునే రోజులకు కాలం చెల్లిపోయింది,0.0,నుకునే రోజులకు కాలం చెల్ధిపోయింది,0.0,నుకునే రోజులకు కాలం చెల్ధిపోయింది,0.0,నుకునే రోజులకు కాలం చెల్గిపోయింది,0.0,నుకునే రోజులకు కాలం చెల్తిపోయింది
నేనెంతో తెలివైనవాడిని,0.0,నేనెంతో తెలివైనవాడిని,0.0,నేనెంతో తెలివైనవాడిని,0.0,నేనెంతో తెలివైనవాడిని,0.0,నేనెంతో తెలివైనవాడిని
అందుకే నాకా కలొచ్చింది,0.0,అందుకే నాకా కలొచ్సింది,0.0,అందుకే నాకా కలొచ్సింది,0.0,అందుకే నాకా కలొచ్వింది,0.0,అందుకే నాకా కలొచ్వింది
గడియారం ఉంది,0.0,గడియారం ఉంది,0.0,గడియారం ఉంది,0.0,గడియారం ఉంది,0.0,గడియారం ఉంది
కొవ్వు తక్కువగా వుండే స్నాక్స్ తినండి,0.0,కొవ్ను తక్కువగా వుండే స్పాక్వ్ తినండి,0.0,కొవ్యు తక్కువగా వుండే స్వాక్వ్ తినండి,0.0,కొవ్ను తక్కువగా వుండే స్వాక్ప్ తినండి,0.0,కొవ్చు తక్కువగా వుండే స్పాక్న్ తినండి
గోవింద్ వసంత సంగీతం సమకూర్చారు,0.0,గోవింద్ వసంత సంగీతం సమకూర్వారు,0.0,గోవింద్ వసంత సంగీతం సమకూర్సారు,0.0,గోవింద్ వసంత సంగీతం సమకూర్సారు,0.0,గోవింద్ వసంత సంగీతం సమకూర్వారు
ఎంపీ ప్రైమరీ ఎంపీ ఫ్రంట్ కెమెరా,0.0,ఎంపీ ప్రైమరీ ఎంపీ ఫ్రంట్ కెమెరా,0.0,ఎంపీ ప్రైమరీ ఎంపీ ఫ్రంట్ కెమెరా,0.0,ఎంపీ ప్రైమరీ ఎంపీ ఫ్రంట్ కెమెరా,0.0,ఎంపీ ప్రైమరీ ఎంపీ ఫ్రంట్ కెమెరా
ఇంకా చెప్పాల్సిన,0.0,ఇంకా చెప్యాల్పిన,0.0,ఇంకా చెప్సాల్చిన,0.0,ఇంకా చెప్సాల్పిన,0.0,ఇంకా చెప్సాల్చిన
దీనికి మానసిక ధైర్యం కావాలి,0.0,దీనికి మానసిక ధైర్యం కావాలి,0.0,దీనికి మానసిక ధైర్యం కావాలి,0.0,దీనికి మానసిక ధైర్యం కావాలి,0.0,దీనికి మానసిక ధైర్యం కావాలి
శ్వేతపత్రంలో వివరాలు చెప్పలేదు,0.0,శ్వేతపత్రంలో వివరాలు చెప్నలేదు,0.0,శ్వేతపత్రంలో వివరాలు చెప్నలేదు,0.0,శ్వేతపత్రంలో వివరాలు చెప్సలేదు,0.0,శ్వేతపత్రంలో వివరాలు చెప్సలేదు
అభిమానులు కూడా ఫిట్గా ఉంటారు,0.0,అభిమానులు కూడా ఫిట్ఠా ఉంటారు,0.0,అభిమానులు కూడా ఫిట్ఠా ఉంటారు,0.0,అభిమానులు కూడా ఫిట్లా ఉంటారు,0.0,అభిమానులు కూడా ఫిట్లా ఉంటారు
మహా మేత ఆర్థిక ఇబ్బందులు ఉన్నాయి,0.0,మహా మేత ఆర్థిక ఇబ్బందులు ఉన్వాయి,0.0,మహా మేత ఆర్థిక ఇబ్బందులు ఉన్వాయి,0.0,మహా మేత ఆర్థిక ఇబ్బందులు ఉన్పాయి,0.0,మహా మేత ఆర్థిక ఇబ్బందులు ఉన్వాయి
నాటికి రైతులు ఆదాయం రెట్టింపు చేయడం లక్ష్యంగా పెట్టుకున్నాం,0.0,నాటికి రైతులు ఆదాయం రెట్టింపు చేయడం లక్ష్యంగా పెట్టుకున్పాం,0.0,నాటికి రైతులు ఆదాయం రెట్టింపు చేయడం లక్ష్యంగా పెట్టుకున్వాం,0.0,నాటికి రైతులు ఆదాయం రెట్టింపు చేయడం లక్ష్యంగా పెట్టుకున్వాం,0.0,నాటికి రైతులు ఆదాయం రెట్టింపు చేయడం లక్ష్యంగా పెట్టుకున్పాం
అమ్మమ్మే నాకు ఇన్సిపిరేషన్,0.0,అమ్శమ్శే నాకు ఇన్నిపిరేషన్,0.0,అమ్శమ్శే నాకు ఇన్నిపిరేషన్,0.0,అమ్శమ్శే నాకు ఇన్పిపిరేషన్,0.0,అమ్శమ్శే నాకు ఇన్చిపిరేషన్
కానీ ఇది వదిలేయాల్సిన విషయం కాదు అంటున్నారు నిపుణులు,0.0,కానీ ఇది వదిలేయాల్నిన విషయం కాదు అంటున్పారు నిపుణులు,0.0,కానీ ఇది వదిలేయాల్పిన విషయం కాదు అంటున్పారు నిపుణులు,0.0,కానీ ఇది వదిలేయాల్చిన విషయం కాదు అంటున్పారు నిపుణులు,0.0,కానీ ఇది వదిలేయాల్నిన విషయం కాదు అంటున్పారు నిపుణులు
మూడవ సెట్,0.0,మూడవ సెట్,0.0,మూడవ సెట్,0.0,మూడవ సెట్,0.0,మూడవ సెట్
నందమైన సినిమా అని చెప్పారు,0.0,నందమైన సినిమా అని చెప్నారు,0.0,నందమైన సినిమా అని చెప్సారు,0.0,నందమైన సినిమా అని చెప్యారు,0.0,నందమైన సినిమా అని చెప్యారు
అనేక చోట్ల విద్యుత్ సరఫరా నిలిచిపోయింది,0.0,అనేక చోట్ధ విద్యుత్ సరఫరా నిలిచిపోయింది,0.0,అనేక చోట్ధ విద్యుత్ సరఫరా నిలిచిపోయింది,0.0,అనేక చోట్ధ విద్యుత్ సరఫరా నిలిచిపోయింది,0.0,అనేక చోట్ధ విద్యుత్ సరఫరా నిలిచిపోయింది
ఫేస్బుక్ మెసెంజర్ తదితర వాటిల్లో ఇప్పటికే ఇలాంటి ఫీచర్ ఉంది,0.0,ఫేస్బుక్ మెసెంజర్ తదితర వాటిల్గో ఇప్యటికే ఇలాంటి ఫీచర్ ఉంది,0.0,ఫేస్బుక్ మెసెంజర్ తదితర వాటిల్గో ఇప్సటికే ఇలాంటి ఫీచర్ ఉంది,0.0,ఫేస్బుక్ మెసెంజర్ తదితర వాటిల్తో ఇప్యటికే ఇలాంటి ఫీచర్ ఉంది,0.0,ఫేస్బుక్ మెసెంజర్ తదితర వాటిల్తో ఇప్సటికే ఇలాంటి ఫీచర్ ఉంది
దాంతో గ్రామస్తులు భయాందోళనతో బిక్కుబిక్కు మంటూ గడుపుతున్నారు,0.0,దాంతో గ్రామస్లులు భయాందోళనతో బిక్కుబిక్కు మంటూ గడుపుతున్వారు,0.0,దాంతో గ్రామస్లులు భయాందోళనతో బిక్కుబిక్కు మంటూ గడుపుతున్పారు,0.0,దాంతో గ్రామస్లులు భయాందోళనతో బిక్కుబిక్కు మంటూ గడుపుతున్పారు,0.0,దాంతో గ్రామస్లులు భయాందోళనతో బిక్కుబిక్కు మంటూ గడుపుతున్పారు
బరువు తగ్గే అవకాశం ఉందా,0.0,బరువు తగ్లే అవకాశం ఉందా,0.0,బరువు తగ్ఠే అవకాశం ఉందా,0.0,బరువు తగ్ధే అవకాశం ఉందా,0.0,బరువు తగ్ధే అవకాశం ఉందా
ఆతిథ్య ఇంగ్లాండ్ జట్టు తొలిసారి ప్రపంచకప్ గెలిచి చరిత్ర సృష్టించింది,0.0,ఆతిథ్య ఇంగ్తాండ్ జట్టు తొలిసారి ప్రపంచకప్ గెలిచి చరిత్ర సృష్టించింది,0.0,ఆతిథ్య ఇంగ్ధాండ్ జట్టు తొలిసారి ప్రపంచకప్ గెలిచి చరిత్ర సృష్టించింది,0.0,ఆతిథ్య ఇంగ్తాండ్ జట్టు తొలిసారి ప్రపంచకప్ గెలిచి చరిత్ర సృష్టించింది,0.0,ఆతిథ్య ఇంగ్గాండ్ జట్టు తొలిసారి ప్రపంచకప్ గెలిచి చరిత్ర సృష్టించింది
యూపీలో పరువు హత్య,0.0,యూపీలో పరువు హత్య,0.0,యూపీలో పరువు హత్య,0.0,యూపీలో పరువు హత్య,0.0,యూపీలో పరువు హత్య
ఆహారం వద్దు,0.0,ఆహారం వద్ధు,0.0,ఆహారం వద్ధు,0.0,ఆహారం వద్ధు,0.0,ఆహారం వద్ ు
ఏ అమ్మాయిలూ,0.0,ఏ అమ్శాయిలూ,0.0,ఏ అమ్శాయిలూ,0.0,ఏ అమ్శాయిలూ,0.0,ఏ అమ్శాయిలూ
ఇస్రో చైర్మన్ ఎఎస్ కిరణ్కుమార్ షార్కు చేరుకొని ప్రయోగ పర్యవేక్షణలో ఉన్నారు,0.0,ఇస్రో చైర్శన్ ఎఎస్ కిరణ్కుమార్ షార్కు చేరుకొని ప్రయోగ పర్యవేక్షణలో ఉన్వారు,0.0,ఇస్రో చైర్శన్ ఎఎస్ కిరణ్కుమార్ షార్కు చేరుకొని ప్రయోగ పర్యవేక్షణలో ఉన్వారు,0.0,ఇస్రో చైర్శన్ ఎఎస్ కిరణ్కుమార్ షార్కు చేరుకొని ప్రయోగ పర్యవేక్షణలో ఉన్వారు,0.0,ఇస్రో చైర్శన్ ఎఎస్ కిరణ్కుమార్ షార్కు చేరుకొని ప్రయోగ పర్యవేక్షణలో ఉన్వారు
సినిమా పేరు రూలర్,0.0,సినిమా పేరు రూలర్,0.0,సినిమా పేరు రూలర్,0.0,సినిమా పేరు రూలర్,0.0,సినిమా పేరు రూలర్
గొంతు నొప్పి అనేక కారణాల వల్ల వస్తుంటుంది,0.0,గొంతు నొప్వి అనేక కారణాల వల్త వస్లుంటుంది,0.0,గొంతు నొప్వి అనేక కారణాల వల్గ వస్లుంటుంది,0.0,గొంతు నొప్వి అనేక కారణాల వల్త వస్లుంటుంది,0.0,గొంతు నొప్వి అనేక కారణాల వల్త వస్లుంటుంది
మేమంతా అమాయకులం,0.0,మేమంతా అమాయకులం,0.0,మేమంతా అమాయకులం,0.0,మేమంతా అమాయకులం,0.0,మేమంతా అమాయకులం
వేటు తప్పదా,0.0,వేటు తప్సదా,0.0,వేటు తప్నదా,0.0,వేటు తప్నదా,0.0,వేటు తప్సదా
భారీ సంఖ్యలో స్థానిక ప్రజలు యువతీయువకులు ఈ కార్యక్రమంలో పాల్గొన్నారు,0.0,భారీ సంఖ్యలో స్థానిక ప్రజలు యువతీయువకులు ఈ కార్యక్రమంలో పాల్లొన్పారు,0.0,భారీ సంఖ్యలో స్థానిక ప్రజలు యువతీయువకులు ఈ కార్యక్రమంలో పాల్ఠొన్పారు,0.0,భారీ సంఖ్యలో స్థానిక ప్రజలు యువతీయువకులు ఈ కార్యక్రమంలో పాల్ఠొన్పారు,0.0,భారీ సంఖ్యలో స్థానిక ప్రజలు యువతీయువకులు ఈ కార్యక్రమంలో పాల్ధొన్పారు
అర్బన్ నక్సల్స్ అంటే ఎవరు,0.0,అర్బన్ నక్పల్వ్ అంటే ఎవరు,0.0,అర్బన్ నక్నల్వ్ అంటే ఎవరు,0.0,అర్బన్ నక్వల్న్ అంటే ఎవరు,0.0,అర్బన్ నక్పల్చ్ అంటే ఎవరు
స్ట్రిక్ట్లీ పర్సనల్ మన్మోహన్ సింగ్ అండ్ గురుశరణ్ పేరుతో దామన్ రాసిన పుస్తకం ఆదివారం మార్కెట్లో విడుదల అవుతోంది,0.0,స్ట్రిక్ట్తీ పర్వనల్ మన్శోహన్ సింగ్ అండ్ గురుశరణ్ పేరుతో దామన్ రాసిన పుస్లకం ఆదివారం మార్కెట్గో విడుదల అవుతోంది,0.0,స్ట్రిక్ట్ధీ పర్చనల్ మన్శోహన్ సింగ్ అండ్ గురుశరణ్ పేరుతో దామన్ రాసిన పుస్లకం ఆదివారం మార్కెట్గో విడుదల అవుతోంది,0.0,స్ట్రిక్ట్ధీ పర్చనల్ మన్శోహన్ సింగ్ అండ్ గురుశరణ్ పేరుతో దామన్ రాసిన పుస్లకం ఆదివారం మార్కెట్తో విడుదల అవుతోంది,0.0,స్ట్రిక్ట్గీ పర్ననల్ మన్శోహన్ సింగ్ అండ్ గురుశరణ్ పేరుతో దామన్ రాసిన పుస్లకం ఆదివారం మార్కెట్తో విడుదల అవుతోంది
భారతీయ చలనచిత్రాలకు పోర్చుగీసు భాషలో సబ్ టైటిల్స్ ఇవ్వడం జరుగుతోంది,0.0,భారతీయ చలనచిత్రాలకు పోర్సుగీసు భాషలో సబ్ టైటిల్చ్ ఇవ్సడం జరుగుతోంది,0.0,భారతీయ చలనచిత్రాలకు పోర్సుగీసు భాషలో సబ్ టైటిల్వ్ ఇవ్పడం జరుగుతోంది,0.0,భారతీయ చలనచిత్రాలకు పోర్సుగీసు భాషలో సబ్ టైటిల్వ్ ఇవ్సడం జరుగుతోంది,0.0,భారతీయ చలనచిత్రాలకు పోర్సుగీసు భాషలో సబ్ టైటిల్వ్ ఇవ్యడం జరుగుతోంది
సమావేశమయ్యే తేదీపై అధికారిక ప్రకటన రాలేదు,0.0,సమావేశమయ్యే తేదీపై అధికారిక ప్రకటన రాలేదు,0.0,సమావేశమయ్యే తేదీపై అధికారిక ప్రకటన రాలేదు,0.0,సమావేశమయ్యే తేదీపై అధికారిక ప్రకటన రాలేదు,0.0,సమావేశమయ్యే తేదీపై అధికారిక ప్రకటన రాలేదు
దాని ఫలితమే ఈ ఎన్నికల ఫలితాలు అని తెలిపారు,0.0,దాని ఫలితమే ఈ ఎన్వికల ఫలితాలు అని తెలిపారు,0.0,దాని ఫలితమే ఈ ఎన్పికల ఫలితాలు అని తెలిపారు,0.0,దాని ఫలితమే ఈ ఎన్పికల ఫలితాలు అని తెలిపారు,0.0,దాని ఫలితమే ఈ ఎన్పికల ఫలితాలు అని తెలిపారు
ఇప్పటిదాకా నమోదైన మొత్తం కేసులలో ప్రస్తుత క్రియాశీల కేసులు శాతంగా ఉన్నాయి,0.0,ఇప్వటిదాకా నమోదైన మొత్లం కేసులలో ప్రస్లుత క్రియాశీల కేసులు శాతంగా ఉన్వాయి,0.0,ఇప్సటిదాకా నమోదైన మొత్లం కేసులలో ప్రస్లుత క్రియాశీల కేసులు శాతంగా ఉన్వాయి,0.0,ఇప్యటిదాకా నమోదైన మొత్లం కేసులలో ప్రస్లుత క్రియాశీల కేసులు శాతంగా ఉన్పాయి,0.0,ఇప్వటిదాకా నమోదైన మొత్లం కేసులలో ప్రస్లుత క్రియాశీల కేసులు శాతంగా ఉన్పాయి
ఢిల్లీ భారతదేశ రాజధాని,0.0,ఢిల్తీ భారతదేశ రాజధాని,0.0,ఢిల్తీ భారతదేశ రాజధాని,0.0,ఢిల్తీ భారతదేశ రాజధాని,0.0,ఢిల్తీ భారతదేశ రాజధాని
ీకు దమ్ములేదు,0.0,ీకు దమ్శులేదు,0.0,ీకు దమ్శులేదు,0.0,ీకు దమ్శులేదు,0.0,ీకు దమ్శులేదు
మిమ్మును హింసించువారిని దీవించుడి అని పౌలు చేసిన విన్నపాన్ని మనమెలా అనుసరించవచ్చు,0.0,మిమ్శును హింసించువారిని దీవించుడి అని పౌలు చేసిన విన్వపాన్పి మనమెలా అనుసరించవచ్సు,0.0,మిమ్శును హింసించువారిని దీవించుడి అని పౌలు చేసిన విన్పపాన్పి మనమెలా అనుసరించవచ్సు,0.0,మిమ్శును హింసించువారిని దీవించుడి అని పౌలు చేసిన విన్పపాన్పి మనమెలా అనుసరించవచ్సు,0.0,మిమ్శును హింసించువారిని దీవించుడి అని పౌలు చేసిన విన్వపాన్వి మనమెలా అనుసరించవచ్వు
ఈ వీడియో ఎక్కడిది అనే వివరాలు తెలియరాలేదు,0.0,ఈ వీడియో ఎక్కడిది అనే వివరాలు తెలియరాలేదు,0.0,ఈ వీడియో ఎక్కడిది అనే వివరాలు తెలియరాలేదు,0.0,ఈ వీడియో ఎక్కడిది అనే వివరాలు తెలియరాలేదు,0.0,ఈ వీడియో ఎక్కడిది అనే వివరాలు తెలియరాలేదు
వారి శక్తి అపారమైనది,0.0,వారి శక్లి అపారమైనది,0.0,వారి శక్లి అపారమైనది,0.0,వారి శక్లి అపారమైనది,0.0,వారి శక్లి అపారమైనది
త్వరలో తెలుగు స్ట్రెయిట్ సినిమాలో యాక్ట్ చేయాలని కోరుకుంటున్నానని తెలిపారు,0.0,త్వరలో తెలుగు స్ట్రెయిట్ సినిమాలో యాక్ట్ చేయాలని కోరుకుంటున్పానని తెలిపారు,0.0,త్వరలో తెలుగు స్ట్రెయిట్ సినిమాలో యాక్ట్ చేయాలని కోరుకుంటున్పానని తెలిపారు,0.0,త్వరలో తెలుగు స్ట్రెయిట్ సినిమాలో యాక్ట్ చేయాలని కోరుకుంటున్వానని తెలిపారు,0.0,త్వరలో తెలుగు స్ట్రెయిట్ సినిమాలో యాక్ట్ చేయాలని కోరుకుంటున్వానని తెలిపారు
మేం దాని గురించి ఆలోచించాల్సిన అవసరం లేదు,0.0,మేం దాని గురించి ఆలోచించాల్పిన అవసరం లేదు,0.0,మేం దాని గురించి ఆలోచించాల్విన అవసరం లేదు,0.0,మేం దాని గురించి ఆలోచించాల్చిన అవసరం లేదు,0.0,మేం దాని గురించి ఆలోచించాల్చిన అవసరం లేదు
వారు ఏకైక మరియు వినూత్న ఉన్నాయి,0.0,వారు ఏకైక మరియు వినూత్ప ఉన్వాయి,0.0,వారు ఏకైక మరియు వినూత్ప ఉన్పాయి,0.0,వారు ఏకైక మరియు వినూత్ప ఉన్వాయి,0.0,వారు ఏకైక మరియు వినూత్ప ఉన్వాయి
వర్సిటీకి ప్రతి రాష్ట్రంలో అనుబంధ కాలేజీలు ఏర్పాటు చేస్తామన్నారు,0.0,వర్విటీకి ప్రతి రాష్ట్రంలో అనుబంధ కాలేజీలు ఏర్వాటు చేస్లామన్వారు,0.0,వర్నిటీకి ప్రతి రాష్ట్రంలో అనుబంధ కాలేజీలు ఏర్నాటు చేస్లామన్వారు,0.0,వర్చిటీకి ప్రతి రాష్ట్రంలో అనుబంధ కాలేజీలు ఏర్నాటు చేస్లామన్పారు,0.0,వర్పిటీకి ప్రతి రాష్ట్రంలో అనుబంధ కాలేజీలు ఏర్యాటు చేస్లామన్వారు
అంతర్జాతీయంగా పెట్రోల్ డీజిల్ ధరలు నిర్థిష్ట కాలానికి స్థిరంగా ఉండవని ఆర్థికమంత్రి నిర్మలా సీతారామన్ లోక్సభలో అన్నారు,0.0,అంతర్జాతీయంగా పెట్రోల్ డీజిల్ ధరలు నిర్థిష్ట కాలానికి స్థిరంగా ఉండవని ఆర్థికమంత్రి నిర్శలా సీతారామన్ లోక్చభలో అన్వారు,0.0,అంతర్జాతీయంగా పెట్రోల్ డీజిల్ ధరలు నిర్థిష్ట కాలానికి స్థిరంగా ఉండవని ఆర్థికమంత్రి నిర్శలా సీతారామన్ లోక్పభలో అన్పారు,0.0,అంతర్జాతీయంగా పెట్రోల్ డీజిల్ ధరలు నిర్థిష్ట కాలానికి స్థిరంగా ఉండవని ఆర్థికమంత్రి నిర్శలా సీతారామన్ లోక్నభలో అన్పారు,0.0,అంతర్జాతీయంగా పెట్రోల్ డీజిల్ ధరలు నిర్థిష్ట కాలానికి స్థిరంగా ఉండవని ఆర్థికమంత్రి నిర్శలా సీతారామన్ లోక్నభలో అన్పారు
అదేవిధంగా ఆధ్యాత్మిక కాపరి ఏదైనా ఒక తప్పుచేసిన వ్యక్తికి పదేపదే హితబోధ చేయాల్సివుంటుంది,0.0,అదేవిధంగా ఆధ్యాత్శిక కాపరి ఏదైనా ఒక తప్నుచేసిన వ్యక్లికి పదేపదే హితబోధ చేయాల్చివుంటుంది,0.0,అదేవిధంగా ఆధ్యాత్శిక కాపరి ఏదైనా ఒక తప్యుచేసిన వ్యక్లికి పదేపదే హితబోధ చేయాల్చివుంటుంది,0.0,అదేవిధంగా ఆధ్యాత్శిక కాపరి ఏదైనా ఒక తప్సుచేసిన వ్యక్లికి పదేపదే హితబోధ చేయాల్వివుంటుంది,0.0,అదేవిధంగా ఆధ్యాత్శిక కాపరి ఏదైనా ఒక తప్సుచేసిన వ్యక్లికి పదేపదే హితబోధ చేయాల్వివుంటుంది
రోహిత్ శర్మ విరాట్ కోహ్లి అవుట్ తరువాత భారత్ స్కోరు వేగం తగ్గింది,0.0,రోహిత్ శర్శ విరాట్ కోహ్తి అవుట్ తరువాత భారత్ స్కోరు వేగం తగ్ఠింది,0.0,రోహిత్ శర్శ విరాట్ కోహ్గి అవుట్ తరువాత భారత్ స్కోరు వేగం తగ్ధింది,0.0,రోహిత్ శర్శ విరాట్ కోహ్ధి అవుట్ తరువాత భారత్ స్కోరు వేగం తగ్లింది,0.0,రోహిత్ శర్శ విరాట్ కోహ్గి అవుట్ తరువాత భారత్ స్కోరు వేగం తగ్ధింది
కోట్లు హిందీలో రూ,0.0,కోట్తు హిందీలో రూ,0.0,కోట్ధు హిందీలో రూ,0.0,కోట్ధు హిందీలో రూ,0.0,కోట్తు హిందీలో రూ
అలెక్స్ వాంగ్ జెట్టి ఇమేజెస్ ద్వారా ఫోటో,0.0,అలెక్న్ వాంగ్ జెట్టి ఇమేజెస్ ద్చారా ఫోటో,0.0,అలెక్న్ వాంగ్ జెట్టి ఇమేజెస్ ద్చారా ఫోటో,0.0,అలెక్ప్ వాంగ్ జెట్టి ఇమేజెస్ ద్నారా ఫోటో,0.0,అలెక్ప్ వాంగ్ జెట్టి ఇమేజెస్ ద్నారా ఫోటో
అన్నాడు కండక్టర్,0.0,అన్వాడు కండక్టర్,0.0,అన్వాడు కండక్టర్,0.0,అన్వాడు కండక్టర్,0.0,అన్పాడు కండక్టర్
మిగిలిన తొమ్మిది మంది స్వల్పంగా గాయపడ్డారు,0.0,మిగిలిన తొమ్శిది మంది స్యల్యంగా గాయపడ్దారు,0.0,మిగిలిన తొమ్శిది మంది స్చల్సంగా గాయపడ్దారు,0.0,మిగిలిన తొమ్శిది మంది స్చల్యంగా గాయపడ్దారు,0.0,మిగిలిన తొమ్శిది మంది స్సల్నంగా గాయపడ్ధారు
మనిషిని గిటారుని కూడా వెయ్యక్కర్లేదు,0.0,మనిషిని గిటారుని కూడా వెయ్యక్కర్తేదు,0.0,మనిషిని గిటారుని కూడా వెయ్యక్కర్ధేదు,0.0,మనిషిని గిటారుని కూడా వెయ్యక్కర్గేదు,0.0,మనిషిని గిటారుని కూడా వెయ్యక్కర్ధేదు
బరువు తగ్గించి,0.0,బరువు తగ్లించి,0.0,బరువు తగ్ఠించి,0.0,బరువు తగ్ధించి,0.0,బరువు తగ్ఠించి
పర్యాటకరంగంలో అభివృద్ధిచేయడానికి అవకాశాలు అధికంగా ఉన్నాయి,0.0,పర్యాటకరంగంలో అభివృద్దిచేయడానికి అవకాశాలు అధికంగా ఉన్పాయి,0.0,పర్యాటకరంగంలో అభివృద్లిచేయడానికి అవకాశాలు అధికంగా ఉన్వాయి,0.0,పర్యాటకరంగంలో అభివృద్గిచేయడానికి అవకాశాలు అధికంగా ఉన్వాయి,0.0,పర్యాటకరంగంలో అభివృద్లిచేయడానికి అవకాశాలు అధికంగా ఉన్వాయి
రూల్స్ ను పాటించని వ్యక్తులకు భారీ జరిమానాలు విధిస్తున్నది,0.0,రూల్చ్ ను పాటించని వ్యక్లులకు భారీ జరిమానాలు విధిస్లున్వది,0.0,రూల్చ్ ను పాటించని వ్యక్లులకు భారీ జరిమానాలు విధిస్లున్పది,0.0,రూల్న్ ను పాటించని వ్యక్లులకు భారీ జరిమానాలు విధిస్లున్పది,0.0,రూల్న్ ను పాటించని వ్యక్లులకు భారీ జరిమానాలు విధిస్లున్పది
అయితే ప్రభుత్వం నుంచి ఇప్పటి వరకు ఎలాంటి స్పష్టత రాలేదు,0.0,అయితే ప్రభుత్పం నుంచి ఇప్నటి వరకు ఎలాంటి స్నష్టత రాలేదు,0.0,అయితే ప్రభుత్యం నుంచి ఇప్వటి వరకు ఎలాంటి స్నష్టత రాలేదు,0.0,అయితే ప్రభుత్యం నుంచి ఇప్నటి వరకు ఎలాంటి స్వష్టత రాలేదు,0.0,అయితే ప్రభుత్నం నుంచి ఇప్యటి వరకు ఎలాంటి స్యష్టత రాలేదు
మేడం స్పీకర్ వైస్ ప్రెసిడెంట్ బిడెన్ కాంగ్రెస్ సభ్యులు మరియు అమెరికన్ ప్రజలు,0.0,మేడం స్వీకర్ వైస్ ప్రెసిడెంట్ బిడెన్ కాంగ్రెస్ సభ్యులు మరియు అమెరికన్ ప్రజలు,0.0,మేడం స్సీకర్ వైస్ ప్రెసిడెంట్ బిడెన్ కాంగ్రెస్ సభ్యులు మరియు అమెరికన్ ప్రజలు,0.0,మేడం స్నీకర్ వైస్ ప్రెసిడెంట్ బిడెన్ కాంగ్రెస్ సభ్యులు మరియు అమెరికన్ ప్రజలు,0.0,మేడం స్యీకర్ వైస్ ప్రెసిడెంట్ బిడెన్ కాంగ్రెస్ సభ్యులు మరియు అమెరికన్ ప్రజలు
ఇందుకు సంబంధించి అన్ని రకాల ఏర్పాట్లను జిల్లా యంత్రాంగం పూర్తి చేసింది,0.0,ఇందుకు సంబంధించి అన్వి రకాల ఏర్యాట్ధను జిల్తా యంత్రాంగం పూర్లి చేసింది,0.0,ఇందుకు సంబంధించి అన్వి రకాల ఏర్వాట్ధను జిల్గా యంత్రాంగం పూర్లి చేసింది,0.0,ఇందుకు సంబంధించి అన్పి రకాల ఏర్వాట్తను జిల్గా యంత్రాంగం పూర్లి చేసింది,0.0,ఇందుకు సంబంధించి అన్పి రకాల ఏర్నాట్గను జిల్ధా యంత్రాంగం పూర్లి చేసింది
అత్యంత శక్తివంతమైన ఈ ఇంజన్ స్పీడ్ మ్యాన్యువల్ మరియు స్పీడ్ ఆటోమేటిక్ ట్రాన్సిమిషన్ సిస్టమ్తో లభిస్తుంది,0.0,అత్యంత శక్లివంతమైన ఈ ఇంజన్ స్నీడ్ మ్యాన్యువల్ మరియు స్నీడ్ ఆటోమేటిక్ ట్రాన్విమిషన్ సిస్టమ్లో లభిస్లుంది,0.0,అత్యంత శక్లివంతమైన ఈ ఇంజన్ స్నీడ్ మ్యాన్యువల్ మరియు స్నీడ్ ఆటోమేటిక్ ట్రాన్నిమిషన్ సిస్టమ్లో లభిస్లుంది,0.0,అత్యంత శక్లివంతమైన ఈ ఇంజన్ స్నీడ్ మ్యాన్యువల్ మరియు స్నీడ్ ఆటోమేటిక్ ట్రాన్నిమిషన్ సిస్టమ్లో లభిస్లుంది,0.0,అత్యంత శక్లివంతమైన ఈ ఇంజన్ స్యీడ్ మ్యాన్యువల్ మరియు స్వీడ్ ఆటోమేటిక్ ట్రాన్చిమిషన్ సిస్టమ్లో లభిస్లుంది
ప్రతివాదులు సగానికి పైగా ఎస్టోనియన్ రష్యన్లు రష్యాలోని రష్యన్ల మద్య గమనించదగ్గ వ్యత్యాసం ఉందని గుర్తించారు,0.0,ప్రతివాదులు సగానికి పైగా ఎస్టోనియన్ రష్యన్గు రష్యాలోని రష్యన్ధ మద్య గమనించదగ్ఠ వ్యత్యాసం ఉందని గుర్లించారు,0.0,ప్రతివాదులు సగానికి పైగా ఎస్టోనియన్ రష్యన్గు రష్యాలోని రష్యన్గ మద్య గమనించదగ్ఠ వ్యత్యాసం ఉందని గుర్లించారు,0.0,ప్రతివాదులు సగానికి పైగా ఎస్టోనియన్ రష్యన్తు రష్యాలోని రష్యన్గ మద్య గమనించదగ్ల వ్యత్యాసం ఉందని గుర్లించారు,0.0,ప్రతివాదులు సగానికి పైగా ఎస్టోనియన్ రష్యన్ధు రష్యాలోని రష్యన్గ మద్య గమనించదగ్ఠ వ్యత్యాసం ఉందని గుర్లించారు
ఈ చిత్రం ఇప్పుడు రామోజీ ఫిల్మ్ సిటీలో చిత్రీకరణ జరుపుకుంటోంది,0.0,ఈ చిత్రం ఇప్నుడు రామోజీ ఫిల్శ్ సిటీలో చిత్రీకరణ జరుపుకుంటోంది,0.0,ఈ చిత్రం ఇప్యుడు రామోజీ ఫిల్శ్ సిటీలో చిత్రీకరణ జరుపుకుంటోంది,0.0,ఈ చిత్రం ఇప్వుడు రామోజీ ఫిల్శ్ సిటీలో చిత్రీకరణ జరుపుకుంటోంది,0.0,ఈ చిత్రం ఇప్సుడు రామోజీ ఫిల్శ్ సిటీలో చిత్రీకరణ జరుపుకుంటోంది
ఎక్కడి నుంచో దిగుమతి చేసుకుంటాం,0.0,ఎక్కడి నుంచో దిగుమతి చేసుకుంటాం,0.0,ఎక్కడి నుంచో దిగుమతి చేసుకుంటాం,0.0,ఎక్కడి నుంచో దిగుమతి చేసుకుంటాం,0.0,ఎక్కడి నుంచో దిగుమతి చేసుకుంటాం
పైగా అమ్మ నన్ను ఒంటరిపోరాటం చేస్తూ పెంచింది,0.0,పైగా అమ్శ నన్పు ఒంటరిపోరాటం చేస్లూ పెంచింది,0.0,పైగా అమ్శ నన్పు ఒంటరిపోరాటం చేస్లూ పెంచింది,0.0,పైగా అమ్శ నన్వు ఒంటరిపోరాటం చేస్లూ పెంచింది,0.0,పైగా అమ్శ నన్పు ఒంటరిపోరాటం చేస్లూ పెంచింది
అది చాలా ప్రాచుర్యం కాకపోయినప్పటికీ,0.0,అది చాలా ప్రాచుర్యం కాకపోయినప్సటికీ,0.0,అది చాలా ప్రాచుర్యం కాకపోయినప్సటికీ,0.0,అది చాలా ప్రాచుర్యం కాకపోయినప్వటికీ,0.0,అది చాలా ప్రాచుర్యం కాకపోయినప్వటికీ
దానికోసం ఎలాంటి ప్రణాళిక వేసుకున్నారు,0.0,దానికోసం ఎలాంటి ప్రణాళిక వేసుకున్పారు,0.0,దానికోసం ఎలాంటి ప్రణాళిక వేసుకున్వారు,0.0,దానికోసం ఎలాంటి ప్రణాళిక వేసుకున్పారు,0.0,దానికోసం ఎలాంటి ప్రణాళిక వేసుకున్పారు
అయితే పోలీసులు చాలా మందిని నిలిపివేశారు,0.0,అయితే పోలీసులు చాలా మందిని నిలిపివేశారు,0.0,అయితే పోలీసులు చాలా మందిని నిలిపివేశారు,0.0,అయితే పోలీసులు చాలా మందిని నిలిపివేశారు,0.0,అయితే పోలీసులు చాలా మందిని నిలిపివేశారు
బీచ్ మార్గంలో కేఫ్లు రెస్టారెంట్లు మరియు దుకాణాలు వివిధ కలుస్తుంది,0.0,బీచ్ మార్లంలో కేఫ్ధు రెస్టారెంట్ధు మరియు దుకాణాలు వివిధ కలుస్లుంది,0.0,బీచ్ మార్ఠంలో కేఫ్తు రెస్టారెంట్తు మరియు దుకాణాలు వివిధ కలుస్లుంది,0.0,బీచ్ మార్లంలో కేఫ్ధు రెస్టారెంట్తు మరియు దుకాణాలు వివిధ కలుస్లుంది,0.0,బీచ్ మార్ధంలో కేఫ్ధు రెస్టారెంట్తు మరియు దుకాణాలు వివిధ కలుస్లుంది
వాషింగ్టన్ భారత ప్రధానమంత్రి నరేంద్రమోదీ అమెరికా అధ్యక్షుడు డొనాల్డ్ ట్రంప్ తొలిసారిగా సమావేశం కానున్నారు,0.0,వాషింగ్టన్ భారత ప్రధానమంత్రి నరేంద్రమోదీ అమెరికా అధ్యక్షుడు డొనాల్ద్ ట్రంప్ తొలిసారిగా సమావేశం కానున్వారు,0.0,వాషింగ్టన్ భారత ప్రధానమంత్రి నరేంద్రమోదీ అమెరికా అధ్యక్షుడు డొనాల్ధ్ ట్రంప్ తొలిసారిగా సమావేశం కానున్వారు,0.0,వాషింగ్టన్ భారత ప్రధానమంత్రి నరేంద్రమోదీ అమెరికా అధ్యక్షుడు డొనాల్ధ్ ట్రంప్ తొలిసారిగా సమావేశం కానున్పారు,0.0,వాషింగ్టన్ భారత ప్రధానమంత్రి నరేంద్రమోదీ అమెరికా అధ్యక్షుడు డొనాల్ధ్ ట్రంప్ తొలిసారిగా సమావేశం కానున్వారు
వేలు అందిస్తానన్నారు,0.0,వేలు అందిస్లానన్వారు,0.0,వేలు అందిస్లానన్వారు,0.0,వేలు అందిస్లానన్పారు,0.0,వేలు అందిస్లానన్పారు
ఈ ఘటనలో నిందితులను పోలీసులు అరెస్టు చేశారు,0.0,ఈ ఘటనలో నిందితులను పోలీసులు అరెస్టు చేశారు,0.0,ఈ ఘటనలో నిందితులను పోలీసులు అరెస్టు చేశారు,0.0,ఈ ఘటనలో నిందితులను పోలీసులు అరెస్టు చేశారు,0.0,ఈ ఘటనలో నిందితులను పోలీసులు అరెస్టు చేశారు
కానీ సినిమా గురించి మాత్రం ఏమి చెప్పలేను,0.0,కానీ సినిమా గురించి మాత్రం ఏమి చెప్యలేను,0.0,కానీ సినిమా గురించి మాత్రం ఏమి చెప్సలేను,0.0,కానీ సినిమా గురించి మాత్రం ఏమి చెప్వలేను,0.0,కానీ సినిమా గురించి మాత్రం ఏమి చెప్సలేను
రైల్వే శాఖలో లక్షల మందికి పైగా ఉద్యోగులు ఉన్నారు,0.0,రైల్సే శాఖలో లక్షల మందికి పైగా ఉద్యోగులు ఉన్పారు,0.0,రైల్సే శాఖలో లక్షల మందికి పైగా ఉద్యోగులు ఉన్పారు,0.0,రైల్నే శాఖలో లక్షల మందికి పైగా ఉద్యోగులు ఉన్పారు,0.0,రైల్చే శాఖలో లక్షల మందికి పైగా ఉద్యోగులు ఉన్వారు
ఆటల ఉపాధ్యాయుడుంటాడు,0.0,ఆటల ఉపాధ్యాయుడుంటాడు,0.0,ఆటల ఉపాధ్యాయుడుంటాడు,0.0,ఆటల ఉపాధ్యాయుడుంటాడు,0.0,ఆటల ఉపాధ్యాయుడుంటాడు
ఈ జలపాతం విస్తారమైన పచ్చదనం నడుమ ణ్గలొఇ గ్రామంలో ఉన్నది ఈ జలపాతం గంభీరంగా మరియు మనోహరంగా ఉన్నది,0.0,ఈ జలపాతం విస్లారమైన పచ్వదనం నడుమ ణ్ధలొఇ గ్రామంలో ఉన్పది ఈ జలపాతం గంభీరంగా మరియు మనోహరంగా ఉన్పది,0.0,ఈ జలపాతం విస్లారమైన పచ్సదనం నడుమ ణ్ధలొఇ గ్రామంలో ఉన్వది ఈ జలపాతం గంభీరంగా మరియు మనోహరంగా ఉన్పది,0.0,ఈ జలపాతం విస్లారమైన పచ్వదనం నడుమ ణ్ఠలొఇ గ్రామంలో ఉన్పది ఈ జలపాతం గంభీరంగా మరియు మనోహరంగా ఉన్వది,0.0,ఈ జలపాతం విస్లారమైన పచ్సదనం నడుమ ణ్ఠలొఇ గ్రామంలో ఉన్వది ఈ జలపాతం గంభీరంగా మరియు మనోహరంగా ఉన్పది
ఈ మీరు ఇప్పటికే తెలుసు,0.0,ఈ మీరు ఇప్సటికే తెలుసు,0.0,ఈ మీరు ఇప్నటికే తెలుసు,0.0,ఈ మీరు ఇప్సటికే తెలుసు,0.0,ఈ మీరు ఇప్నటికే తెలుసు
ముందుగా టాస్ గెలిచిన ముంబై బెంగళూరుకు బ్యాటింగ్ అప్పగించింది,0.0,ముందుగా టాస్ గెలిచిన ముంబై బెంగళూరుకు బ్యాటింగ్ అప్వగించింది,0.0,ముందుగా టాస్ గెలిచిన ముంబై బెంగళూరుకు బ్యాటింగ్ అప్వగించింది,0.0,ముందుగా టాస్ గెలిచిన ముంబై బెంగళూరుకు బ్యాటింగ్ అప్నగించింది,0.0,ముందుగా టాస్ గెలిచిన ముంబై బెంగళూరుకు బ్యాటింగ్ అప్నగించింది
వారిని బయటకు రావద్దని చెప్పారు,0.0,వారిని బయటకు రావద్ ని చెప్నారు,0.0,వారిని బయటకు రావద్ ని చెప్సారు,0.0,వారిని బయటకు రావద్ ని చెప్వారు,0.0,వారిని బయటకు రావద్ ని చెప్సారు
దీంతో ఆమె తల్లి రహీమాబేగం పోలీసులకు ఫిర్యాదు చేసింది,0.0,దీంతో ఆమె తల్తి రహీమాబేగం పోలీసులకు ఫిర్యాదు చేసింది,0.0,దీంతో ఆమె తల్తి రహీమాబేగం పోలీసులకు ఫిర్యాదు చేసింది,0.0,దీంతో ఆమె తల్తి రహీమాబేగం పోలీసులకు ఫిర్యాదు చేసింది,0.0,దీంతో ఆమె తల్తి రహీమాబేగం పోలీసులకు ఫిర్యాదు చేసింది
పైగా పెట్టుబడి పెడుతూనే ఉండాలి,0.0,పైగా పెట్టుబడి పెడుతూనే ఉండాలి,0.0,పైగా పెట్టుబడి పెడుతూనే ఉండాలి,0.0,పైగా పెట్టుబడి పెడుతూనే ఉండాలి,0.0,పైగా పెట్టుబడి పెడుతూనే ఉండాలి
ఎలా ఉన్నారూ,0.0,ఎలా ఉన్వారూ,0.0,ఎలా ఉన్పారూ,0.0,ఎలా ఉన్వారూ,0.0,ఎలా ఉన్పారూ
ఆయన అధికార బిజెపి పార్టీకి అధికార ప్రతినిధి,0.0,ఆయన అధికార బిజెపి పార్టీకి అధికార ప్రతినిధి,0.0,ఆయన అధికార బిజెపి పార్టీకి అధికార ప్రతినిధి,0.0,ఆయన అధికార బిజెపి పార్టీకి అధికార ప్రతినిధి,0.0,ఆయన అధికార బిజెపి పార్టీకి అధికార ప్రతినిధి
హంతకులను వెంటనే అరెస్ట్ చేసి కఠినమైన శిక్ష విధించాలని డిమాండ్ చేశారు,0.0,హంతకులను వెంటనే అరెస్ట్ చేసి కఠినమైన శిక్ష విధించాలని డిమాండ్ చేశారు,0.0,హంతకులను వెంటనే అరెస్ట్ చేసి కఠినమైన శిక్ష విధించాలని డిమాండ్ చేశారు,0.0,హంతకులను వెంటనే అరెస్ట్ చేసి కఠినమైన శిక్ష విధించాలని డిమాండ్ చేశారు,0.0,హంతకులను వెంటనే అరెస్ట్ చేసి కఠినమైన శిక్ష విధించాలని డిమాండ్ చేశారు
ఏం చెయ్యమంటారు,0.0,ఏం చెయ్యమంటారు,0.0,ఏం చెయ్యమంటారు,0.0,ఏం చెయ్యమంటారు,0.0,ఏం చెయ్యమంటారు
ఆవిరైపో సార్లు వరకు జరుపుము,0.0,ఆవిరైపో సార్ధు వరకు జరుపుము,0.0,ఆవిరైపో సార్ధు వరకు జరుపుము,0.0,ఆవిరైపో సార్ధు వరకు జరుపుము,0.0,ఆవిరైపో సార్గు వరకు జరుపుము
ఈవీఎంలు టాంపరింగ్ సాధ్యం కాదన్నారు,0.0,ఈవీఎంలు టాంపరింగ్ సాధ్యం కాదన్వారు,0.0,ఈవీఎంలు టాంపరింగ్ సాధ్యం కాదన్వారు,0.0,ఈవీఎంలు టాంపరింగ్ సాధ్యం కాదన్పారు,0.0,ఈవీఎంలు టాంపరింగ్ సాధ్యం కాదన్వారు
అనంతరం ఆలయ అభివృద్దికి రూ,0.0,అనంతరం ఆలయ అభివృద్డికి రూ,0.0,అనంతరం ఆలయ అభివృద్ ికి రూ,0.0,అనంతరం ఆలయ అభివృద్ధికి రూ,0.0,అనంతరం ఆలయ అభివృద్ధికి రూ
ఈ చిత్రంలో ప్రభాస్ అతిథి పాత్రలో నటించబోతున్నాడనే వార్తలు వినిపిస్తున్నాయి,0.0,ఈ చిత్రంలో ప్రభాస్ అతిథి పాత్రలో నటించబోతున్పాడనే వార్లలు వినిపిస్లున్పాయి,0.0,ఈ చిత్రంలో ప్రభాస్ అతిథి పాత్రలో నటించబోతున్పాడనే వార్లలు వినిపిస్లున్పాయి,0.0,ఈ చిత్రంలో ప్రభాస్ అతిథి పాత్రలో నటించబోతున్వాడనే వార్లలు వినిపిస్లున్పాయి,0.0,ఈ చిత్రంలో ప్రభాస్ అతిథి పాత్రలో నటించబోతున్పాడనే వార్లలు వినిపిస్లున్పాయి
గోకవరం మండలం తంటికొండ వెంకటేశ్వర స్వామి ఆలయంలో వివాహం పూర్తయిన తర్వాత తిరిగి వస్తూ వ్యాన్ ప్రమాదానికి గురైంది,0.0,గోకవరం మండలం తంటికొండ వెంకటేశ్నర స్నామి ఆలయంలో వివాహం పూర్లయిన తర్పాత తిరిగి వస్లూ వ్యాన్ ప్రమాదానికి గురైంది,0.0,గోకవరం మండలం తంటికొండ వెంకటేశ్చర స్చామి ఆలయంలో వివాహం పూర్లయిన తర్చాత తిరిగి వస్లూ వ్యాన్ ప్రమాదానికి గురైంది,0.0,గోకవరం మండలం తంటికొండ వెంకటేశ్సర స్సామి ఆలయంలో వివాహం పూర్లయిన తర్పాత తిరిగి వస్లూ వ్యాన్ ప్రమాదానికి గురైంది,0.0,గోకవరం మండలం తంటికొండ వెంకటేశ్సర స్యామి ఆలయంలో వివాహం పూర్లయిన తర్సాత తిరిగి వస్లూ వ్యాన్ ప్రమాదానికి గురైంది
ఆ రోజుల్లో ప్రత్యేక పయినీరంటే పరిచర్యలో నెలకు గంటలు చేయాలి,0.0,ఆ రోజుల్ధో ప్రత్యేక పయినీరంటే పరిచర్యలో నెలకు గంటలు చేయాలి,0.0,ఆ రోజుల్తో ప్రత్యేక పయినీరంటే పరిచర్యలో నెలకు గంటలు చేయాలి,0.0,ఆ రోజుల్తో ప్రత్యేక పయినీరంటే పరిచర్యలో నెలకు గంటలు చేయాలి,0.0,ఆ రోజుల్గో ప్రత్యేక పయినీరంటే పరిచర్యలో నెలకు గంటలు చేయాలి
కానీ అందుబాటులో ఇతర ఎంపికలు పుష్కలంగా ఉన్నాయి,0.0,కానీ అందుబాటులో ఇతర ఎంపికలు పుష్కలంగా ఉన్వాయి,0.0,కానీ అందుబాటులో ఇతర ఎంపికలు పుష్కలంగా ఉన్పాయి,0.0,కానీ అందుబాటులో ఇతర ఎంపికలు పుష్కలంగా ఉన్వాయి,0.0,కానీ అందుబాటులో ఇతర ఎంపికలు పుష్కలంగా ఉన్వాయి
జనం పోగుపడిపోయారు,0.0,జనం పోగుపడిపోయారు,0.0,జనం పోగుపడిపోయారు,0.0,జనం పోగుపడిపోయారు,0.0,జనం పోగుపడిపోయారు
బదులుగా రాజైన దావీదు అనుకున్నట్లే వాళ్లూ అనుకుంటారు,0.0,బదులుగా రాజైన దావీదు అనుకున్పట్ధే వాళ్గూ అనుకుంటారు,0.0,బదులుగా రాజైన దావీదు అనుకున్పట్తే వాళ్ధూ అనుకుంటారు,0.0,బదులుగా రాజైన దావీదు అనుకున్పట్తే వాళ్తూ అనుకుంటారు,0.0,బదులుగా రాజైన దావీదు అనుకున్వట్ధే వాళ్తూ అనుకుంటారు
కొద్దిగా నీళ్ళు వేసి పేస్ట్ లా చేసుకోవాలి,0.0,కొద్ధిగా నీళ్ళు వేసి పేస్ట్ లా చేసుకోవాలి,0.0,కొద్ ిగా నీళ్ళు వేసి పేస్ట్ లా చేసుకోవాలి,0.0,కొద్డిగా నీళ్ళు వేసి పేస్ట్ లా చేసుకోవాలి,0.0,కొద్ ిగా నీళ్ళు వేసి పేస్ట్ లా చేసుకోవాలి
ఈ క్రింది ఆవిర్భావములను,0.0,ఈ క్రింది ఆవిర్భావములను,0.0,ఈ క్రింది ఆవిర్భావములను,0.0,ఈ క్రింది ఆవిర్భావములను,0.0,ఈ క్రింది ఆవిర్భావములను
ఒక గదిలోనా,0.0,ఒక గదిలోనా,0.0,ఒక గదిలోనా,0.0,ఒక గదిలోనా,0.0,ఒక గదిలోనా
ఆభరణాలు ఏమి,0.0,ఆభరణాలు ఏమి,0.0,ఆభరణాలు ఏమి,0.0,ఆభరణాలు ఏమి,0.0,ఆభరణాలు ఏమి
చాలా సులువైన పద్ధతే,0.0,చాలా సులువైన పద్దతే,0.0,చాలా సులువైన పద్లతే,0.0,చాలా సులువైన పద్లతే,0.0,చాలా సులువైన పద్దతే
తమ ఎమ్మెల్యేలను కొనాలనే బీజేపీ ప్రయత్నాలు ఫలించబోవని అన్నారు,0.0,తమ ఎమ్శెల్యేలను కొనాలనే బీజేపీ ప్రయత్వాలు ఫలించబోవని అన్వారు,0.0,తమ ఎమ్శెల్యేలను కొనాలనే బీజేపీ ప్రయత్వాలు ఫలించబోవని అన్వారు,0.0,తమ ఎమ్శెల్యేలను కొనాలనే బీజేపీ ప్రయత్వాలు ఫలించబోవని అన్వారు,0.0,తమ ఎమ్శెల్యేలను కొనాలనే బీజేపీ ప్రయత్పాలు ఫలించబోవని అన్పారు
భయంకర వార్తలు,0.0,భయంకర వార్లలు,0.0,భయంకర వార్లలు,0.0,భయంకర వార్లలు,0.0,భయంకర వార్లలు
నందాల పాలన మొత్తం వ్యవధికి సంబంధించి పురాతన వనరులలో ఏకాభిప్రాయం లేదు,0.0,నందాల పాలన మొత్లం వ్యవధికి సంబంధించి పురాతన వనరులలో ఏకాభిప్రాయం లేదు,0.0,నందాల పాలన మొత్లం వ్యవధికి సంబంధించి పురాతన వనరులలో ఏకాభిప్రాయం లేదు,0.0,నందాల పాలన మొత్లం వ్యవధికి సంబంధించి పురాతన వనరులలో ఏకాభిప్రాయం లేదు,0.0,నందాల పాలన మొత్లం వ్యవధికి సంబంధించి పురాతన వనరులలో ఏకాభిప్రాయం లేదు
బిఎస్పి ఎస్పి కలిసి బిజెపిని ఓడించేందుకు కూటమి కట్టి బరిలోకి దిగాయి,0.0,బిఎస్వి ఎస్ని కలిసి బిజెపిని ఓడించేందుకు కూటమి కట్టి బరిలోకి దిగాయి,0.0,బిఎస్వి ఎస్ని కలిసి బిజెపిని ఓడించేందుకు కూటమి కట్టి బరిలోకి దిగాయి,0.0,బిఎస్సి ఎస్యి కలిసి బిజెపిని ఓడించేందుకు కూటమి కట్టి బరిలోకి దిగాయి,0.0,బిఎస్వి ఎస్సి కలిసి బిజెపిని ఓడించేందుకు కూటమి కట్టి బరిలోకి దిగాయి
కావలసిన వారు వాడుకోవచ్చును,0.0,కావలసిన వారు వాడుకోవచ్సును,0.0,కావలసిన వారు వాడుకోవచ్సును,0.0,కావలసిన వారు వాడుకోవచ్వును,0.0,కావలసిన వారు వాడుకోవచ్వును
సత్యసాయి సేవలు,0.0,సత్యసాయి సేవలు,0.0,సత్యసాయి సేవలు,0.0,సత్యసాయి సేవలు,0.0,సత్యసాయి సేవలు
రైతులను ఆదుకోవడానికి ప్రభుత్వం ఎన్నో కార్యక్రమాలు చేపడుతుందన్నారు,0.0,రైతులను ఆదుకోవడానికి ప్రభుత్సం ఎన్పో కార్యక్రమాలు చేపడుతుందన్పారు,0.0,రైతులను ఆదుకోవడానికి ప్రభుత్యం ఎన్వో కార్యక్రమాలు చేపడుతుందన్వారు,0.0,రైతులను ఆదుకోవడానికి ప్రభుత్చం ఎన్పో కార్యక్రమాలు చేపడుతుందన్పారు,0.0,రైతులను ఆదుకోవడానికి ప్రభుత్సం ఎన్వో కార్యక్రమాలు చేపడుతుందన్వారు
బిజెపి అన్నది రాష్ట్రం బయటివారి పార్టీ అని బెంగాల్ను నియంత్రించ డానికి కాషాయం శిబిరాన్ని తాను ప్రవేసించనివ్వనని చెప్పారు,0.0,బిజెపి అన్పది రాష్ట్రం బయటివారి పార్టీ అని బెంగాల్పు నియంత్రించ డానికి కాషాయం శిబిరాన్పి తాను ప్రవేసించనివ్ననని చెప్సారు,0.0,బిజెపి అన్వది రాష్ట్రం బయటివారి పార్టీ అని బెంగాల్పు నియంత్రించ డానికి కాషాయం శిబిరాన్వి తాను ప్రవేసించనివ్సనని చెప్వారు,0.0,బిజెపి అన్వది రాష్ట్రం బయటివారి పార్టీ అని బెంగాల్పు నియంత్రించ డానికి కాషాయం శిబిరాన్వి తాను ప్రవేసించనివ్సనని చెప్వారు,0.0,బిజెపి అన్పది రాష్ట్రం బయటివారి పార్టీ అని బెంగాల్వు నియంత్రించ డానికి కాషాయం శిబిరాన్వి తాను ప్రవేసించనివ్ననని చెప్యారు
ఫ్యాక్టరీలో మంది కార్మికులు పనిచేస్తున్నారని చెప్పారు,0.0,ఫ్యాక్టరీలో మంది కార్శికులు పనిచేస్లున్పారని చెప్యారు,0.0,ఫ్యాక్టరీలో మంది కార్శికులు పనిచేస్లున్వారని చెప్వారు,0.0,ఫ్యాక్టరీలో మంది కార్శికులు పనిచేస్లున్వారని చెప్వారు,0.0,ఫ్యాక్టరీలో మంది కార్శికులు పనిచేస్లున్వారని చెప్సారు
టాటా ఆల్ట్రోజ్ ఐటర్బో పెట్రోల్ ఫస్ట్ డ్రైవ్ రివ్యూ వచ్చేసింది ఓ లుక్కేయండి,0.0,టాటా ఆల్ట్రోజ్ ఐటర్బో పెట్రోల్ ఫస్ట్ డ్రైవ్ రివ్యూ వచ్సేసింది ఓ లుక్కేయండి,0.0,టాటా ఆల్ట్రోజ్ ఐటర్బో పెట్రోల్ ఫస్ట్ డ్రైవ్ రివ్యూ వచ్సేసింది ఓ లుక్కేయండి,0.0,టాటా ఆల్ట్రోజ్ ఐటర్బో పెట్రోల్ ఫస్ట్ డ్రైవ్ రివ్యూ వచ్సేసింది ఓ లుక్కేయండి,0.0,టాటా ఆల్ట్రోజ్ ఐటర్బో పెట్రోల్ ఫస్ట్ డ్రైవ్ రివ్యూ వచ్వేసింది ఓ లుక్కేయండి
ఇది ఒక మెడికల్ ఎమర్జెన్సీ,0.0,ఇది ఒక మెడికల్ ఎమర్జెన్వీ,0.0,ఇది ఒక మెడికల్ ఎమర్జెన్నీ,0.0,ఇది ఒక మెడికల్ ఎమర్జెన్వీ,0.0,ఇది ఒక మెడికల్ ఎమర్జెన్పీ
సాక్షి హైదరాబాద్ రాష్ట్రంలో ఇంటర్మీడియట్ ఫలితాలను జూన్ రెండో వారంలో ప్రకటిస్తామని విద్యాశాఖ మంత్రి పి సబితా ఇంద్రారెడ్డి తెలిపారు,0.0,సాక్షి హైదరాబాద్ రాష్ట్రంలో ఇంటర్శీడియట్ ఫలితాలను జూన్ రెండో వారంలో ప్రకటిస్లామని విద్యాశాఖ మంత్రి పి సబితా ఇంద్రారెడ్ది తెలిపారు,0.0,సాక్షి హైదరాబాద్ రాష్ట్రంలో ఇంటర్శీడియట్ ఫలితాలను జూన్ రెండో వారంలో ప్రకటిస్లామని విద్యాశాఖ మంత్రి పి సబితా ఇంద్రారెడ్ది తెలిపారు,0.0,సాక్షి హైదరాబాద్ రాష్ట్రంలో ఇంటర్శీడియట్ ఫలితాలను జూన్ రెండో వారంలో ప్రకటిస్లామని విద్యాశాఖ మంత్రి పి సబితా ఇంద్రారెడ్ధి తెలిపారు,0.0,సాక్షి హైదరాబాద్ రాష్ట్రంలో ఇంటర్శీడియట్ ఫలితాలను జూన్ రెండో వారంలో ప్రకటిస్లామని విద్యాశాఖ మంత్రి పి సబితా ఇంద్రారెడ్ధి తెలిపారు
వైసీపీ ఆ పని కూడా చేయడం లేదు,0.0,వైసీపీ ఆ పని కూడా చేయడం లేదు,0.0,వైసీపీ ఆ పని కూడా చేయడం లేదు,0.0,వైసీపీ ఆ పని కూడా చేయడం లేదు,0.0,వైసీపీ ఆ పని కూడా చేయడం లేదు
రాష్ట్రంలో టీఆర్ఎస్కుప్రత్యామ్నాయం బీజేపీ మాత్రమేనని అన్నారు,0.0,రాష్ట్రంలో టీఆర్ఎస్కుప్రత్యామ్వాయం బీజేపీ మాత్రమేనని అన్వారు,0.0,రాష్ట్రంలో టీఆర్ఎస్కుప్రత్యామ్వాయం బీజేపీ మాత్రమేనని అన్పారు,0.0,రాష్ట్రంలో టీఆర్ఎస్కుప్రత్యామ్పాయం బీజేపీ మాత్రమేనని అన్వారు,0.0,రాష్ట్రంలో టీఆర్ఎస్కుప్రత్యామ్వాయం బీజేపీ మాత్రమేనని అన్పారు
అవి ఏంటంటే,0.0,అవి ఏంటంటే,0.0,అవి ఏంటంటే,0.0,అవి ఏంటంటే,0.0,అవి ఏంటంటే
ఎవరికీ చెప్పవద్దని చెప్తే చంపేస్తానని బెదిరించాడు,0.0,ఎవరికీ చెప్యవద్ ని చెప్లే చంపేస్లానని బెదిరించాడు,0.0,ఎవరికీ చెప్సవద్డని చెప్లే చంపేస్లానని బెదిరించాడు,0.0,ఎవరికీ చెప్వవద్డని చెప్లే చంపేస్లానని బెదిరించాడు,0.0,ఎవరికీ చెప్వవద్ధని చెప్లే చంపేస్లానని బెదిరించాడు
చాలామంది విద్యార్థులకు చదవను రాయను రాదు,0.0,చాలామంది విద్యార్థులకు చదవను రాయను రాదు,0.0,చాలామంది విద్యార్థులకు చదవను రాయను రాదు,0.0,చాలామంది విద్యార్థులకు చదవను రాయను రాదు,0.0,చాలామంది విద్యార్థులకు చదవను రాయను రాదు
బ్రౌన్ యూనివర్సిటీలో చదివారు,0.0,బ్రౌన్ యూనివర్నిటీలో చదివారు,0.0,బ్రౌన్ యూనివర్నిటీలో చదివారు,0.0,బ్రౌన్ యూనివర్చిటీలో చదివారు,0.0,బ్రౌన్ యూనివర్పిటీలో చదివారు
వర్గం స్థాపితాలు,0.0,వర్లం స్థాపితాలు,0.0,వర్ధం స్థాపితాలు,0.0,వర్లం స్థాపితాలు,0.0,వర్ధం స్థాపితాలు
మొదటిగా లీటర్ ఆస్పిరేటెడ్ సిలెండర్ పెట్రోల్ ఎంజిన్ సహాయంతో బిహెచ్పి మరియు ఎన్ఎం టార్కును అందిస్థుంది,0.0,మొదటిగా లీటర్ ఆస్విరేటెడ్ సిలెండర్ పెట్రోల్ ఎంజిన్ సహాయంతో బిహెచ్సి మరియు ఎన్ఎం టార్కును అందిస్థుంది,0.0,మొదటిగా లీటర్ ఆస్నిరేటెడ్ సిలెండర్ పెట్రోల్ ఎంజిన్ సహాయంతో బిహెచ్ని మరియు ఎన్ఎం టార్కును అందిస్థుంది,0.0,మొదటిగా లీటర్ ఆస్విరేటెడ్ సిలెండర్ పెట్రోల్ ఎంజిన్ సహాయంతో బిహెచ్ని మరియు ఎన్ఎం టార్కును అందిస్థుంది,0.0,మొదటిగా లీటర్ ఆస్నిరేటెడ్ సిలెండర్ పెట్రోల్ ఎంజిన్ సహాయంతో బిహెచ్వి మరియు ఎన్ఎం టార్కును అందిస్థుంది
ఇద్దరూ చిరకాల మిత్రులు,0.0,ఇద్ రూ చిరకాల మిత్రులు,0.0,ఇద్ రూ చిరకాల మిత్రులు,0.0,ఇద్ధరూ చిరకాల మిత్రులు,0.0,ఇద్డరూ చిరకాల మిత్రులు
లక్షల నుండి లక్షల రుపాయల మధ్య ఉండనుంది,0.0,లక్షల నుండి లక్షల రుపాయల మధ్య ఉండనుంది,0.0,లక్షల నుండి లక్షల రుపాయల మధ్య ఉండనుంది,0.0,లక్షల నుండి లక్షల రుపాయల మధ్య ఉండనుంది,0.0,లక్షల నుండి లక్షల రుపాయల మధ్య ఉండనుంది
శ్రాద్ధ భోజనం చేయకూడదు,0.0,శ్రాద్డ భోజనం చేయకూడదు,0.0,శ్రాద్ద భోజనం చేయకూడదు,0.0,శ్రాద్డ భోజనం చేయకూడదు,0.0,శ్రాద్ద భోజనం చేయకూడదు
మొత్తం ఓట్లు గెలుచుకున్నాయి,0.0,మొత్లం ఓట్ధు గెలుచుకున్వాయి,0.0,మొత్లం ఓట్గు గెలుచుకున్పాయి,0.0,మొత్లం ఓట్ధు గెలుచుకున్వాయి,0.0,మొత్లం ఓట్తు గెలుచుకున్పాయి
జిల్లా బలోడా బజార్ భటపారా,0.0,జిల్గా బలోడా బజార్ భటపారా,0.0,జిల్గా బలోడా బజార్ భటపారా,0.0,జిల్తా బలోడా బజార్ భటపారా,0.0,జిల్ధా బలోడా బజార్ భటపారా
ఆహారం వెంట తీసుకెళ్లడం మంచిది,0.0,ఆహారం వెంట తీసుకెళ్ధడం మంచిది,0.0,ఆహారం వెంట తీసుకెళ్తడం మంచిది,0.0,ఆహారం వెంట తీసుకెళ్ధడం మంచిది,0.0,ఆహారం వెంట తీసుకెళ్ధడం మంచిది
శరీరానికి వేడి చేస్తుంది,0.0,శరీరానికి వేడి చేస్లుంది,0.0,శరీరానికి వేడి చేస్లుంది,0.0,శరీరానికి వేడి చేస్లుంది,0.0,శరీరానికి వేడి చేస్లుంది
హోండా క్లిక్ స్కూటర్ సెమీ అర్బన్ మరియు రూరల్ ప్రాంతాలను టార్గెట్ చేస్తూ డిజైన్ చేయబడింది,0.0,హోండా క్గిక్ స్కూటర్ సెమీ అర్బన్ మరియు రూరల్ ప్రాంతాలను టార్ఠెట్ చేస్లూ డిజైన్ చేయబడింది,0.0,హోండా క్గిక్ స్కూటర్ సెమీ అర్బన్ మరియు రూరల్ ప్రాంతాలను టార్ఠెట్ చేస్లూ డిజైన్ చేయబడింది,0.0,హోండా క్తిక్ స్కూటర్ సెమీ అర్బన్ మరియు రూరల్ ప్రాంతాలను టార్ఠెట్ చేస్లూ డిజైన్ చేయబడింది,0.0,హోండా క్గిక్ స్కూటర్ సెమీ అర్బన్ మరియు రూరల్ ప్రాంతాలను టార్లెట్ చేస్లూ డిజైన్ చేయబడింది
దేశంలో అతి తక్కువ వర్షపాతం నమోదవుతున్న జిల్లాల్లో అనంతపురం ఒకటి రెండు స్థానాల్లో ఉంది,0.0,దేశంలో అతి తక్కువ వర్షపాతం నమోదవుతున్ప జిల్ధాల్తో అనంతపురం ఒకటి రెండు స్థానాల్గో ఉంది,0.0,దేశంలో అతి తక్కువ వర్షపాతం నమోదవుతున్వ జిల్తాల్గో అనంతపురం ఒకటి రెండు స్థానాల్తో ఉంది,0.0,దేశంలో అతి తక్కువ వర్షపాతం నమోదవుతున్ప జిల్ధాల్ధో అనంతపురం ఒకటి రెండు స్థానాల్తో ఉంది,0.0,దేశంలో అతి తక్కువ వర్షపాతం నమోదవుతున్ప జిల్తాల్ధో అనంతపురం ఒకటి రెండు స్థానాల్ధో ఉంది
వైద్యులు కూడా ఆందోళన చేస్తున్నారు,0.0,వైద్యులు కూడా ఆందోళన చేస్లున్వారు,0.0,వైద్యులు కూడా ఆందోళన చేస్లున్వారు,0.0,వైద్యులు కూడా ఆందోళన చేస్లున్వారు,0.0,వైద్యులు కూడా ఆందోళన చేస్లున్పారు
ఈ మేరకు ఆయన ఓ ట్వీట్ పెట్టారు,0.0,ఈ మేరకు ఆయన ఓ ట్పీట్ పెట్టారు,0.0,ఈ మేరకు ఆయన ఓ ట్చీట్ పెట్టారు,0.0,ఈ మేరకు ఆయన ఓ ట్యీట్ పెట్టారు,0.0,ఈ మేరకు ఆయన ఓ ట్యీట్ పెట్టారు
డెప్సాంగ్ నాలా ప్రవాహం పడమటి నుండి ఈ గండి లోకి ప్రవహించి కిజిల్ లాంగర్ వద్ద దక్షిణానికి తిరుగుతుంది,0.0,డెప్వాంగ్ నాలా ప్రవాహం పడమటి నుండి ఈ గండి లోకి ప్రవహించి కిజిల్ లాంగర్ వద్  దక్షిణానికి తిరుగుతుంది,0.0,డెప్వాంగ్ నాలా ప్రవాహం పడమటి నుండి ఈ గండి లోకి ప్రవహించి కిజిల్ లాంగర్ వద్ధ దక్షిణానికి తిరుగుతుంది,0.0,డెప్నాంగ్ నాలా ప్రవాహం పడమటి నుండి ఈ గండి లోకి ప్రవహించి కిజిల్ లాంగర్ వద్డ దక్షిణానికి తిరుగుతుంది,0.0,డెప్వాంగ్ నాలా ప్రవాహం పడమటి నుండి ఈ గండి లోకి ప్రవహించి కిజిల్ లాంగర్ వద్ధ దక్షిణానికి తిరుగుతుంది
ఈయన రెండు హత్య కేసుల్లో దోషిగా తేలారు,0.0,ఈయన రెండు హత్య కేసుల్గో దోషిగా తేలారు,0.0,ఈయన రెండు హత్య కేసుల్ధో దోషిగా తేలారు,0.0,ఈయన రెండు హత్య కేసుల్తో దోషిగా తేలారు,0.0,ఈయన రెండు హత్య కేసుల్గో దోషిగా తేలారు
నీకు నేనున్నాను అంటూ హామీ ఇచ్చాడు,0.0,నీకు నేనున్వాను అంటూ హామీ ఇచ్సాడు,0.0,నీకు నేనున్వాను అంటూ హామీ ఇచ్సాడు,0.0,నీకు నేనున్వాను అంటూ హామీ ఇచ్సాడు,0.0,నీకు నేనున్పాను అంటూ హామీ ఇచ్వాడు
నాకు సంబంధించినంత వరకు,0.0,నాకు సంబంధించినంత వరకు,0.0,నాకు సంబంధించినంత వరకు,0.0,నాకు సంబంధించినంత వరకు,0.0,నాకు సంబంధించినంత వరకు
ఇందులో చాలా విశేషాలు ఉన్నాయి,0.0,ఇందులో చాలా విశేషాలు ఉన్వాయి,0.0,ఇందులో చాలా విశేషాలు ఉన్వాయి,0.0,ఇందులో చాలా విశేషాలు ఉన్వాయి,0.0,ఇందులో చాలా విశేషాలు ఉన్పాయి
సుకుమార్ దర్శకత్వంలో అల్లు అర్జున్ కథానాయకుడిగా ఒక సినిమా తెరకెక్కనుంది,0.0,సుకుమార్ దర్మకత్నంలో అల్గు అర్జున్ కథానాయకుడిగా ఒక సినిమా తెరకెక్కనుంది,0.0,సుకుమార్ దర్మకత్సంలో అల్గు అర్జున్ కథానాయకుడిగా ఒక సినిమా తెరకెక్కనుంది,0.0,సుకుమార్ దర్మకత్పంలో అల్ధు అర్జున్ కథానాయకుడిగా ఒక సినిమా తెరకెక్కనుంది,0.0,సుకుమార్ దర్మకత్చంలో అల్తు అర్జున్ కథానాయకుడిగా ఒక సినిమా తెరకెక్కనుంది
ఇది పూర్తయ్యిపోయింది,0.0,ఇది పూర్లయ్యిపోయింది,0.0,ఇది పూర్లయ్యిపోయింది,0.0,ఇది పూర్లయ్యిపోయింది,0.0,ఇది పూర్లయ్యిపోయింది
ఇది పురుషులు స్త్రీలు ఇద్దరికీ వర్తిస్తుంది,0.0,ఇది పురుషులు స్ల్రీలు ఇద్ధరికీ వర్లిస్లుంది,0.0,ఇది పురుషులు స్ల్రీలు ఇద్ధరికీ వర్లిస్లుంది,0.0,ఇది పురుషులు స్ల్రీలు ఇద్ రికీ వర్లిస్లుంది,0.0,ఇది పురుషులు స్ల్రీలు ఇద్డరికీ వర్లిస్లుంది
అదంతా ఒక కలగా అనిపిస్తుందతనికి,0.0,అదంతా ఒక కలగా అనిపిస్లుందతనికి,0.0,అదంతా ఒక కలగా అనిపిస్లుందతనికి,0.0,అదంతా ఒక కలగా అనిపిస్లుందతనికి,0.0,అదంతా ఒక కలగా అనిపిస్లుందతనికి
మనకంటూ మన జీవితాలున్నాయి,0.0,మనకంటూ మన జీవితాలున్వాయి,0.0,మనకంటూ మన జీవితాలున్వాయి,0.0,మనకంటూ మన జీవితాలున్పాయి,0.0,మనకంటూ మన జీవితాలున్పాయి
వెల్లుల్లికి సూర్యకాంతి చాలా అవసరం,0.0,వెల్గుల్గికి సూర్యకాంతి చాలా అవసరం,0.0,వెల్తుల్గికి సూర్యకాంతి చాలా అవసరం,0.0,వెల్గుల్తికి సూర్యకాంతి చాలా అవసరం,0.0,వెల్గుల్ధికి సూర్యకాంతి చాలా అవసరం
అపహాసకులకు తీర్పులును బుద్ధిహీనుల వీపులకు దెబ్బలును నియమింపబడినవి,0.0,అపహాసకులకు తీర్వులును బుద్డిహీనుల వీపులకు దెబ్బలును నియమింపబడినవి,0.0,అపహాసకులకు తీర్యులును బుద్డిహీనుల వీపులకు దెబ్బలును నియమింపబడినవి,0.0,అపహాసకులకు తీర్నులును బుద్దిహీనుల వీపులకు దెబ్బలును నియమింపబడినవి,0.0,అపహాసకులకు తీర్సులును బుద్లిహీనుల వీపులకు దెబ్బలును నియమింపబడినవి
పంజాబ్ కెప్టెన్ కేఎల్ రాహుల్ జట్టును ముందుండి నడిపించాడు,0.0,పంజాబ్ కెప్టెన్ కేఎల్ రాహుల్ జట్టును ముందుండి నడిపించాడు,0.0,పంజాబ్ కెప్టెన్ కేఎల్ రాహుల్ జట్టును ముందుండి నడిపించాడు,0.0,పంజాబ్ కెప్టెన్ కేఎల్ రాహుల్ జట్టును ముందుండి నడిపించాడు,0.0,పంజాబ్ కెప్టెన్ కేఎల్ రాహుల్ జట్టును ముందుండి నడిపించాడు
లక్షల సాయం అందించారు,0.0,లక్షల సాయం అందించారు,0.0,లక్షల సాయం అందించారు,0.0,లక్షల సాయం అందించారు,0.0,లక్షల సాయం అందించారు
మీకు సమాధానంగానే,0.0,మీకు సమాధానంగానే,0.0,మీకు సమాధానంగానే,0.0,మీకు సమాధానంగానే,0.0,మీకు సమాధానంగానే
లేదంటే నేను రాజకీయాల నుంచి వైదొలగుతాను అని చెప్పారు,0.0,లేదంటే నేను రాజకీయాల నుంచి వైదొలగుతాను అని చెప్వారు,0.0,లేదంటే నేను రాజకీయాల నుంచి వైదొలగుతాను అని చెప్యారు,0.0,లేదంటే నేను రాజకీయాల నుంచి వైదొలగుతాను అని చెప్యారు,0.0,లేదంటే నేను రాజకీయాల నుంచి వైదొలగుతాను అని చెప్వారు
నిత్యం జాగ్రత్తపడాలి,0.0,నిత్యం జాగ్రత్లపడాలి,0.0,నిత్యం జాగ్రత్లపడాలి,0.0,నిత్యం జాగ్రత్లపడాలి,0.0,నిత్యం జాగ్రత్లపడాలి
అవన్నీ బిజెపి కోల్పోయిన సీట్లు,0.0,అవన్వీ బిజెపి కోల్నోయిన సీట్గు,0.0,అవన్వీ బిజెపి కోల్నోయిన సీట్గు,0.0,అవన్వీ బిజెపి కోల్యోయిన సీట్గు,0.0,అవన్పీ బిజెపి కోల్యోయిన సీట్గు
విడుదలైన ప్రతి ప్రాంతంలో ఈ సినిమా విజయవిహారం చేస్తోంది,0.0,విడుదలైన ప్రతి ప్రాంతంలో ఈ సినిమా విజయవిహారం చేస్లోంది,0.0,విడుదలైన ప్రతి ప్రాంతంలో ఈ సినిమా విజయవిహారం చేస్లోంది,0.0,విడుదలైన ప్రతి ప్రాంతంలో ఈ సినిమా విజయవిహారం చేస్లోంది,0.0,విడుదలైన ప్రతి ప్రాంతంలో ఈ సినిమా విజయవిహారం చేస్లోంది
అతడు తలయెత్తి కిటికీ తట్టు చూచినా పక్షమందున్న వారెవరని అడుగగా ఇద్దరు ముగ్గురు పరిచారకులు పైనుండి తొంగిచూచిరి,0.0,అతడు తలయెత్లి కిటికీ తట్టు చూచినా పక్షమందున్ప వారెవరని అడుగగా ఇద్డరు ముగ్లురు పరిచారకులు పైనుండి తొంగిచూచిరి,0.0,అతడు తలయెత్లి కిటికీ తట్టు చూచినా పక్షమందున్ప వారెవరని అడుగగా ఇద్ధరు ముగ్లురు పరిచారకులు పైనుండి తొంగిచూచిరి,0.0,అతడు తలయెత్లి కిటికీ తట్టు చూచినా పక్షమందున్ప వారెవరని అడుగగా ఇద్ధరు ముగ్ధురు పరిచారకులు పైనుండి తొంగిచూచిరి,0.0,అతడు తలయెత్లి కిటికీ తట్టు చూచినా పక్షమందున్ప వారెవరని అడుగగా ఇద్ రు ముగ్ఠురు పరిచారకులు పైనుండి తొంగిచూచిరి
నాకో బలమైన కోరిక ఉంది,0.0,నాకో బలమైన కోరిక ఉంది,0.0,నాకో బలమైన కోరిక ఉంది,0.0,నాకో బలమైన కోరిక ఉంది,0.0,నాకో బలమైన కోరిక ఉంది
ఒప్పందం ప్రకారం,0.0,ఒప్నందం ప్రకారం,0.0,ఒప్నందం ప్రకారం,0.0,ఒప్నందం ప్రకారం,0.0,ఒప్సందం ప్రకారం
ఏ వాగ్దానాలూ చేయను,0.0,ఏ వాగ్ ానాలూ చేయను,0.0,ఏ వాగ్ ానాలూ చేయను,0.0,ఏ వాగ్డానాలూ చేయను,0.0,ఏ వాగ్ధానాలూ చేయను
ఈ పిటిషన్ విచారణను హైకోర్టు ధర్మాసనం ఇవాళ విచారించింది,0.0,ఈ పిటిషన్ విచారణను హైకోర్టు ధర్శాసనం ఇవాళ విచారించింది,0.0,ఈ పిటిషన్ విచారణను హైకోర్టు ధర్శాసనం ఇవాళ విచారించింది,0.0,ఈ పిటిషన్ విచారణను హైకోర్టు ధర్శాసనం ఇవాళ విచారించింది,0.0,ఈ పిటిషన్ విచారణను హైకోర్టు ధర్శాసనం ఇవాళ విచారించింది
విజయవాడకు ఆ పేరు రావటం వెనుక ఒక కధ ఉంది,0.0,విజయవాడకు ఆ పేరు రావటం వెనుక ఒక కధ ఉంది,0.0,విజయవాడకు ఆ పేరు రావటం వెనుక ఒక కధ ఉంది,0.0,విజయవాడకు ఆ పేరు రావటం వెనుక ఒక కధ ఉంది,0.0,విజయవాడకు ఆ పేరు రావటం వెనుక ఒక కధ ఉంది
సంఘటన స్థలంలో శిథిలాల తొలగింపు చర్యలు చేపట్టినట్టు ఎన్డీఆర్ఎఫ్ డీజీ సంజయ్ కుమార్ తెలిపారు,0.0,సంఘటన స్థలంలో శిథిలాల తొలగింపు చర్యలు చేపట్టినట్టు ఎన్ధీఆర్ఎఫ్ డీజీ సంజయ్ కుమార్ తెలిపారు,0.0,సంఘటన స్థలంలో శిథిలాల తొలగింపు చర్యలు చేపట్టినట్టు ఎన్ధీఆర్ఎఫ్ డీజీ సంజయ్ కుమార్ తెలిపారు,0.0,సంఘటన స్థలంలో శిథిలాల తొలగింపు చర్యలు చేపట్టినట్టు ఎన్ధీఆర్ఎఫ్ డీజీ సంజయ్ కుమార్ తెలిపారు,0.0,సంఘటన స్థలంలో శిథిలాల తొలగింపు చర్యలు చేపట్టినట్టు ఎన్దీఆర్ఎఫ్ డీజీ సంజయ్ కుమార్ తెలిపారు
రాయి ముతక ఉప్పు మరియు నేల నల్ల మిరియాలు రుచి చూసే,0.0,రాయి ముతక ఉప్ను మరియు నేల నల్ధ మిరియాలు రుచి చూసే,0.0,రాయి ముతక ఉప్ను మరియు నేల నల్ధ మిరియాలు రుచి చూసే,0.0,రాయి ముతక ఉప్వు మరియు నేల నల్ధ మిరియాలు రుచి చూసే,0.0,రాయి ముతక ఉప్యు మరియు నేల నల్త మిరియాలు రుచి చూసే
ఈ నేపథ్యంలో కోర్ట్ రాహుల్ గాంధీకి మొట్టికాయలు కూడా వేసింది,0.0,ఈ నేపథ్యంలో కోర్ట్ రాహుల్ గాంధీకి మొట్టికాయలు కూడా వేసింది,0.0,ఈ నేపథ్యంలో కోర్ట్ రాహుల్ గాంధీకి మొట్టికాయలు కూడా వేసింది,0.0,ఈ నేపథ్యంలో కోర్ట్ రాహుల్ గాంధీకి మొట్టికాయలు కూడా వేసింది,0.0,ఈ నేపథ్యంలో కోర్ట్ రాహుల్ గాంధీకి మొట్టికాయలు కూడా వేసింది
సర్వోన్నత న్యాయస్థానం చీఫ్ జస్టిస్ దీపక్ మిశ్రా నేతృత్వంలోని ధర్మాసనం ఈ మేరకు ఆదేశాలు జారీ చేసింది,0.0,సర్చోన్వత న్యాయస్థానం చీఫ్ జస్టిస్ దీపక్ మిశ్రా నేతృత్సంలోని ధర్శాసనం ఈ మేరకు ఆదేశాలు జారీ చేసింది,0.0,సర్చోన్వత న్యాయస్థానం చీఫ్ జస్టిస్ దీపక్ మిశ్రా నేతృత్యంలోని ధర్శాసనం ఈ మేరకు ఆదేశాలు జారీ చేసింది,0.0,సర్నోన్వత న్యాయస్థానం చీఫ్ జస్టిస్ దీపక్ మిశ్రా నేతృత్నంలోని ధర్శాసనం ఈ మేరకు ఆదేశాలు జారీ చేసింది,0.0,సర్యోన్పత న్యాయస్థానం చీఫ్ జస్టిస్ దీపక్ మిశ్రా నేతృత్సంలోని ధర్శాసనం ఈ మేరకు ఆదేశాలు జారీ చేసింది
ఎందుకు ఆత్మహత్య చేసుకోవాలనుకున్నాడో వివరాలు తెలియలేదు,0.0,ఎందుకు ఆత్శహత్య చేసుకోవాలనుకున్వాడో వివరాలు తెలియలేదు,0.0,ఎందుకు ఆత్శహత్య చేసుకోవాలనుకున్పాడో వివరాలు తెలియలేదు,0.0,ఎందుకు ఆత్శహత్య చేసుకోవాలనుకున్పాడో వివరాలు తెలియలేదు,0.0,ఎందుకు ఆత్శహత్య చేసుకోవాలనుకున్పాడో వివరాలు తెలియలేదు
డాలర్తో రూపాయి మారకపు విలువ నష్టాల్లోనే నమోదైంది,0.0,డాలర్లో రూపాయి మారకపు విలువ నష్టాల్ధోనే నమోదైంది,0.0,డాలర్లో రూపాయి మారకపు విలువ నష్టాల్గోనే నమోదైంది,0.0,డాలర్లో రూపాయి మారకపు విలువ నష్టాల్తోనే నమోదైంది,0.0,డాలర్లో రూపాయి మారకపు విలువ నష్టాల్తోనే నమోదైంది
హైదరాబాద్ లో యుఎఇ రాయబార కార్యాలయం ఏర్పాటుకు సంబంధించి ఇద్దరి మధ్య చర్చలు జరుగుతాయి,0.0,హైదరాబాద్ లో యుఎఇ రాయబార కార్యాలయం ఏర్వాటుకు సంబంధించి ఇద్ధరి మధ్య చర్వలు జరుగుతాయి,0.0,హైదరాబాద్ లో యుఎఇ రాయబార కార్యాలయం ఏర్నాటుకు సంబంధించి ఇద్డరి మధ్య చర్వలు జరుగుతాయి,0.0,హైదరాబాద్ లో యుఎఇ రాయబార కార్యాలయం ఏర్యాటుకు సంబంధించి ఇద్డరి మధ్య చర్వలు జరుగుతాయి,0.0,హైదరాబాద్ లో యుఎఇ రాయబార కార్యాలయం ఏర్సాటుకు సంబంధించి ఇద్డరి మధ్య చర్వలు జరుగుతాయి
పోలీసులు ఈ రెండు కేసులపై దర్యాప్తు ప్రారంభించారు,0.0,పోలీసులు ఈ రెండు కేసులపై దర్యాప్లు ప్రారంభించారు,0.0,పోలీసులు ఈ రెండు కేసులపై దర్యాప్లు ప్రారంభించారు,0.0,పోలీసులు ఈ రెండు కేసులపై దర్యాప్లు ప్రారంభించారు,0.0,పోలీసులు ఈ రెండు కేసులపై దర్యాప్లు ప్రారంభించారు
లక్షల ఆదాయాన్ని కోల్పోతున్నట్లే,0.0,లక్షల ఆదాయాన్వి కోల్యోతున్వట్గే,0.0,లక్షల ఆదాయాన్వి కోల్సోతున్వట్ధే,0.0,లక్షల ఆదాయాన్వి కోల్సోతున్వట్తే,0.0,లక్షల ఆదాయాన్పి కోల్నోతున్వట్ధే
ఇతరుల కుయుక్తులకు లొంగరు,0.0,ఇతరుల కుయుక్లులకు లొంగరు,0.0,ఇతరుల కుయుక్లులకు లొంగరు,0.0,ఇతరుల కుయుక్లులకు లొంగరు,0.0,ఇతరుల కుయుక్లులకు లొంగరు
మీకు డబ్బు చెల్లించాల్సిన అవసరం లేదు,0.0,మీకు డబ్బు చెల్తించాల్పిన అవసరం లేదు,0.0,మీకు డబ్బు చెల్గించాల్నిన అవసరం లేదు,0.0,మీకు డబ్బు చెల్ధించాల్పిన అవసరం లేదు,0.0,మీకు డబ్బు చెల్తించాల్విన అవసరం లేదు
అందులో భాగంగా జి,0.0,అందులో భాగంగా జి,0.0,అందులో భాగంగా జి,0.0,అందులో భాగంగా జి,0.0,అందులో భాగంగా జి
భారత్ జర్మనీల మధ్య భద్రతా విషయాల్లో సమర్థతను సహకారాలను పెంపొంది౦చేందుకు ఈ అవగాహన ఒప్పంద౦ ఉపయోగపడుతు౦దని భావిస్తున్నారు,0.0,భారత్ జర్శనీల మధ్య భద్రతా విషయాల్ధో సమర్థతను సహకారాలను పెంపొంది౦చేందుకు ఈ అవగాహన ఒప్సంద౦ ఉపయోగపడుతు౦దని భావిస్లున్పారు,0.0,భారత్ జర్శనీల మధ్య భద్రతా విషయాల్తో సమర్థతను సహకారాలను పెంపొంది౦చేందుకు ఈ అవగాహన ఒప్వంద౦ ఉపయోగపడుతు౦దని భావిస్లున్పారు,0.0,భారత్ జర్శనీల మధ్య భద్రతా విషయాల్ధో సమర్థతను సహకారాలను పెంపొంది౦చేందుకు ఈ అవగాహన ఒప్నంద౦ ఉపయోగపడుతు౦దని భావిస్లున్వారు,0.0,భారత్ జర్శనీల మధ్య భద్రతా విషయాల్గో సమర్థతను సహకారాలను పెంపొంది౦చేందుకు ఈ అవగాహన ఒప్యంద౦ ఉపయోగపడుతు౦దని భావిస్లున్పారు
గోపీచంద్ మలినేని దర్శకత్వంలో రవితేజ నటించనున్న సినిమా కోసం శృతిని తీసుకొన్నారు,0.0,గోపీచంద్ మలినేని దర్మకత్చంలో రవితేజ నటించనున్ప సినిమా కోసం శృతిని తీసుకొన్వారు,0.0,గోపీచంద్ మలినేని దర్మకత్యంలో రవితేజ నటించనున్వ సినిమా కోసం శృతిని తీసుకొన్వారు,0.0,గోపీచంద్ మలినేని దర్మకత్పంలో రవితేజ నటించనున్ప సినిమా కోసం శృతిని తీసుకొన్పారు,0.0,గోపీచంద్ మలినేని దర్మకత్నంలో రవితేజ నటించనున్ప సినిమా కోసం శృతిని తీసుకొన్వారు
కోట్లు కేటాయించింది,0.0,కోట్గు కేటాయించింది,0.0,కోట్గు కేటాయించింది,0.0,కోట్ధు కేటాయించింది,0.0,కోట్గు కేటాయించింది
కోట్ల రూపాయలతో సినిమా నిర్మించాలని ప్లాన్ చేస్తున్నారట,0.0,కోట్ధ రూపాయలతో సినిమా నిర్శించాలని ప్ధాన్ చేస్లున్వారట,0.0,కోట్త రూపాయలతో సినిమా నిర్శించాలని ప్తాన్ చేస్లున్వారట,0.0,కోట్త రూపాయలతో సినిమా నిర్శించాలని ప్ధాన్ చేస్లున్పారట,0.0,కోట్త రూపాయలతో సినిమా నిర్శించాలని ప్తాన్ చేస్లున్పారట
ఇక్కడ మరిన్ని వివరాలు ఉన్నాయి,0.0,ఇక్కడ మరిన్పి వివరాలు ఉన్వాయి,0.0,ఇక్కడ మరిన్పి వివరాలు ఉన్వాయి,0.0,ఇక్కడ మరిన్పి వివరాలు ఉన్వాయి,0.0,ఇక్కడ మరిన్పి వివరాలు ఉన్వాయి
మల్టీ కనెక్టివిటీ ఆప్షన్స్,0.0,మల్టీ కనెక్టివిటీ ఆప్షన్ప్,0.0,మల్టీ కనెక్టివిటీ ఆప్షన్వ్,0.0,మల్టీ కనెక్టివిటీ ఆప్షన్చ్,0.0,మల్టీ కనెక్టివిటీ ఆప్షన్న్
మనం వాళ్లతో తూగలేం,0.0,మనం వాళ్గతో తూగలేం,0.0,మనం వాళ్ధతో తూగలేం,0.0,మనం వాళ్గతో తూగలేం,0.0,మనం వాళ్ధతో తూగలేం
అందుకు మార్గదర్శకాలను విడుదల చేసింది ఏపీ ప్రభుత్వం,0.0,అందుకు మార్ఠదర్మకాలను విడుదల చేసింది ఏపీ ప్రభుత్చం,0.0,అందుకు మార్లదర్మకాలను విడుదల చేసింది ఏపీ ప్రభుత్పం,0.0,అందుకు మార్లదర్మకాలను విడుదల చేసింది ఏపీ ప్రభుత్యం,0.0,అందుకు మార్ధదర్మకాలను విడుదల చేసింది ఏపీ ప్రభుత్పం
కనీసం సినిమా అయినా చూసారా,0.0,కనీసం సినిమా అయినా చూసారా,0.0,కనీసం సినిమా అయినా చూసారా,0.0,కనీసం సినిమా అయినా చూసారా,0.0,కనీసం సినిమా అయినా చూసారా
సంవత్సరాలలో చిరంజీవి రాజకీయాలలోకి రావాలని రాష్ట్రమంతటా ప్రదర్శనలు జరిగాయి,0.0,సంవత్చరాలలో చిరంజీవి రాజకీయాలలోకి రావాలని రాష్ట్రమంతటా ప్రదర్మనలు జరిగాయి,0.0,సంవత్వరాలలో చిరంజీవి రాజకీయాలలోకి రావాలని రాష్ట్రమంతటా ప్రదర్మనలు జరిగాయి,0.0,సంవత్నరాలలో చిరంజీవి రాజకీయాలలోకి రావాలని రాష్ట్రమంతటా ప్రదర్మనలు జరిగాయి,0.0,సంవత్చరాలలో చిరంజీవి రాజకీయాలలోకి రావాలని రాష్ట్రమంతటా ప్రదర్మనలు జరిగాయి
మరియు అది ఎలా పొందగలదు,0.0,మరియు అది ఎలా పొందగలదు,0.0,మరియు అది ఎలా పొందగలదు,0.0,మరియు అది ఎలా పొందగలదు,0.0,మరియు అది ఎలా పొందగలదు
అయినా ఆ తండ్రి వినలేదు,0.0,అయినా ఆ తండ్రి వినలేదు,0.0,అయినా ఆ తండ్రి వినలేదు,0.0,అయినా ఆ తండ్రి వినలేదు,0.0,అయినా ఆ తండ్రి వినలేదు
వేలకు పెరిగింది,0.0,వేలకు పెరిగింది,0.0,వేలకు పెరిగింది,0.0,వేలకు పెరిగింది,0.0,వేలకు పెరిగింది
ముందు బౌలింగ్ చేస్తున్నాం,0.0,ముందు బౌలింగ్ చేస్లున్పాం,0.0,ముందు బౌలింగ్ చేస్లున్వాం,0.0,ముందు బౌలింగ్ చేస్లున్పాం,0.0,ముందు బౌలింగ్ చేస్లున్వాం
రచయితల జట్టు,0.0,రచయితల జట్టు,0.0,రచయితల జట్టు,0.0,రచయితల జట్టు,0.0,రచయితల జట్టు
కూడంకుళం తమిళనాడు రాష్ట్రం తిరునల్వేలి జిల్లా లోని గ్రామం,0.0,కూడంకుళం తమిళనాడు రాష్ట్రం తిరునల్యేలి జిల్తా లోని గ్రామం,0.0,కూడంకుళం తమిళనాడు రాష్ట్రం తిరునల్పేలి జిల్తా లోని గ్రామం,0.0,కూడంకుళం తమిళనాడు రాష్ట్రం తిరునల్నేలి జిల్గా లోని గ్రామం,0.0,కూడంకుళం తమిళనాడు రాష్ట్రం తిరునల్చేలి జిల్ధా లోని గ్రామం
ఈ గంట వద్ద మీరు ఇబ్బంది కు క్షమించాలి,0.0,ఈ గంట వద్ధ మీరు ఇబ్బంది కు క్షమించాలి,0.0,ఈ గంట వద్  మీరు ఇబ్బంది కు క్షమించాలి,0.0,ఈ గంట వద్  మీరు ఇబ్బంది కు క్షమించాలి,0.0,ఈ గంట వద్ధ మీరు ఇబ్బంది కు క్షమించాలి
జిబి ర్యామ్ జిబి వేరియంట్ ఫోన్ రూ,0.0,జిబి ర్యామ్ జిబి వేరియంట్ ఫోన్ రూ,0.0,జిబి ర్యామ్ జిబి వేరియంట్ ఫోన్ రూ,0.0,జిబి ర్యామ్ జిబి వేరియంట్ ఫోన్ రూ,0.0,జిబి ర్యామ్ జిబి వేరియంట్ ఫోన్ రూ
మేం చాలా ఎంజాయ్ చేశాం,0.0,మేం చాలా ఎంజాయ్ చేశాం,0.0,మేం చాలా ఎంజాయ్ చేశాం,0.0,మేం చాలా ఎంజాయ్ చేశాం,0.0,మేం చాలా ఎంజాయ్ చేశాం
ఇది కొన్ని వారాల పాటు ఉంటుంది,0.0,ఇది కొన్వి వారాల పాటు ఉంటుంది,0.0,ఇది కొన్పి వారాల పాటు ఉంటుంది,0.0,ఇది కొన్పి వారాల పాటు ఉంటుంది,0.0,ఇది కొన్వి వారాల పాటు ఉంటుంది
ఇందులొ రూ,0.0,ఇందులొ రూ,0.0,ఇందులొ రూ,0.0,ఇందులొ రూ,0.0,ఇందులొ రూ
ఒక నేరం కథ,0.0,ఒక నేరం కథ,0.0,ఒక నేరం కథ,0.0,ఒక నేరం కథ,0.0,ఒక నేరం కథ
ఆయన పోరాటం తరువాత జైదీ కమ్యూనిటీ ఇరువురు శతృత్వ ఇమాముల మద్య విభజించబడ్డారు,0.0,ఆయన పోరాటం తరువాత జైదీ కమ్యూనిటీ ఇరువురు శతృత్న ఇమాముల మద్య విభజించబడ్ధారు,0.0,ఆయన పోరాటం తరువాత జైదీ కమ్యూనిటీ ఇరువురు శతృత్న ఇమాముల మద్య విభజించబడ్ధారు,0.0,ఆయన పోరాటం తరువాత జైదీ కమ్యూనిటీ ఇరువురు శతృత్స ఇమాముల మద్య విభజించబడ్దారు,0.0,ఆయన పోరాటం తరువాత జైదీ కమ్యూనిటీ ఇరువురు శతృత్య ఇమాముల మద్య విభజించబడ్దారు
అప్పటికే ఎన్నో సంవత్సరాలుగా ప్రకటిస్తున్న అనుభవం తిమోతికి ఉంది,0.0,అప్నటికే ఎన్వో సంవత్నరాలుగా ప్రకటిస్లున్ప అనుభవం తిమోతికి ఉంది,0.0,అప్నటికే ఎన్వో సంవత్చరాలుగా ప్రకటిస్లున్వ అనుభవం తిమోతికి ఉంది,0.0,అప్యటికే ఎన్పో సంవత్చరాలుగా ప్రకటిస్లున్వ అనుభవం తిమోతికి ఉంది,0.0,అప్వటికే ఎన్వో సంవత్వరాలుగా ప్రకటిస్లున్వ అనుభవం తిమోతికి ఉంది
ఢిల్లీ జమ్మూకశ్మీర్ విభజన ఆర్టికల్ రద్దు తరువాత భారత్ పాక్ సరిహద్దుల్లో ఉద్రిక్త పరిస్థితులు నెలకొన్నాయి,0.0,ఢిల్ధీ జమ్శూకశ్శీర్ విభజన ఆర్టికల్ రద్ధు తరువాత భారత్ పాక్ సరిహద్డుల్ధో ఉద్రిక్ల పరిస్థితులు నెలకొన్పాయి,0.0,ఢిల్గీ జమ్శూకశ్శీర్ విభజన ఆర్టికల్ రద్డు తరువాత భారత్ పాక్ సరిహద్ధుల్గో ఉద్రిక్ల పరిస్థితులు నెలకొన్పాయి,0.0,ఢిల్గీ జమ్శూకశ్శీర్ విభజన ఆర్టికల్ రద్ధు తరువాత భారత్ పాక్ సరిహద్ ుల్తో ఉద్రిక్ల పరిస్థితులు నెలకొన్పాయి,0.0,ఢిల్గీ జమ్శూకశ్శీర్ విభజన ఆర్టికల్ రద్ ు తరువాత భారత్ పాక్ సరిహద్ ుల్గో ఉద్రిక్ల పరిస్థితులు నెలకొన్వాయి
అయితే ఇవేవీ శాస్త్రీయం నిరూపితం కాలేదు,0.0,అయితే ఇవేవీ శాస్ల్రీయం నిరూపితం కాలేదు,0.0,అయితే ఇవేవీ శాస్ల్రీయం నిరూపితం కాలేదు,0.0,అయితే ఇవేవీ శాస్ల్రీయం నిరూపితం కాలేదు,0.0,అయితే ఇవేవీ శాస్ల్రీయం నిరూపితం కాలేదు
ప్రస్తుతం అతని పరిస్థితి విషమంగా ఉంది,0.0,ప్రస్లుతం అతని పరిస్థితి విషమంగా ఉంది,0.0,ప్రస్లుతం అతని పరిస్థితి విషమంగా ఉంది,0.0,ప్రస్లుతం అతని పరిస్థితి విషమంగా ఉంది,0.0,ప్రస్లుతం అతని పరిస్థితి విషమంగా ఉంది
కవరేజ్ వ్యవధి,0.0,కవరేజ్ వ్యవధి,0.0,కవరేజ్ వ్యవధి,0.0,కవరేజ్ వ్యవధి,0.0,కవరేజ్ వ్యవధి
ఈ నేపథ్యంలో ఇరు దేశాల మధ్య ఉద్రిక్తతలు పెరిగాయి,0.0,ఈ నేపథ్యంలో ఇరు దేశాల మధ్య ఉద్రిక్లతలు పెరిగాయి,0.0,ఈ నేపథ్యంలో ఇరు దేశాల మధ్య ఉద్రిక్లతలు పెరిగాయి,0.0,ఈ నేపథ్యంలో ఇరు దేశాల మధ్య ఉద్రిక్లతలు పెరిగాయి,0.0,ఈ నేపథ్యంలో ఇరు దేశాల మధ్య ఉద్రిక్లతలు పెరిగాయి
వాసనను పసిగట్టే గుణం కోల్పోవటం,0.0,వాసనను పసిగట్టే గుణం కోల్నోవటం,0.0,వాసనను పసిగట్టే గుణం కోల్వోవటం,0.0,వాసనను పసిగట్టే గుణం కోల్యోవటం,0.0,వాసనను పసిగట్టే గుణం కోల్వోవటం
కోట్లుగా నిర్ణయించింది,0.0,కోట్ధుగా నిర్ణయించింది,0.0,కోట్గుగా నిర్ణయించింది,0.0,కోట్ధుగా నిర్ణయించింది,0.0,కోట్ధుగా నిర్ణయించింది
దాంతో ఆయన పోలీసులతో వాగ్వాదానికి దిగారు,0.0,దాంతో ఆయన పోలీసులతో వాగ్నాదానికి దిగారు,0.0,దాంతో ఆయన పోలీసులతో వాగ్సాదానికి దిగారు,0.0,దాంతో ఆయన పోలీసులతో వాగ్పాదానికి దిగారు,0.0,దాంతో ఆయన పోలీసులతో వాగ్చాదానికి దిగారు
వీళ్లిద్దరూ నాలుగో వికెట్కు పరుగులు జోడించారు,0.0,వీళ్ధిద్డరూ నాలుగో వికెట్కు పరుగులు జోడించారు,0.0,వీళ్తిద్ధరూ నాలుగో వికెట్కు పరుగులు జోడించారు,0.0,వీళ్ధిద్డరూ నాలుగో వికెట్కు పరుగులు జోడించారు,0.0,వీళ్తిద్డరూ నాలుగో వికెట్కు పరుగులు జోడించారు
కార్తీక్ సుబ్బరాజ్ డైరెక్ట్ చేసిన ఈ మూవీలో రజినీ కి జోడీగా త్రిషా సిమ్రన్ నటించారు,0.0,కార్లీక్ సుబ్బరాజ్ డైరెక్ట్ చేసిన ఈ మూవీలో రజినీ కి జోడీగా త్రిషా సిమ్రన్ నటించారు,0.0,కార్లీక్ సుబ్బరాజ్ డైరెక్ట్ చేసిన ఈ మూవీలో రజినీ కి జోడీగా త్రిషా సిమ్రన్ నటించారు,0.0,కార్లీక్ సుబ్బరాజ్ డైరెక్ట్ చేసిన ఈ మూవీలో రజినీ కి జోడీగా త్రిషా సిమ్రన్ నటించారు,0.0,కార్లీక్ సుబ్బరాజ్ డైరెక్ట్ చేసిన ఈ మూవీలో రజినీ కి జోడీగా త్రిషా సిమ్రన్ నటించారు
ఈ పిటిషన్లో విచారణకు స్వీకరించవలసిన యోగ్యత మాకు కనిపించలేదు అని ధర్మాసనం పేర్కొంది,0.0,ఈ పిటిషన్గో విచారణకు స్యీకరించవలసిన యోగ్యత మాకు కనిపించలేదు అని ధర్శాసనం పేర్కొంది,0.0,ఈ పిటిషన్గో విచారణకు స్పీకరించవలసిన యోగ్యత మాకు కనిపించలేదు అని ధర్శాసనం పేర్కొంది,0.0,ఈ పిటిషన్ధో విచారణకు స్చీకరించవలసిన యోగ్యత మాకు కనిపించలేదు అని ధర్శాసనం పేర్కొంది,0.0,ఈ పిటిషన్ధో విచారణకు స్సీకరించవలసిన యోగ్యత మాకు కనిపించలేదు అని ధర్శాసనం పేర్కొంది
భోజనం చేసిన తర్వాత వెంటనే నీళ్ళు త్రాగకండి,0.0,భోజనం చేసిన తర్పాత వెంటనే నీళ్ళు త్రాగకండి,0.0,భోజనం చేసిన తర్నాత వెంటనే నీళ్ళు త్రాగకండి,0.0,భోజనం చేసిన తర్యాత వెంటనే నీళ్ళు త్రాగకండి,0.0,భోజనం చేసిన తర్చాత వెంటనే నీళ్ళు త్రాగకండి
సూర్యుడు ఆకాశమధ్యమున నిలిచి యించు మించు ఒక నా డెల్ల అస్తమింప త్వరపడలేదు,0.0,సూర్యుడు ఆకాశమధ్యమున నిలిచి యించు మించు ఒక నా డెల్గ అస్లమింప త్నరపడలేదు,0.0,సూర్యుడు ఆకాశమధ్యమున నిలిచి యించు మించు ఒక నా డెల్త అస్లమింప త్పరపడలేదు,0.0,సూర్యుడు ఆకాశమధ్యమున నిలిచి యించు మించు ఒక నా డెల్త అస్లమింప త్యరపడలేదు,0.0,సూర్యుడు ఆకాశమధ్యమున నిలిచి యించు మించు ఒక నా డెల్గ అస్లమింప త్చరపడలేదు
భారత్ సర్వ మతాల కలయిక గల సెక్యులర్ దేశమని ఆయన అన్నారు,0.0,భారత్ సర్న మతాల కలయిక గల సెక్యులర్ దేశమని ఆయన అన్పారు,0.0,భారత్ సర్న మతాల కలయిక గల సెక్యులర్ దేశమని ఆయన అన్పారు,0.0,భారత్ సర్య మతాల కలయిక గల సెక్యులర్ దేశమని ఆయన అన్పారు,0.0,భారత్ సర్స మతాల కలయిక గల సెక్యులర్ దేశమని ఆయన అన్వారు
పరిశోధనకు సంబంధించిన కధనాన్ని సెక్సువల్ మెడిసిన్ జర్నల్లో ప్రచురించారు,0.0,పరిశోధనకు సంబంధించిన కధనాన్పి సెక్చువల్ మెడిసిన్ జర్వల్తో ప్రచురించారు,0.0,పరిశోధనకు సంబంధించిన కధనాన్పి సెక్పువల్ మెడిసిన్ జర్వల్ధో ప్రచురించారు,0.0,పరిశోధనకు సంబంధించిన కధనాన్పి సెక్వువల్ మెడిసిన్ జర్పల్తో ప్రచురించారు,0.0,పరిశోధనకు సంబంధించిన కధనాన్వి సెక్పువల్ మెడిసిన్ జర్వల్గో ప్రచురించారు
చర్చల ద్వారా సమస్యలను పరిష్కరించు కోవాలి,0.0,చర్వల ద్సారా సమస్యలను పరిష్కరించు కోవాలి,0.0,చర్సల ద్సారా సమస్యలను పరిష్కరించు కోవాలి,0.0,చర్వల ద్యారా సమస్యలను పరిష్కరించు కోవాలి,0.0,చర్సల ద్చారా సమస్యలను పరిష్కరించు కోవాలి
భూ ప్రకంపనల సమయంలో ఇళ్లు కార్యాలయాల్లో ఉన్నవారు తీవ్ర భయాందోళనతో బయటకు పరుగులు తీశారు,0.0,భూ ప్రకంపనల సమయంలో ఇళ్తు కార్యాలయాల్తో ఉన్పవారు తీవ్ర భయాందోళనతో బయటకు పరుగులు తీశారు,0.0,భూ ప్రకంపనల సమయంలో ఇళ్గు కార్యాలయాల్తో ఉన్వవారు తీవ్ర భయాందోళనతో బయటకు పరుగులు తీశారు,0.0,భూ ప్రకంపనల సమయంలో ఇళ్తు కార్యాలయాల్గో ఉన్పవారు తీవ్ర భయాందోళనతో బయటకు పరుగులు తీశారు,0.0,భూ ప్రకంపనల సమయంలో ఇళ్గు కార్యాలయాల్గో ఉన్పవారు తీవ్ర భయాందోళనతో బయటకు పరుగులు తీశారు
చివరికి కాంగ్రెస్కే పట్టం కట్టారు,0.0,చివరికి కాంగ్రెస్కే పట్టం కట్టారు,0.0,చివరికి కాంగ్రెస్కే పట్టం కట్టారు,0.0,చివరికి కాంగ్రెస్కే పట్టం కట్టారు,0.0,చివరికి కాంగ్రెస్కే పట్టం కట్టారు
రాహుల్కు మోదీకి చాలా తేడా ఉందని అన్నారు,0.0,రాహుల్కు మోదీకి చాలా తేడా ఉందని అన్వారు,0.0,రాహుల్కు మోదీకి చాలా తేడా ఉందని అన్వారు,0.0,రాహుల్కు మోదీకి చాలా తేడా ఉందని అన్వారు,0.0,రాహుల్కు మోదీకి చాలా తేడా ఉందని అన్వారు
ఉదాహరణకు దావీదు రాజునే తీసుకోండి,0.0,ఉదాహరణకు దావీదు రాజునే తీసుకోండి,0.0,ఉదాహరణకు దావీదు రాజునే తీసుకోండి,0.0,ఉదాహరణకు దావీదు రాజునే తీసుకోండి,0.0,ఉదాహరణకు దావీదు రాజునే తీసుకోండి
ఎక్కడెక్కడి నుంచి,0.0,ఎక్కడెక్కడి నుంచి,0.0,ఎక్కడెక్కడి నుంచి,0.0,ఎక్కడెక్కడి నుంచి,0.0,ఎక్కడెక్కడి నుంచి
రెనో ఇండియా తమ క్విడ్ లీటర్ లో సీసీ సామర్థ్యం గల మూడు సిలిండర్ల పెట్రోల్ ఇంజన్ను అందించారు,0.0,రెనో ఇండియా తమ క్యిడ్ లీటర్ లో సీసీ సామర్థ్యం గల మూడు సిలిండర్త పెట్రోల్ ఇంజన్వు అందించారు,0.0,రెనో ఇండియా తమ క్నిడ్ లీటర్ లో సీసీ సామర్థ్యం గల మూడు సిలిండర్గ పెట్రోల్ ఇంజన్వు అందించారు,0.0,రెనో ఇండియా తమ క్నిడ్ లీటర్ లో సీసీ సామర్థ్యం గల మూడు సిలిండర్త పెట్రోల్ ఇంజన్వు అందించారు,0.0,రెనో ఇండియా తమ క్పిడ్ లీటర్ లో సీసీ సామర్థ్యం గల మూడు సిలిండర్త పెట్రోల్ ఇంజన్వు అందించారు
ఫ్లిప్కార్ట్ బిగ్ బిలియన్ డే సేల్లో అత్యధికంగా అమ్ముడుపోతున్న స్మార్ట్ఫోన్గా రెడ్మి నోట్ పేరులోకి వచ్చిన కంపెనీ చెప్పింది,0.0,ఫ్లిప్కార్ట్ బిగ్ బిలియన్ డే సేల్గో అత్యధికంగా అమ్శుడుపోతున్వ స్శార్ట్ఫోన్ధా రెడ్శి నోట్ పేరులోకి వచ్సిన కంపెనీ చెప్నింది,0.0,ఫ్లిప్కార్ట్ బిగ్ బిలియన్ డే సేల్తో అత్యధికంగా అమ్శుడుపోతున్ప స్శార్ట్ఫోన్ఠా రెడ్శి నోట్ పేరులోకి వచ్సిన కంపెనీ చెప్సింది,0.0,ఫ్లిప్కార్ట్ బిగ్ బిలియన్ డే సేల్గో అత్యధికంగా అమ్శుడుపోతున్ప స్శార్ట్ఫోన్లా రెడ్శి నోట్ పేరులోకి వచ్విన కంపెనీ చెప్యింది,0.0,ఫ్లిప్కార్ట్ బిగ్ బిలియన్ డే సేల్గో అత్యధికంగా అమ్శుడుపోతున్వ స్శార్ట్ఫోన్ధా రెడ్శి నోట్ పేరులోకి వచ్సిన కంపెనీ చెప్యింది
భవానీ ఐయ్యర్ విక్రమ్ తులి అర్షద్ సయ్యద్ మయాంక్ శర్మలు అందించిన కథను మయాంక్ శర్మ దర్శకత్వంలో రూపొందించారు,0.0,భవానీ ఐయ్యర్ విక్రమ్ తులి అర్షద్ సయ్యద్ మయాంక్ శర్శలు అందించిన కథను మయాంక్ శర్శ దర్మకత్సంలో రూపొందించారు,0.0,భవానీ ఐయ్యర్ విక్రమ్ తులి అర్షద్ సయ్యద్ మయాంక్ శర్శలు అందించిన కథను మయాంక్ శర్శ దర్మకత్పంలో రూపొందించారు,0.0,భవానీ ఐయ్యర్ విక్రమ్ తులి అర్షద్ సయ్యద్ మయాంక్ శర్శలు అందించిన కథను మయాంక్ శర్శ దర్మకత్పంలో రూపొందించారు,0.0,భవానీ ఐయ్యర్ విక్రమ్ తులి అర్షద్ సయ్యద్ మయాంక్ శర్శలు అందించిన కథను మయాంక్ శర్శ దర్మకత్యంలో రూపొందించారు
దీనిని గుర్తించిన ప్రభుత్వం తక్షణ చర్యలు తీసుకుని ప్రజలకు అండగా నిలిచింది,0.0,దీనిని గుర్లించిన ప్రభుత్యం తక్షణ చర్యలు తీసుకుని ప్రజలకు అండగా నిలిచింది,0.0,దీనిని గుర్లించిన ప్రభుత్పం తక్షణ చర్యలు తీసుకుని ప్రజలకు అండగా నిలిచింది,0.0,దీనిని గుర్లించిన ప్రభుత్చం తక్షణ చర్యలు తీసుకుని ప్రజలకు అండగా నిలిచింది,0.0,దీనిని గుర్లించిన ప్రభుత్నం తక్షణ చర్యలు తీసుకుని ప్రజలకు అండగా నిలిచింది
జాగ్వార్ ల్యాండ్ రోవర్ ఇప్పటికే కొన్ని మోడళ్లలో లీటర్ డీజిల్ ఇంజన్ను ఆఫర్ చేస్తోంది,0.0,జాగ్యార్ ల్యాండ్ రోవర్ ఇప్నటికే కొన్వి మోడళ్గలో లీటర్ డీజిల్ ఇంజన్వు ఆఫర్ చేస్లోంది,0.0,జాగ్నార్ ల్యాండ్ రోవర్ ఇప్సటికే కొన్వి మోడళ్గలో లీటర్ డీజిల్ ఇంజన్వు ఆఫర్ చేస్లోంది,0.0,జాగ్సార్ ల్యాండ్ రోవర్ ఇప్సటికే కొన్వి మోడళ్గలో లీటర్ డీజిల్ ఇంజన్వు ఆఫర్ చేస్లోంది,0.0,జాగ్యార్ ల్యాండ్ రోవర్ ఇప్నటికే కొన్వి మోడళ్ధలో లీటర్ డీజిల్ ఇంజన్పు ఆఫర్ చేస్లోంది
తరువాత వంకాయగుజ్జు వేసి కలపాలి,0.0,తరువాత వంకాయగుజ్జు వేసి కలపాలి,0.0,తరువాత వంకాయగుజ్జు వేసి కలపాలి,0.0,తరువాత వంకాయగుజ్జు వేసి కలపాలి,0.0,తరువాత వంకాయగుజ్జు వేసి కలపాలి
తెకోవ తండ్రియైన అష్షూరు నకు హెలా నయరా అను ఇద్దరు భార్యలుండిరి,0.0,తెకోవ తండ్రియైన అష్షూరు నకు హెలా నయరా అను ఇద్ధరు భార్యలుండిరి,0.0,తెకోవ తండ్రియైన అష్షూరు నకు హెలా నయరా అను ఇద్ధరు భార్యలుండిరి,0.0,తెకోవ తండ్రియైన అష్షూరు నకు హెలా నయరా అను ఇద్డరు భార్యలుండిరి,0.0,తెకోవ తండ్రియైన అష్షూరు నకు హెలా నయరా అను ఇద్ధరు భార్యలుండిరి
ఇక మెట్రో పునఃప్రారంభంపై ముఖ్యమంత్రి అరవింద్ కేజ్రీవాల్ ఆనందం వ్యక్తం చేశారు,0.0,ఇక మెట్రో పునఃప్రారంభంపై ముఖ్యమంత్రి అరవింద్ కేజ్రీవాల్ ఆనందం వ్యక్లం చేశారు,0.0,ఇక మెట్రో పునఃప్రారంభంపై ముఖ్యమంత్రి అరవింద్ కేజ్రీవాల్ ఆనందం వ్యక్లం చేశారు,0.0,ఇక మెట్రో పునఃప్రారంభంపై ముఖ్యమంత్రి అరవింద్ కేజ్రీవాల్ ఆనందం వ్యక్లం చేశారు,0.0,ఇక మెట్రో పునఃప్రారంభంపై ముఖ్యమంత్రి అరవింద్ కేజ్రీవాల్ ఆనందం వ్యక్లం చేశారు
ఇంట్లో వండుకున్న తాజా ఆహారం ఉత్తమం,0.0,ఇంట్గో వండుకున్వ తాజా ఆహారం ఉత్లమం,0.0,ఇంట్తో వండుకున్ప తాజా ఆహారం ఉత్లమం,0.0,ఇంట్గో వండుకున్వ తాజా ఆహారం ఉత్లమం,0.0,ఇంట్ధో వండుకున్వ తాజా ఆహారం ఉత్లమం
అతను ఎందుకు ఆత్మహత్య చేసుకున్నాడనే విషయం తెలియడం లేదు,0.0,అతను ఎందుకు ఆత్శహత్య చేసుకున్వాడనే విషయం తెలియడం లేదు,0.0,అతను ఎందుకు ఆత్శహత్య చేసుకున్వాడనే విషయం తెలియడం లేదు,0.0,అతను ఎందుకు ఆత్శహత్య చేసుకున్వాడనే విషయం తెలియడం లేదు,0.0,అతను ఎందుకు ఆత్శహత్య చేసుకున్పాడనే విషయం తెలియడం లేదు
కానీ ఒకప్పుడు దీన్ని ఎవరు,0.0,కానీ ఒకప్నుడు దీన్పి ఎవరు,0.0,కానీ ఒకప్వుడు దీన్పి ఎవరు,0.0,కానీ ఒకప్సుడు దీన్వి ఎవరు,0.0,కానీ ఒకప్నుడు దీన్వి ఎవరు
బీజేపీ అభ్యర్థి బసవరాజ్ గెలుపు,0.0,బీజేపీ అభ్యర్థి బసవరాజ్ గెలుపు,0.0,బీజేపీ అభ్యర్థి బసవరాజ్ గెలుపు,0.0,బీజేపీ అభ్యర్థి బసవరాజ్ గెలుపు,0.0,బీజేపీ అభ్యర్థి బసవరాజ్ గెలుపు
దానికి వెనుక కారణం ఏంటి,0.0,దానికి వెనుక కారణం ఏంటి,0.0,దానికి వెనుక కారణం ఏంటి,0.0,దానికి వెనుక కారణం ఏంటి,0.0,దానికి వెనుక కారణం ఏంటి
మరో యువకుడు గాయపడ్డాడు,0.0,మరో యువకుడు గాయపడ్ధాడు,0.0,మరో యువకుడు గాయపడ్ధాడు,0.0,మరో యువకుడు గాయపడ్దాడు,0.0,మరో యువకుడు గాయపడ్దాడు
శాతం ఉత్తీర్ణత లభించింది,0.0,శాతం ఉత్లీర్ణత లభించింది,0.0,శాతం ఉత్లీర్ణత లభించింది,0.0,శాతం ఉత్లీర్ణత లభించింది,0.0,శాతం ఉత్లీర్ణత లభించింది
ఇవన్నీ ఎందుకు చేస్తుంటారనే సందేహం చాలా మందికి ఉంటుంది,0.0,ఇవన్పీ ఎందుకు చేస్లుంటారనే సందేహం చాలా మందికి ఉంటుంది,0.0,ఇవన్వీ ఎందుకు చేస్లుంటారనే సందేహం చాలా మందికి ఉంటుంది,0.0,ఇవన్పీ ఎందుకు చేస్లుంటారనే సందేహం చాలా మందికి ఉంటుంది,0.0,ఇవన్పీ ఎందుకు చేస్లుంటారనే సందేహం చాలా మందికి ఉంటుంది
ఈ తతంగం అంతా సోషల్ మీడియాలో వైరల్ గా మారింది,0.0,ఈ తతంగం అంతా సోషల్ మీడియాలో వైరల్ గా మారింది,0.0,ఈ తతంగం అంతా సోషల్ మీడియాలో వైరల్ గా మారింది,0.0,ఈ తతంగం అంతా సోషల్ మీడియాలో వైరల్ గా మారింది,0.0,ఈ తతంగం అంతా సోషల్ మీడియాలో వైరల్ గా మారింది
క్రీస్తుయేసు విమోచన క్రయధన బలి,0.0,క్రీస్లుయేసు విమోచన క్రయధన బలి,0.0,క్రీస్లుయేసు విమోచన క్రయధన బలి,0.0,క్రీస్లుయేసు విమోచన క్రయధన బలి,0.0,క్రీస్లుయేసు విమోచన క్రయధన బలి
మంది చనిపోయారు,0.0,మంది చనిపోయారు,0.0,మంది చనిపోయారు,0.0,మంది చనిపోయారు,0.0,మంది చనిపోయారు
దీంతో వెంటనే స్పందించిన పాకిస్థాన్ మరుసటి రోజు భారత ఆర్మీ స్థావరాలపై వైమానిక దాడులకు సిద్ధమవగా భారత్ వాయుసేన అడ్డుకుంది,0.0,దీంతో వెంటనే స్నందించిన పాకిస్థాన్ మరుసటి రోజు భారత ఆర్శీ స్థావరాలపై వైమానిక దాడులకు సిద్గమవగా భారత్ వాయుసేన అడ్దుకుంది,0.0,దీంతో వెంటనే స్సందించిన పాకిస్థాన్ మరుసటి రోజు భారత ఆర్శీ స్థావరాలపై వైమానిక దాడులకు సిద్గమవగా భారత్ వాయుసేన అడ్ధుకుంది,0.0,దీంతో వెంటనే స్నందించిన పాకిస్థాన్ మరుసటి రోజు భారత ఆర్శీ స్థావరాలపై వైమానిక దాడులకు సిద్గమవగా భారత్ వాయుసేన అడ్దుకుంది,0.0,దీంతో వెంటనే స్నందించిన పాకిస్థాన్ మరుసటి రోజు భారత ఆర్శీ స్థావరాలపై వైమానిక దాడులకు సిద్డమవగా భారత్ వాయుసేన అడ్ధుకుంది
తల్లిదండ్రుల్ని తమ్మున్ని చంపిన మైనర్ బాలుడు,0.0,తల్ధిదండ్రుల్పి తమ్శున్వి చంపిన మైనర్ బాలుడు,0.0,తల్తిదండ్రుల్వి తమ్శున్వి చంపిన మైనర్ బాలుడు,0.0,తల్తిదండ్రుల్వి తమ్శున్పి చంపిన మైనర్ బాలుడు,0.0,తల్తిదండ్రుల్వి తమ్శున్వి చంపిన మైనర్ బాలుడు
ఇది మొత్తం ఏడు వేరియంట్లలో ఏడు ఆకర్షణీయమైన రంగులలో లభిస్తుంది,0.0,ఇది మొత్లం ఏడు వేరియంట్ధలో ఏడు ఆకర్షణీయమైన రంగులలో లభిస్లుంది,0.0,ఇది మొత్లం ఏడు వేరియంట్గలో ఏడు ఆకర్షణీయమైన రంగులలో లభిస్లుంది,0.0,ఇది మొత్లం ఏడు వేరియంట్ధలో ఏడు ఆకర్షణీయమైన రంగులలో లభిస్లుంది,0.0,ఇది మొత్లం ఏడు వేరియంట్తలో ఏడు ఆకర్షణీయమైన రంగులలో లభిస్లుంది
ఉదయం నుంచి సాయంత్రం వరకు దుకాణాలను తెరిచి ఉంచారు,0.0,ఉదయం నుంచి సాయంత్రం వరకు దుకాణాలను తెరిచి ఉంచారు,0.0,ఉదయం నుంచి సాయంత్రం వరకు దుకాణాలను తెరిచి ఉంచారు,0.0,ఉదయం నుంచి సాయంత్రం వరకు దుకాణాలను తెరిచి ఉంచారు,0.0,ఉదయం నుంచి సాయంత్రం వరకు దుకాణాలను తెరిచి ఉంచారు
మరోవైపు ఇదే ఘటనపై భారత విదేశాంగ మంత్రి సుష్మా స్వరాజ్ పాక్ ప్రధాని ఇమ్రాన్ ఖాన్ కు ట్వీట్ చేశారు,0.0,మరోవైపు ఇదే ఘటనపై భారత విదేశాంగ మంత్రి సుష్శా స్సరాజ్ పాక్ ప్రధాని ఇమ్రాన్ ఖాన్ కు ట్చీట్ చేశారు,0.0,మరోవైపు ఇదే ఘటనపై భారత విదేశాంగ మంత్రి సుష్శా స్నరాజ్ పాక్ ప్రధాని ఇమ్రాన్ ఖాన్ కు ట్యీట్ చేశారు,0.0,మరోవైపు ఇదే ఘటనపై భారత విదేశాంగ మంత్రి సుష్శా స్యరాజ్ పాక్ ప్రధాని ఇమ్రాన్ ఖాన్ కు ట్సీట్ చేశారు,0.0,మరోవైపు ఇదే ఘటనపై భారత విదేశాంగ మంత్రి సుష్శా స్చరాజ్ పాక్ ప్రధాని ఇమ్రాన్ ఖాన్ కు ట్యీట్ చేశారు
పూర్తి మెజార్టీకి కావాల్సిన స్థానాలను ఏ పార్టీ కూడా దక్కించుకోలేదు,0.0,పూర్లి మెజార్టీకి కావాల్విన స్థానాలను ఏ పార్టీ కూడా దక్కించుకోలేదు,0.0,పూర్లి మెజార్టీకి కావాల్పిన స్థానాలను ఏ పార్టీ కూడా దక్కించుకోలేదు,0.0,పూర్లి మెజార్టీకి కావాల్పిన స్థానాలను ఏ పార్టీ కూడా దక్కించుకోలేదు,0.0,పూర్లి మెజార్టీకి కావాల్నిన స్థానాలను ఏ పార్టీ కూడా దక్కించుకోలేదు
పండుగ సీజన్ దగ్గరకు వచ్చేస్తోంది,0.0,పండుగ సీజన్ దగ్ఠరకు వచ్వేస్లోంది,0.0,పండుగ సీజన్ దగ్ఠరకు వచ్సేస్లోంది,0.0,పండుగ సీజన్ దగ్ఠరకు వచ్సేస్లోంది,0.0,పండుగ సీజన్ దగ్ఠరకు వచ్వేస్లోంది
ఈ బహుశా కొంత నిజం,0.0,ఈ బహుశా కొంత నిజం,0.0,ఈ బహుశా కొంత నిజం,0.0,ఈ బహుశా కొంత నిజం,0.0,ఈ బహుశా కొంత నిజం
మంచి సినిమాలు చేయాలని కొత్తదనాన్ని అందించాలనే తపనే ఎన్టీఆర్ ఆర్ట్స్ను స్థాపించారు,0.0,మంచి సినిమాలు చేయాలని కొత్లదనాన్పి అందించాలనే తపనే ఎన్టీఆర్ ఆర్ట్న్వు స్థాపించారు,0.0,మంచి సినిమాలు చేయాలని కొత్లదనాన్పి అందించాలనే తపనే ఎన్టీఆర్ ఆర్ట్వ్వు స్థాపించారు,0.0,మంచి సినిమాలు చేయాలని కొత్లదనాన్వి అందించాలనే తపనే ఎన్టీఆర్ ఆర్ట్న్పు స్థాపించారు,0.0,మంచి సినిమాలు చేయాలని కొత్లదనాన్పి అందించాలనే తపనే ఎన్టీఆర్ ఆర్ట్ప్వు స్థాపించారు
మసాజ్ చేయించుకోవడం వల్ల వెన్ను నొప్పికి కారణమయ్యే కండరాలకు ఉపశమనం కలిగిస్తుంది,0.0,మసాజ్ చేయించుకోవడం వల్గ వెన్పు నొప్నికి కారణమయ్యే కండరాలకు ఉపశమనం కలిగిస్లుంది,0.0,మసాజ్ చేయించుకోవడం వల్గ వెన్వు నొప్యికి కారణమయ్యే కండరాలకు ఉపశమనం కలిగిస్లుంది,0.0,మసాజ్ చేయించుకోవడం వల్ధ వెన్పు నొప్యికి కారణమయ్యే కండరాలకు ఉపశమనం కలిగిస్లుంది,0.0,మసాజ్ చేయించుకోవడం వల్ధ వెన్వు నొప్నికి కారణమయ్యే కండరాలకు ఉపశమనం కలిగిస్లుంది
వందలు కాదు వేలు కాదు ఏకంగా లక్షల కోట్లు గంటల వ్యవధిలోనే లక్షల కోట్ల రూపాయలు సంపాదించారు,0.0,వందలు కాదు వేలు కాదు ఏకంగా లక్షల కోట్గు గంటల వ్యవధిలోనే లక్షల కోట్ధ రూపాయలు సంపాదించారు,0.0,వందలు కాదు వేలు కాదు ఏకంగా లక్షల కోట్గు గంటల వ్యవధిలోనే లక్షల కోట్గ రూపాయలు సంపాదించారు,0.0,వందలు కాదు వేలు కాదు ఏకంగా లక్షల కోట్ధు గంటల వ్యవధిలోనే లక్షల కోట్గ రూపాయలు సంపాదించారు,0.0,వందలు కాదు వేలు కాదు ఏకంగా లక్షల కోట్తు గంటల వ్యవధిలోనే లక్షల కోట్గ రూపాయలు సంపాదించారు
బుల్లోడికి గట్టి పోటీ,0.0,బుల్తోడికి గట్టి పోటీ,0.0,బుల్ధోడికి గట్టి పోటీ,0.0,బుల్ధోడికి గట్టి పోటీ,0.0,బుల్గోడికి గట్టి పోటీ
ఈ చిత్రానికి సంబంధించి ఒక పాట మినహా షూటింగ్ పూర్తయింది,0.0,ఈ చిత్రానికి సంబంధించి ఒక పాట మినహా షూటింగ్ పూర్లయింది,0.0,ఈ చిత్రానికి సంబంధించి ఒక పాట మినహా షూటింగ్ పూర్లయింది,0.0,ఈ చిత్రానికి సంబంధించి ఒక పాట మినహా షూటింగ్ పూర్లయింది,0.0,ఈ చిత్రానికి సంబంధించి ఒక పాట మినహా షూటింగ్ పూర్లయింది
అలాగే నిరాశ శోకం మరియు దుఃఖాన్ని తగ్గిస్తుంది,0.0,అలాగే నిరాశ శోకం మరియు దుఃఖాన్వి తగ్ఠిస్లుంది,0.0,అలాగే నిరాశ శోకం మరియు దుఃఖాన్పి తగ్ఠిస్లుంది,0.0,అలాగే నిరాశ శోకం మరియు దుఃఖాన్వి తగ్ధిస్లుంది,0.0,అలాగే నిరాశ శోకం మరియు దుఃఖాన్పి తగ్ధిస్లుంది
మన తెలంగాణహైదరాబాద్ రాష్ట్రవ్యాప్తంగా కురుస్తోన్న భారీ వర్షాల నేపథ్యంలో అధికార యంత్రాంగం పూర్తి స్థాయిలో అప్రమత్తంగా ఉండాలని ప్రభుత్వం ఆదేశించింది,0.0,మన తెలంగాణహైదరాబాద్ రాష్ట్రవ్యాప్లంగా కురుస్లోన్వ భారీ వర్షాల నేపథ్యంలో అధికార యంత్రాంగం పూర్లి స్థాయిలో అప్రమత్లంగా ఉండాలని ప్రభుత్పం ఆదేశించింది,0.0,మన తెలంగాణహైదరాబాద్ రాష్ట్రవ్యాప్లంగా కురుస్లోన్వ భారీ వర్షాల నేపథ్యంలో అధికార యంత్రాంగం పూర్లి స్థాయిలో అప్రమత్లంగా ఉండాలని ప్రభుత్యం ఆదేశించింది,0.0,మన తెలంగాణహైదరాబాద్ రాష్ట్రవ్యాప్లంగా కురుస్లోన్వ భారీ వర్షాల నేపథ్యంలో అధికార యంత్రాంగం పూర్లి స్థాయిలో అప్రమత్లంగా ఉండాలని ప్రభుత్చం ఆదేశించింది,0.0,మన తెలంగాణహైదరాబాద్ రాష్ట్రవ్యాప్లంగా కురుస్లోన్ప భారీ వర్షాల నేపథ్యంలో అధికార యంత్రాంగం పూర్లి స్థాయిలో అప్రమత్లంగా ఉండాలని ప్రభుత్సం ఆదేశించింది
అయినప్పటికీ సర్జహో ఓలిండలు మాత్రం అక్కడే నిలబడి ఎవరైనా తమవైపు చూస్తే చిరునవ్వు చిందించారు,0.0,అయినప్సటికీ సర్జహో ఓలిండలు మాత్రం అక్కడే నిలబడి ఎవరైనా తమవైపు చూస్లే చిరునవ్చు చిందించారు,0.0,అయినప్యటికీ సర్జహో ఓలిండలు మాత్రం అక్కడే నిలబడి ఎవరైనా తమవైపు చూస్లే చిరునవ్యు చిందించారు,0.0,అయినప్నటికీ సర్జహో ఓలిండలు మాత్రం అక్కడే నిలబడి ఎవరైనా తమవైపు చూస్లే చిరునవ్పు చిందించారు,0.0,అయినప్సటికీ సర్జహో ఓలిండలు మాత్రం అక్కడే నిలబడి ఎవరైనా తమవైపు చూస్లే చిరునవ్సు చిందించారు
ఎరే నందు స్పేర్ ను సృష్టించుటకు ఒక పరికరమును ఎంచుకొనుము,0.0,ఎరే నందు స్యేర్ ను సృష్టించుటకు ఒక పరికరమును ఎంచుకొనుము,0.0,ఎరే నందు స్వేర్ ను సృష్టించుటకు ఒక పరికరమును ఎంచుకొనుము,0.0,ఎరే నందు స్నేర్ ను సృష్టించుటకు ఒక పరికరమును ఎంచుకొనుము,0.0,ఎరే నందు స్యేర్ ను సృష్టించుటకు ఒక పరికరమును ఎంచుకొనుము
ఏం గురించి ఆశ్చర్యకరం,0.0,ఏం గురించి ఆశ్వర్యకరం,0.0,ఏం గురించి ఆశ్వర్యకరం,0.0,ఏం గురించి ఆశ్వర్యకరం,0.0,ఏం గురించి ఆశ్వర్యకరం
అనిల్ కుమార్ యాదవ్ఫైల్ ఫోటో,0.0,అనిల్ కుమార్ యాదవ్ఫైల్ ఫోటో,0.0,అనిల్ కుమార్ యాదవ్ఫైల్ ఫోటో,0.0,అనిల్ కుమార్ యాదవ్ఫైల్ ఫోటో,0.0,అనిల్ కుమార్ యాదవ్ఫైల్ ఫోటో
ఈ విద్య అంతరించి పోకూడదు,0.0,ఈ విద్య అంతరించి పోకూడదు,0.0,ఈ విద్య అంతరించి పోకూడదు,0.0,ఈ విద్య అంతరించి పోకూడదు,0.0,ఈ విద్య అంతరించి పోకూడదు
అయితే ఆ దేశం గెలుస్,0.0,అయితే ఆ దేశం గెలుస్,0.0,అయితే ఆ దేశం గెలుస్,0.0,అయితే ఆ దేశం గెలుస్,0.0,అయితే ఆ దేశం గెలుస్
కాని నేటికీ ఒక్క రూపాయి ఇవ్వలేదు,0.0,కాని నేటికీ ఒక్క రూపాయి ఇవ్యలేదు,0.0,కాని నేటికీ ఒక్క రూపాయి ఇవ్పలేదు,0.0,కాని నేటికీ ఒక్క రూపాయి ఇవ్సలేదు,0.0,కాని నేటికీ ఒక్క రూపాయి ఇవ్పలేదు
యెహోవాతో మన స్నేహబంధాన్ని మనమెలా బలపరచుకోవచ్చు,0.0,యెహోవాతో మన స్పేహబంధాన్పి మనమెలా బలపరచుకోవచ్సు,0.0,యెహోవాతో మన స్వేహబంధాన్వి మనమెలా బలపరచుకోవచ్వు,0.0,యెహోవాతో మన స్పేహబంధాన్పి మనమెలా బలపరచుకోవచ్వు,0.0,యెహోవాతో మన స్పేహబంధాన్వి మనమెలా బలపరచుకోవచ్సు
ఆ రోజు రాత్రి రాచెల్ పడక గది నుండి వజ్రం దొంగలించబడుతుంది,0.0,ఆ రోజు రాత్రి రాచెల్ పడక గది నుండి వజ్రం దొంగలించబడుతుంది,0.0,ఆ రోజు రాత్రి రాచెల్ పడక గది నుండి వజ్రం దొంగలించబడుతుంది,0.0,ఆ రోజు రాత్రి రాచెల్ పడక గది నుండి వజ్రం దొంగలించబడుతుంది,0.0,ఆ రోజు రాత్రి రాచెల్ పడక గది నుండి వజ్రం దొంగలించబడుతుంది
అయోధ్య భూవివాదం రాఫెల్ కేసులో రిప్యూ పిటిషన్లు రాహుల్ గాంధీపై కోర్టు ధిక్కరణ వేంటి కీలక కేసులు విచారణకు రానున్నాయి,0.0,అయోధ్య భూవివాదం రాఫెల్ కేసులో రిప్యూ పిటిషన్ధు రాహుల్ గాంధీపై కోర్టు ధిక్కరణ వేంటి కీలక కేసులు విచారణకు రానున్వాయి,0.0,అయోధ్య భూవివాదం రాఫెల్ కేసులో రిప్యూ పిటిషన్ధు రాహుల్ గాంధీపై కోర్టు ధిక్కరణ వేంటి కీలక కేసులు విచారణకు రానున్వాయి,0.0,అయోధ్య భూవివాదం రాఫెల్ కేసులో రిప్యూ పిటిషన్ధు రాహుల్ గాంధీపై కోర్టు ధిక్కరణ వేంటి కీలక కేసులు విచారణకు రానున్పాయి,0.0,అయోధ్య భూవివాదం రాఫెల్ కేసులో రిప్యూ పిటిషన్తు రాహుల్ గాంధీపై కోర్టు ధిక్కరణ వేంటి కీలక కేసులు విచారణకు రానున్పాయి
స నిసందేహంగా ఈ సినిమాకు అనూప్ రూబెన్స్ అందించిన సంగీతం పెద్ద ప్లస్,0.0,స నిసందేహంగా ఈ సినిమాకు అనూప్ రూబెన్న్ అందించిన సంగీతం పెద్ధ ప్గస్,0.0,స నిసందేహంగా ఈ సినిమాకు అనూప్ రూబెన్చ్ అందించిన సంగీతం పెద్  ప్ధస్,0.0,స నిసందేహంగా ఈ సినిమాకు అనూప్ రూబెన్న్ అందించిన సంగీతం పెద్డ ప్ధస్,0.0,స నిసందేహంగా ఈ సినిమాకు అనూప్ రూబెన్ప్ అందించిన సంగీతం పెద్డ ప్ధస్
తెలుగు వెర్షన్ను మాటల మాంత్రికుడు త్రివిక్రమ్ శ్రీనివాస్ తెరకెక్కించారు,0.0,తెలుగు వెర్షన్పు మాటల మాంత్రికుడు త్రివిక్రమ్ శ్రీనివాస్ తెరకెక్కించారు,0.0,తెలుగు వెర్షన్పు మాటల మాంత్రికుడు త్రివిక్రమ్ శ్రీనివాస్ తెరకెక్కించారు,0.0,తెలుగు వెర్షన్వు మాటల మాంత్రికుడు త్రివిక్రమ్ శ్రీనివాస్ తెరకెక్కించారు,0.0,తెలుగు వెర్షన్వు మాటల మాంత్రికుడు త్రివిక్రమ్ శ్రీనివాస్ తెరకెక్కించారు
ఇక బేసిక్స్ అనేవి ఒకే రకంగా ఉంటాయి,0.0,ఇక బేసిక్న్ అనేవి ఒకే రకంగా ఉంటాయి,0.0,ఇక బేసిక్న్ అనేవి ఒకే రకంగా ఉంటాయి,0.0,ఇక బేసిక్ప్ అనేవి ఒకే రకంగా ఉంటాయి,0.0,ఇక బేసిక్ప్ అనేవి ఒకే రకంగా ఉంటాయి
ఇవి మెదడును చురుగ్గా ఉంచుతాయి,0.0,ఇవి మెదడును చురుగ్ఠా ఉంచుతాయి,0.0,ఇవి మెదడును చురుగ్లా ఉంచుతాయి,0.0,ఇవి మెదడును చురుగ్ధా ఉంచుతాయి,0.0,ఇవి మెదడును చురుగ్లా ఉంచుతాయి
ఎవరినీ ఏమీ అనడానికి వీల్లేదు,0.0,ఎవరినీ ఏమీ అనడానికి వీల్గేదు,0.0,ఎవరినీ ఏమీ అనడానికి వీల్తేదు,0.0,ఎవరినీ ఏమీ అనడానికి వీల్తేదు,0.0,ఎవరినీ ఏమీ అనడానికి వీల్తేదు
లక్షల కట్నం అడిగారు,0.0,లక్షల కట్పం అడిగారు,0.0,లక్షల కట్వం అడిగారు,0.0,లక్షల కట్వం అడిగారు,0.0,లక్షల కట్వం అడిగారు
కానీ అయ్యో,0.0,కానీ అయ్యో,0.0,కానీ అయ్యో,0.0,కానీ అయ్యో,0.0,కానీ అయ్యో
రైతులను విపక్షాలే రెచ్చగొడుతున్నాయ్,0.0,రైతులను విపక్షాలే రెచ్వగొడుతున్పాయ్,0.0,రైతులను విపక్షాలే రెచ్వగొడుతున్వాయ్,0.0,రైతులను విపక్షాలే రెచ్సగొడుతున్పాయ్,0.0,రైతులను విపక్షాలే రెచ్వగొడుతున్వాయ్
బ్యాడ్మింటన్ కోచ్ పుల్లెల గోపీచంద్,0.0,బ్యాడ్శింటన్ కోచ్ పుల్ధెల గోపీచంద్,0.0,బ్యాడ్శింటన్ కోచ్ పుల్గెల గోపీచంద్,0.0,బ్యాడ్శింటన్ కోచ్ పుల్ధెల గోపీచంద్,0.0,బ్యాడ్శింటన్ కోచ్ పుల్గెల గోపీచంద్
అయితే పెద్ద స్విమ్మర్ ను కాదు,0.0,అయితే పెద్డ స్యిమ్శర్ ను కాదు,0.0,అయితే పెద్  స్సిమ్శర్ ను కాదు,0.0,అయితే పెద్ధ స్యిమ్శర్ ను కాదు,0.0,అయితే పెద్డ స్యిమ్శర్ ను కాదు
గామా రంగు ప్రదర్శించే వడబోత,0.0,గామా రంగు ప్రదర్మించే వడబోత,0.0,గామా రంగు ప్రదర్మించే వడబోత,0.0,గామా రంగు ప్రదర్మించే వడబోత,0.0,గామా రంగు ప్రదర్మించే వడబోత
చిత్రశాలప్యాన్ స్క్రాల్ బటన్లను చూపించుదాయి,0.0,చిత్రశాలప్యాన్ స్క్రాల్ బటన్తను చూపించుదాయి,0.0,చిత్రశాలప్యాన్ స్క్రాల్ బటన్తను చూపించుదాయి,0.0,చిత్రశాలప్యాన్ స్క్రాల్ బటన్గను చూపించుదాయి,0.0,చిత్రశాలప్యాన్ స్క్రాల్ బటన్తను చూపించుదాయి
నిజానికి బైబిల్లో దేవుని ప్రజల్లోని కొందరితో సహా తప్పుచేసి పర్యవసానాలు అనుభవించిన చాలామంది వృత్తాంతాలు ఉన్నాయి,0.0,నిజానికి బైబిల్ధో దేవుని ప్రజల్గోని కొందరితో సహా తప్వుచేసి పర్యవసానాలు అనుభవించిన చాలామంది వృత్లాంతాలు ఉన్పాయి,0.0,నిజానికి బైబిల్తో దేవుని ప్రజల్ధోని కొందరితో సహా తప్సుచేసి పర్యవసానాలు అనుభవించిన చాలామంది వృత్లాంతాలు ఉన్వాయి,0.0,నిజానికి బైబిల్ధో దేవుని ప్రజల్తోని కొందరితో సహా తప్నుచేసి పర్యవసానాలు అనుభవించిన చాలామంది వృత్లాంతాలు ఉన్వాయి,0.0,నిజానికి బైబిల్ధో దేవుని ప్రజల్గోని కొందరితో సహా తప్నుచేసి పర్యవసానాలు అనుభవించిన చాలామంది వృత్లాంతాలు ఉన్పాయి
తాజాగా ఈ సినిమా విడుదల తేది ఖరారైంది,0.0,తాజాగా ఈ సినిమా విడుదల తేది ఖరారైంది,0.0,తాజాగా ఈ సినిమా విడుదల తేది ఖరారైంది,0.0,తాజాగా ఈ సినిమా విడుదల తేది ఖరారైంది,0.0,తాజాగా ఈ సినిమా విడుదల తేది ఖరారైంది
వాటిని స్వాధీనం చేసుకున్నామని పోలీసులు అన్నారు,0.0,వాటిని స్పాధీనం చేసుకున్వామని పోలీసులు అన్పారు,0.0,వాటిని స్యాధీనం చేసుకున్పామని పోలీసులు అన్వారు,0.0,వాటిని స్చాధీనం చేసుకున్వామని పోలీసులు అన్వారు,0.0,వాటిని స్యాధీనం చేసుకున్వామని పోలీసులు అన్పారు
గులాబీ సంబురం,0.0,గులాబీ సంబురం,0.0,గులాబీ సంబురం,0.0,గులాబీ సంబురం,0.0,గులాబీ సంబురం
ఏ ఫాస్ట్నెర్ల అనుమతి లేదు,0.0,ఏ ఫాస్ట్పెర్ధ అనుమతి లేదు,0.0,ఏ ఫాస్ట్వెర్గ అనుమతి లేదు,0.0,ఏ ఫాస్ట్పెర్త అనుమతి లేదు,0.0,ఏ ఫాస్ట్వెర్ధ అనుమతి లేదు
ముమ్మర పరీక్షలు సమగ్ర అనుసరణచికిత్స తదితర విధానాలవల్ల మంది కోలుకోవడం సాధ్యమైంది,0.0,ముమ్శర పరీక్షలు సమగ్ర అనుసరణచికిత్వ తదితర విధానాలవల్ధ మంది కోలుకోవడం సాధ్యమైంది,0.0,ముమ్శర పరీక్షలు సమగ్ర అనుసరణచికిత్ప తదితర విధానాలవల్ధ మంది కోలుకోవడం సాధ్యమైంది,0.0,ముమ్శర పరీక్షలు సమగ్ర అనుసరణచికిత్ప తదితర విధానాలవల్త మంది కోలుకోవడం సాధ్యమైంది,0.0,ముమ్శర పరీక్షలు సమగ్ర అనుసరణచికిత్చ తదితర విధానాలవల్త మంది కోలుకోవడం సాధ్యమైంది
పర్యావరణ పరిరక్షణ కాలుష్య నియంత్రణ అనుమతులు,0.0,పర్యావరణ పరిరక్షణ కాలుష్య నియంత్రణ అనుమతులు,0.0,పర్యావరణ పరిరక్షణ కాలుష్య నియంత్రణ అనుమతులు,0.0,పర్యావరణ పరిరక్షణ కాలుష్య నియంత్రణ అనుమతులు,0.0,పర్యావరణ పరిరక్షణ కాలుష్య నియంత్రణ అనుమతులు
వారి పని ప్రదర్శించే,0.0,వారి పని ప్రదర్మించే,0.0,వారి పని ప్రదర్మించే,0.0,వారి పని ప్రదర్మించే,0.0,వారి పని ప్రదర్మించే
తూర్పు గోదావరి జిల్లాలోని కాట్రేనికోన మండలం ఉప్పూడి గ్రామంలో ఎట్టకేలకు గ్యాస్ లీకేజ్ అదుపులోకి రావడంతో అందరూ ఊపిరి పీల్చుకున్నారు,0.0,తూర్యు గోదావరి జిల్తాలోని కాట్రేనికోన మండలం ఉప్యూడి గ్రామంలో ఎట్టకేలకు గ్యాస్ లీకేజ్ అదుపులోకి రావడంతో అందరూ ఊపిరి పీల్సుకున్వారు,0.0,తూర్సు గోదావరి జిల్తాలోని కాట్రేనికోన మండలం ఉప్వూడి గ్రామంలో ఎట్టకేలకు గ్యాస్ లీకేజ్ అదుపులోకి రావడంతో అందరూ ఊపిరి పీల్సుకున్వారు,0.0,తూర్సు గోదావరి జిల్ధాలోని కాట్రేనికోన మండలం ఉప్నూడి గ్రామంలో ఎట్టకేలకు గ్యాస్ లీకేజ్ అదుపులోకి రావడంతో అందరూ ఊపిరి పీల్వుకున్పారు,0.0,తూర్ను గోదావరి జిల్తాలోని కాట్రేనికోన మండలం ఉప్నూడి గ్రామంలో ఎట్టకేలకు గ్యాస్ లీకేజ్ అదుపులోకి రావడంతో అందరూ ఊపిరి పీల్సుకున్పారు
కోట్లకు పైగా ఉంటుందని వెల్లడించారు,0.0,కోట్ధకు పైగా ఉంటుందని వెల్ధడించారు,0.0,కోట్ధకు పైగా ఉంటుందని వెల్ధడించారు,0.0,కోట్గకు పైగా ఉంటుందని వెల్తడించారు,0.0,కోట్తకు పైగా ఉంటుందని వెల్గడించారు
అవసరమైతే ఈ రంగానికి మరిన్ని నిధులు కేటాయిస్తామని ఆయన తెలిపారు,0.0,అవసరమైతే ఈ రంగానికి మరిన్పి నిధులు కేటాయిస్లామని ఆయన తెలిపారు,0.0,అవసరమైతే ఈ రంగానికి మరిన్పి నిధులు కేటాయిస్లామని ఆయన తెలిపారు,0.0,అవసరమైతే ఈ రంగానికి మరిన్పి నిధులు కేటాయిస్లామని ఆయన తెలిపారు,0.0,అవసరమైతే ఈ రంగానికి మరిన్పి నిధులు కేటాయిస్లామని ఆయన తెలిపారు
జాన్వి కపూర్ సోషల్ మీడియాలో ఎప్పుడూ యాక్టివ్ గా ఉంటారు,0.0,జాన్యి కపూర్ సోషల్ మీడియాలో ఎప్నుడూ యాక్టివ్ గా ఉంటారు,0.0,జాన్పి కపూర్ సోషల్ మీడియాలో ఎప్నుడూ యాక్టివ్ గా ఉంటారు,0.0,జాన్యి కపూర్ సోషల్ మీడియాలో ఎప్సుడూ యాక్టివ్ గా ఉంటారు,0.0,జాన్సి కపూర్ సోషల్ మీడియాలో ఎప్సుడూ యాక్టివ్ గా ఉంటారు
కాల్పుల విరమణ ఉల్లంఘనపై భారత్కు సమన్లు జారీచేసిన పాక్,0.0,కాల్వుల విరమణ ఉల్తంఘనపై భారత్కు సమన్గు జారీచేసిన పాక్,0.0,కాల్వుల విరమణ ఉల్ధంఘనపై భారత్కు సమన్ధు జారీచేసిన పాక్,0.0,కాల్యుల విరమణ ఉల్ధంఘనపై భారత్కు సమన్గు జారీచేసిన పాక్,0.0,కాల్నుల విరమణ ఉల్ధంఘనపై భారత్కు సమన్తు జారీచేసిన పాక్
ఎలా మీరు పని వద్ద మరియు ఇంటిలో వాడుకునేలా ఉంటాయి,0.0,ఎలా మీరు పని వద్  మరియు ఇంటిలో వాడుకునేలా ఉంటాయి,0.0,ఎలా మీరు పని వద్డ మరియు ఇంటిలో వాడుకునేలా ఉంటాయి,0.0,ఎలా మీరు పని వద్  మరియు ఇంటిలో వాడుకునేలా ఉంటాయి,0.0,ఎలా మీరు పని వద్ధ మరియు ఇంటిలో వాడుకునేలా ఉంటాయి
కూడళ్ళను సమీపించేటప్పుడు జాగ్రత్తగా ఉండండి,0.0,కూడళ్ళను సమీపించేటప్వుడు జాగ్రత్లగా ఉండండి,0.0,కూడళ్ళను సమీపించేటప్వుడు జాగ్రత్లగా ఉండండి,0.0,కూడళ్ళను సమీపించేటప్యుడు జాగ్రత్లగా ఉండండి,0.0,కూడళ్ళను సమీపించేటప్యుడు జాగ్రత్లగా ఉండండి
అన్న అనుమానాలు చాలానే వున్నాయి,0.0,అన్ప అనుమానాలు చాలానే వున్పాయి,0.0,అన్వ అనుమానాలు చాలానే వున్పాయి,0.0,అన్ప అనుమానాలు చాలానే వున్పాయి,0.0,అన్ప అనుమానాలు చాలానే వున్పాయి
ఇలా రోజుకు రెండుసార్లు తీసుకోండి,0.0,ఇలా రోజుకు రెండుసార్ధు తీసుకోండి,0.0,ఇలా రోజుకు రెండుసార్తు తీసుకోండి,0.0,ఇలా రోజుకు రెండుసార్ధు తీసుకోండి,0.0,ఇలా రోజుకు రెండుసార్తు తీసుకోండి
హౌడీ మోదీకి ట్రంప్,0.0,హౌడీ మోదీకి ట్రంప్,0.0,హౌడీ మోదీకి ట్రంప్,0.0,హౌడీ మోదీకి ట్రంప్,0.0,హౌడీ మోదీకి ట్రంప్
లేదా ఆర్టికల్ ను రద్దు చేసే క్రమంలో ఇలా చేస్తున్నారా,0.0,లేదా ఆర్టికల్ ను రద్డు చేసే క్రమంలో ఇలా చేస్లున్వారా,0.0,లేదా ఆర్టికల్ ను రద్డు చేసే క్రమంలో ఇలా చేస్లున్వారా,0.0,లేదా ఆర్టికల్ ను రద్ధు చేసే క్రమంలో ఇలా చేస్లున్వారా,0.0,లేదా ఆర్టికల్ ను రద్ ు చేసే క్రమంలో ఇలా చేస్లున్పారా
కేసుల పరంగా ప్రపంచ వ్యాప్తంగా అమెరికా తర్వాత రెండో స్థానంలో కొనసాగుతోంది,0.0,కేసుల పరంగా ప్రపంచ వ్యాప్లంగా అమెరికా తర్నాత రెండో స్థానంలో కొనసాగుతోంది,0.0,కేసుల పరంగా ప్రపంచ వ్యాప్లంగా అమెరికా తర్చాత రెండో స్థానంలో కొనసాగుతోంది,0.0,కేసుల పరంగా ప్రపంచ వ్యాప్లంగా అమెరికా తర్నాత రెండో స్థానంలో కొనసాగుతోంది,0.0,కేసుల పరంగా ప్రపంచ వ్యాప్లంగా అమెరికా తర్సాత రెండో స్థానంలో కొనసాగుతోంది
అమిత్ త్రివేది సంగీతం అందిస్తున్న ఈ చిత్రానికి మైఖెల్ టబూరియస్ సినిమాటోగ్రఫీ అందిస్తున్నారు,0.0,అమిత్ త్రివేది సంగీతం అందిస్లున్వ ఈ చిత్రానికి మైఖెల్ టబూరియస్ సినిమాటోగ్రఫీ అందిస్లున్వారు,0.0,అమిత్ త్రివేది సంగీతం అందిస్లున్వ ఈ చిత్రానికి మైఖెల్ టబూరియస్ సినిమాటోగ్రఫీ అందిస్లున్పారు,0.0,అమిత్ త్రివేది సంగీతం అందిస్లున్వ ఈ చిత్రానికి మైఖెల్ టబూరియస్ సినిమాటోగ్రఫీ అందిస్లున్వారు,0.0,అమిత్ త్రివేది సంగీతం అందిస్లున్ప ఈ చిత్రానికి మైఖెల్ టబూరియస్ సినిమాటోగ్రఫీ అందిస్లున్వారు
సాంకేతిక కారణాల వల్లే,0.0,సాంకేతిక కారణాల వల్ధే,0.0,సాంకేతిక కారణాల వల్తే,0.0,సాంకేతిక కారణాల వల్తే,0.0,సాంకేతిక కారణాల వల్తే
బలహీనంగా ఉన్న ప్రైవేటు పెట్టుబడులకు ఊతం ఇవ్వడం ద్వారా దేశీయ వృద్ధి రేటును పటిష్ట పరచుకోవాల్సి ఉందని ప్రకటన పేర్కొంది,0.0,బలహీనంగా ఉన్ప ప్రైవేటు పెట్టుబడులకు ఊతం ఇవ్పడం ద్చారా దేశీయ వృద్డి రేటును పటిష్ట పరచుకోవాల్చి ఉందని ప్రకటన పేర్కొంది,0.0,బలహీనంగా ఉన్ప ప్రైవేటు పెట్టుబడులకు ఊతం ఇవ్చడం ద్చారా దేశీయ వృద్గి రేటును పటిష్ట పరచుకోవాల్వి ఉందని ప్రకటన పేర్కొంది,0.0,బలహీనంగా ఉన్ప ప్రైవేటు పెట్టుబడులకు ఊతం ఇవ్సడం ద్పారా దేశీయ వృద్లి రేటును పటిష్ట పరచుకోవాల్పి ఉందని ప్రకటన పేర్కొంది,0.0,బలహీనంగా ఉన్ప ప్రైవేటు పెట్టుబడులకు ఊతం ఇవ్చడం ద్యారా దేశీయ వృద్లి రేటును పటిష్ట పరచుకోవాల్పి ఉందని ప్రకటన పేర్కొంది
సిపిఎం రాష్ట్ర కార్యదర్శి పి మధు మాట్లాడుతూ అమరావతినే రాజధానిగా కొనసాగించాలని డిమాండ్ చేశారు,0.0,సిపిఎం రాష్ట్ర కార్యదర్మి పి మధు మాట్తాడుతూ అమరావతినే రాజధానిగా కొనసాగించాలని డిమాండ్ చేశారు,0.0,సిపిఎం రాష్ట్ర కార్యదర్మి పి మధు మాట్ధాడుతూ అమరావతినే రాజధానిగా కొనసాగించాలని డిమాండ్ చేశారు,0.0,సిపిఎం రాష్ట్ర కార్యదర్మి పి మధు మాట్తాడుతూ అమరావతినే రాజధానిగా కొనసాగించాలని డిమాండ్ చేశారు,0.0,సిపిఎం రాష్ట్ర కార్యదర్మి పి మధు మాట్గాడుతూ అమరావతినే రాజధానిగా కొనసాగించాలని డిమాండ్ చేశారు
ఇంజనీరింగ్ ఉత్పత్తి రంగం ఆటోమొబైల్స్ ఐటీ బ్యాంకింగ్ రంగాల్లో ఆటోమేషన్ సాధారణం,0.0,ఇంజనీరింగ్ ఉత్వత్లి రంగం ఆటోమొబైల్ప్ ఐటీ బ్యాంకింగ్ రంగాల్ధో ఆటోమేషన్ సాధారణం,0.0,ఇంజనీరింగ్ ఉత్వత్లి రంగం ఆటోమొబైల్చ్ ఐటీ బ్యాంకింగ్ రంగాల్గో ఆటోమేషన్ సాధారణం,0.0,ఇంజనీరింగ్ ఉత్సత్లి రంగం ఆటోమొబైల్వ్ ఐటీ బ్యాంకింగ్ రంగాల్ధో ఆటోమేషన్ సాధారణం,0.0,ఇంజనీరింగ్ ఉత్సత్లి రంగం ఆటోమొబైల్వ్ ఐటీ బ్యాంకింగ్ రంగాల్గో ఆటోమేషన్ సాధారణం
ఎంబి ర్యామ్,0.0,ఎంబి ర్యామ్,0.0,ఎంబి ర్యామ్,0.0,ఎంబి ర్యామ్,0.0,ఎంబి ర్యామ్
నాకు తెలిసి ఎవరికీ ఉండవు,0.0,నాకు తెలిసి ఎవరికీ ఉండవు,0.0,నాకు తెలిసి ఎవరికీ ఉండవు,0.0,నాకు తెలిసి ఎవరికీ ఉండవు,0.0,నాకు తెలిసి ఎవరికీ ఉండవు
హైదరాబాద్ ప్రమాదవశాత్తు నిర్మాణంలో ఉన్న నాలుగో అంతస్తు భవనం పై నుంచి పడి సెంట్రింగ్ కార్మికుడు మృతిచెందాడు,0.0,హైదరాబాద్ ప్రమాదవశాత్లు నిర్శాణంలో ఉన్వ నాలుగో అంతస్లు భవనం పై నుంచి పడి సెంట్రింగ్ కార్శికుడు మృతిచెందాడు,0.0,హైదరాబాద్ ప్రమాదవశాత్లు నిర్శాణంలో ఉన్ప నాలుగో అంతస్లు భవనం పై నుంచి పడి సెంట్రింగ్ కార్శికుడు మృతిచెందాడు,0.0,హైదరాబాద్ ప్రమాదవశాత్లు నిర్శాణంలో ఉన్ప నాలుగో అంతస్లు భవనం పై నుంచి పడి సెంట్రింగ్ కార్శికుడు మృతిచెందాడు,0.0,హైదరాబాద్ ప్రమాదవశాత్లు నిర్శాణంలో ఉన్ప నాలుగో అంతస్లు భవనం పై నుంచి పడి సెంట్రింగ్ కార్శికుడు మృతిచెందాడు
దాంతో ఆయన టీఆర్ఎస్ అధ్యక్షుడు కేసీఆర్ పై తీవ్ర విమర్శలు చేశారు,0.0,దాంతో ఆయన టీఆర్ఎస్ అధ్యక్షుడు కేసీఆర్ పై తీవ్ర విమర్మలు చేశారు,0.0,దాంతో ఆయన టీఆర్ఎస్ అధ్యక్షుడు కేసీఆర్ పై తీవ్ర విమర్మలు చేశారు,0.0,దాంతో ఆయన టీఆర్ఎస్ అధ్యక్షుడు కేసీఆర్ పై తీవ్ర విమర్మలు చేశారు,0.0,దాంతో ఆయన టీఆర్ఎస్ అధ్యక్షుడు కేసీఆర్ పై తీవ్ర విమర్మలు చేశారు
అయితే సీజేఐ అయోధ్య కేసులో రోజువారీ విచారణను ప్రారంభించడంతో చిదంబరం న్యాయవాది కపిల్ సిబల్ అత్యవసర విచారణ పిటిషన్ దాఖలు చేయలేకపోయారు,0.0,అయితే సీజేఐ అయోధ్య కేసులో రోజువారీ విచారణను ప్రారంభించడంతో చిదంబరం న్యాయవాది కపిల్ సిబల్ అత్యవసర విచారణ పిటిషన్ దాఖలు చేయలేకపోయారు,0.0,అయితే సీజేఐ అయోధ్య కేసులో రోజువారీ విచారణను ప్రారంభించడంతో చిదంబరం న్యాయవాది కపిల్ సిబల్ అత్యవసర విచారణ పిటిషన్ దాఖలు చేయలేకపోయారు,0.0,అయితే సీజేఐ అయోధ్య కేసులో రోజువారీ విచారణను ప్రారంభించడంతో చిదంబరం న్యాయవాది కపిల్ సిబల్ అత్యవసర విచారణ పిటిషన్ దాఖలు చేయలేకపోయారు,0.0,అయితే సీజేఐ అయోధ్య కేసులో రోజువారీ విచారణను ప్రారంభించడంతో చిదంబరం న్యాయవాది కపిల్ సిబల్ అత్యవసర విచారణ పిటిషన్ దాఖలు చేయలేకపోయారు
కుటుంబ సభ్యులకు సానుభూతి తెలిపారు,0.0,కుటుంబ సభ్యులకు సానుభూతి తెలిపారు,0.0,కుటుంబ సభ్యులకు సానుభూతి తెలిపారు,0.0,కుటుంబ సభ్యులకు సానుభూతి తెలిపారు,0.0,కుటుంబ సభ్యులకు సానుభూతి తెలిపారు
ఇది చాలా ఆలస్యం అయితే ఏమి జరుగుతుంది,0.0,ఇది చాలా ఆలస్యం అయితే ఏమి జరుగుతుంది,0.0,ఇది చాలా ఆలస్యం అయితే ఏమి జరుగుతుంది,0.0,ఇది చాలా ఆలస్యం అయితే ఏమి జరుగుతుంది,0.0,ఇది చాలా ఆలస్యం అయితే ఏమి జరుగుతుంది
ఆధునిక సాహితీసేవ,0.0,ఆధునిక సాహితీసేవ,0.0,ఆధునిక సాహితీసేవ,0.0,ఆధునిక సాహితీసేవ,0.0,ఆధునిక సాహితీసేవ
అలాగే విద్యుత్ నీరు పీఎన్జీ నిర్వహణ మొదలైన వాటి కోసం చెల్లించాల్సిన మొత్తాన్ని కూడా ఒప్పందం స్పష్టంగా తెలుపుతుంది,0.0,అలాగే విద్యుత్ నీరు పీఎన్జీ నిర్యహణ మొదలైన వాటి కోసం చెల్ధించాల్పిన మొత్లాన్పి కూడా ఒప్యందం స్నష్టంగా తెలుపుతుంది,0.0,అలాగే విద్యుత్ నీరు పీఎన్జీ నిర్యహణ మొదలైన వాటి కోసం చెల్గించాల్విన మొత్లాన్వి కూడా ఒప్నందం స్యష్టంగా తెలుపుతుంది,0.0,అలాగే విద్యుత్ నీరు పీఎన్జీ నిర్పహణ మొదలైన వాటి కోసం చెల్గించాల్చిన మొత్లాన్వి కూడా ఒప్నందం స్యష్టంగా తెలుపుతుంది,0.0,అలాగే విద్యుత్ నీరు పీఎన్జీ నిర్నహణ మొదలైన వాటి కోసం చెల్గించాల్చిన మొత్లాన్వి కూడా ఒప్సందం స్నష్టంగా తెలుపుతుంది
ఆట మాకు ఇదే నేర్పించింది,0.0,ఆట మాకు ఇదే నేర్నించింది,0.0,ఆట మాకు ఇదే నేర్నించింది,0.0,ఆట మాకు ఇదే నేర్వించింది,0.0,ఆట మాకు ఇదే నేర్సించింది
అన్ని అత్యవసర వస్తువుల సరఫరా సజావుగా కొనసాగేలా నిబంధనలను రూపొందించినట్లు ఆయన తెలిపారు,0.0,అన్వి అత్యవసర వస్లువుల సరఫరా సజావుగా కొనసాగేలా నిబంధనలను రూపొందించినట్ధు ఆయన తెలిపారు,0.0,అన్వి అత్యవసర వస్లువుల సరఫరా సజావుగా కొనసాగేలా నిబంధనలను రూపొందించినట్ధు ఆయన తెలిపారు,0.0,అన్పి అత్యవసర వస్లువుల సరఫరా సజావుగా కొనసాగేలా నిబంధనలను రూపొందించినట్తు ఆయన తెలిపారు,0.0,అన్పి అత్యవసర వస్లువుల సరఫరా సజావుగా కొనసాగేలా నిబంధనలను రూపొందించినట్ధు ఆయన తెలిపారు
వైద్య విశ్వవిద్యాలయాలు లేదా కళాశాలలు,0.0,వైద్య విశ్యవిద్యాలయాలు లేదా కళాశాలలు,0.0,వైద్య విశ్సవిద్యాలయాలు లేదా కళాశాలలు,0.0,వైద్య విశ్సవిద్యాలయాలు లేదా కళాశాలలు,0.0,వైద్య విశ్సవిద్యాలయాలు లేదా కళాశాలలు
అస్సలు నాతో మాట్లాడేవాడే కాదు,0.0,అస్నలు నాతో మాట్తాడేవాడే కాదు,0.0,అస్చలు నాతో మాట్గాడేవాడే కాదు,0.0,అస్వలు నాతో మాట్తాడేవాడే కాదు,0.0,అస్పలు నాతో మాట్తాడేవాడే కాదు
రన్నింగ్ షాదీ డాట్ కామ్ చిత్రానికి అమిత్ రాయ్ దర్శకత్వం వహిస్తున్నారు,0.0,రన్పింగ్ షాదీ డాట్ కామ్ చిత్రానికి అమిత్ రాయ్ దర్మకత్చం వహిస్లున్పారు,0.0,రన్పింగ్ షాదీ డాట్ కామ్ చిత్రానికి అమిత్ రాయ్ దర్మకత్పం వహిస్లున్పారు,0.0,రన్పింగ్ షాదీ డాట్ కామ్ చిత్రానికి అమిత్ రాయ్ దర్మకత్సం వహిస్లున్పారు,0.0,రన్వింగ్ షాదీ డాట్ కామ్ చిత్రానికి అమిత్ రాయ్ దర్మకత్పం వహిస్లున్వారు
కొంతకాలంగా బీజేపీపై శివసేన పార్టీ తీవ్రంగా విరుచుకుపడుతోన్న విషయం తెలిసిందే,0.0,కొంతకాలంగా బీజేపీపై శివసేన పార్టీ తీవ్రంగా విరుచుకుపడుతోన్వ విషయం తెలిసిందే,0.0,కొంతకాలంగా బీజేపీపై శివసేన పార్టీ తీవ్రంగా విరుచుకుపడుతోన్ప విషయం తెలిసిందే,0.0,కొంతకాలంగా బీజేపీపై శివసేన పార్టీ తీవ్రంగా విరుచుకుపడుతోన్వ విషయం తెలిసిందే,0.0,కొంతకాలంగా బీజేపీపై శివసేన పార్టీ తీవ్రంగా విరుచుకుపడుతోన్ప విషయం తెలిసిందే
ఆలోచించాల్సిన విషయం కదా,0.0,ఆలోచించాల్విన విషయం కదా,0.0,ఆలోచించాల్నిన విషయం కదా,0.0,ఆలోచించాల్చిన విషయం కదా,0.0,ఆలోచించాల్పిన విషయం కదా
వ్యక్తులకు పాన్ ఆధార్లాంటి గుర్తింపు కార్డులు ఉంటాయి,0.0,వ్యక్లులకు పాన్ ఆధార్ధాంటి గుర్లింపు కార్ధులు ఉంటాయి,0.0,వ్యక్లులకు పాన్ ఆధార్తాంటి గుర్లింపు కార్దులు ఉంటాయి,0.0,వ్యక్లులకు పాన్ ఆధార్గాంటి గుర్లింపు కార్ధులు ఉంటాయి,0.0,వ్యక్లులకు పాన్ ఆధార్ధాంటి గుర్లింపు కార్ధులు ఉంటాయి
బీరకాయలు పొట్టు తీసి చిన్న ముక్కలుగా తరిగి పెట్టుకోవాలి,0.0,బీరకాయలు పొట్టు తీసి చిన్వ ముక్కలుగా తరిగి పెట్టుకోవాలి,0.0,బీరకాయలు పొట్టు తీసి చిన్వ ముక్కలుగా తరిగి పెట్టుకోవాలి,0.0,బీరకాయలు పొట్టు తీసి చిన్వ ముక్కలుగా తరిగి పెట్టుకోవాలి,0.0,బీరకాయలు పొట్టు తీసి చిన్ప ముక్కలుగా తరిగి పెట్టుకోవాలి
జరిగిన ఘటనపై కేంద్ర హోంమంత్రి అమిత్ షా నివేదిక కోరారు,0.0,జరిగిన ఘటనపై కేంద్ర హోంమంత్రి అమిత్ షా నివేదిక కోరారు,0.0,జరిగిన ఘటనపై కేంద్ర హోంమంత్రి అమిత్ షా నివేదిక కోరారు,0.0,జరిగిన ఘటనపై కేంద్ర హోంమంత్రి అమిత్ షా నివేదిక కోరారు,0.0,జరిగిన ఘటనపై కేంద్ర హోంమంత్రి అమిత్ షా నివేదిక కోరారు
కానీ అవి తిరిగి భయటకు వెళ్ళలేవు,0.0,కానీ అవి తిరిగి భయటకు వెళ్ళలేవు,0.0,కానీ అవి తిరిగి భయటకు వెళ్ళలేవు,0.0,కానీ అవి తిరిగి భయటకు వెళ్ళలేవు,0.0,కానీ అవి తిరిగి భయటకు వెళ్ళలేవు
గతంలోనూ ఎన్నోసార్లు ఇలాంటి పరిస్థితి ఎదురైంది,0.0,గతంలోనూ ఎన్వోసార్తు ఇలాంటి పరిస్థితి ఎదురైంది,0.0,గతంలోనూ ఎన్వోసార్తు ఇలాంటి పరిస్థితి ఎదురైంది,0.0,గతంలోనూ ఎన్వోసార్గు ఇలాంటి పరిస్థితి ఎదురైంది,0.0,గతంలోనూ ఎన్వోసార్గు ఇలాంటి పరిస్థితి ఎదురైంది
మీరు ఏమి నిర్ణయించుకుంటారు,0.0,మీరు ఏమి నిర్ణయించుకుంటారు,0.0,మీరు ఏమి నిర్ణయించుకుంటారు,0.0,మీరు ఏమి నిర్ణయించుకుంటారు,0.0,మీరు ఏమి నిర్ణయించుకుంటారు
అతడు చాలా పాపాలు చేశాడు,0.0,అతడు చాలా పాపాలు చేశాడు,0.0,అతడు చాలా పాపాలు చేశాడు,0.0,అతడు చాలా పాపాలు చేశాడు,0.0,అతడు చాలా పాపాలు చేశాడు
దీని కోసం పత్రాల జాబితాను అందించడం అవసరం,0.0,దీని కోసం పత్రాల జాబితాను అందించడం అవసరం,0.0,దీని కోసం పత్రాల జాబితాను అందించడం అవసరం,0.0,దీని కోసం పత్రాల జాబితాను అందించడం అవసరం,0.0,దీని కోసం పత్రాల జాబితాను అందించడం అవసరం
భారత్ తరుపున అత్యధిక టెస్టు విజయాలు సాధించిన కెప్టెన్గా ధోని అగ్రస్ధానంలో ఉన్నాడు,0.0,భారత్ తరుపున అత్యధిక టెస్టు విజయాలు సాధించిన కెప్టెన్లా ధోని అగ్రస్డానంలో ఉన్వాడు,0.0,భారత్ తరుపున అత్యధిక టెస్టు విజయాలు సాధించిన కెప్టెన్ఠా ధోని అగ్రస్గానంలో ఉన్పాడు,0.0,భారత్ తరుపున అత్యధిక టెస్టు విజయాలు సాధించిన కెప్టెన్ధా ధోని అగ్రస్డానంలో ఉన్వాడు,0.0,భారత్ తరుపున అత్యధిక టెస్టు విజయాలు సాధించిన కెప్టెన్ఠా ధోని అగ్రస్దానంలో ఉన్వాడు
తర వివరాలు ఇవీ,0.0,తర వివరాలు ఇవీ,0.0,తర వివరాలు ఇవీ,0.0,తర వివరాలు ఇవీ,0.0,తర వివరాలు ఇవీ
ఇకపై భారత్లోనే స్కానియా బస్సుల తయారీ,0.0,ఇకపై భారత్తోనే స్కానియా బస్పుల తయారీ,0.0,ఇకపై భారత్గోనే స్కానియా బస్వుల తయారీ,0.0,ఇకపై భారత్ధోనే స్కానియా బస్చుల తయారీ,0.0,ఇకపై భారత్ధోనే స్కానియా బస్నుల తయారీ
వాటిల్లో టైటానిక్ సినిమా ఒకటి,0.0,వాటిల్తో టైటానిక్ సినిమా ఒకటి,0.0,వాటిల్ధో టైటానిక్ సినిమా ఒకటి,0.0,వాటిల్ధో టైటానిక్ సినిమా ఒకటి,0.0,వాటిల్గో టైటానిక్ సినిమా ఒకటి
ప్రచురించబడిన సమాచారం ద్వారా నోటి మాట ద్వారా సువార్త భూదిగంతముల వరకూ చేరుకుంది అది యెహోవాకు ఘనతనూ స్తుతినీ తెచ్చింది,0.0,ప్రచురించబడిన సమాచారం ద్సారా నోటి మాట ద్చారా సువార్ల భూదిగంతముల వరకూ చేరుకుంది అది యెహోవాకు ఘనతనూ స్లుతినీ తెచ్సింది,0.0,ప్రచురించబడిన సమాచారం ద్చారా నోటి మాట ద్సారా సువార్ల భూదిగంతముల వరకూ చేరుకుంది అది యెహోవాకు ఘనతనూ స్లుతినీ తెచ్సింది,0.0,ప్రచురించబడిన సమాచారం ద్సారా నోటి మాట ద్యారా సువార్ల భూదిగంతముల వరకూ చేరుకుంది అది యెహోవాకు ఘనతనూ స్లుతినీ తెచ్వింది,0.0,ప్రచురించబడిన సమాచారం ద్నారా నోటి మాట ద్యారా సువార్ల భూదిగంతముల వరకూ చేరుకుంది అది యెహోవాకు ఘనతనూ స్లుతినీ తెచ్వింది
తెలుగుదేశం పార్టీ కి చెందిన నలుగురు ఎంపీలు మొన్నామధ్య బీజేపీ తీర్థం పుచ్చుకున్న సంగతి తెలిసిందే,0.0,తెలుగుదేశం పార్టీ కి చెందిన నలుగురు ఎంపీలు మొన్పామధ్య బీజేపీ తీర్థం పుచ్సుకున్ప సంగతి తెలిసిందే,0.0,తెలుగుదేశం పార్టీ కి చెందిన నలుగురు ఎంపీలు మొన్వామధ్య బీజేపీ తీర్థం పుచ్వుకున్ప సంగతి తెలిసిందే,0.0,తెలుగుదేశం పార్టీ కి చెందిన నలుగురు ఎంపీలు మొన్వామధ్య బీజేపీ తీర్థం పుచ్సుకున్ప సంగతి తెలిసిందే,0.0,తెలుగుదేశం పార్టీ కి చెందిన నలుగురు ఎంపీలు మొన్వామధ్య బీజేపీ తీర్థం పుచ్వుకున్వ సంగతి తెలిసిందే
ఆఫీసరు చెప్పాడు,0.0,ఆఫీసరు చెప్యాడు,0.0,ఆఫీసరు చెప్సాడు,0.0,ఆఫీసరు చెప్వాడు,0.0,ఆఫీసరు చెప్సాడు
బజాజ్ వి విడుదల చేసిన డిసెంబర్ లో సగటు విక్రయాలు యూనిట్లుగా ఉన్నాయి,0.0,బజాజ్ వి విడుదల చేసిన డిసెంబర్ లో సగటు విక్రయాలు యూనిట్తుగా ఉన్వాయి,0.0,బజాజ్ వి విడుదల చేసిన డిసెంబర్ లో సగటు విక్రయాలు యూనిట్తుగా ఉన్పాయి,0.0,బజాజ్ వి విడుదల చేసిన డిసెంబర్ లో సగటు విక్రయాలు యూనిట్తుగా ఉన్వాయి,0.0,బజాజ్ వి విడుదల చేసిన డిసెంబర్ లో సగటు విక్రయాలు యూనిట్తుగా ఉన్వాయి
ఇక్కడ కాళి నది పై కల ఒక వేలాడే వంతెన ఇండియా మరియు నేపాల్ దేశాలను కలుపుతుంది,0.0,ఇక్కడ కాళి నది పై కల ఒక వేలాడే వంతెన ఇండియా మరియు నేపాల్ దేశాలను కలుపుతుంది,0.0,ఇక్కడ కాళి నది పై కల ఒక వేలాడే వంతెన ఇండియా మరియు నేపాల్ దేశాలను కలుపుతుంది,0.0,ఇక్కడ కాళి నది పై కల ఒక వేలాడే వంతెన ఇండియా మరియు నేపాల్ దేశాలను కలుపుతుంది,0.0,ఇక్కడ కాళి నది పై కల ఒక వేలాడే వంతెన ఇండియా మరియు నేపాల్ దేశాలను కలుపుతుంది
ఇది రుచిలో తీపిగా ఉంటుంది,0.0,ఇది రుచిలో తీపిగా ఉంటుంది,0.0,ఇది రుచిలో తీపిగా ఉంటుంది,0.0,ఇది రుచిలో తీపిగా ఉంటుంది,0.0,ఇది రుచిలో తీపిగా ఉంటుంది
తర్వాత మూజువాణీ ఓటుతో బిల్లును ఆమోదిస్తారు,0.0,తర్చాత మూజువాణీ ఓటుతో బిల్తును ఆమోదిస్లారు,0.0,తర్యాత మూజువాణీ ఓటుతో బిల్గును ఆమోదిస్లారు,0.0,తర్నాత మూజువాణీ ఓటుతో బిల్తును ఆమోదిస్లారు,0.0,తర్నాత మూజువాణీ ఓటుతో బిల్తును ఆమోదిస్లారు
సోషల్ వేదిక,0.0,సోషల్ వేదిక,0.0,సోషల్ వేదిక,0.0,సోషల్ వేదిక,0.0,సోషల్ వేదిక
ఉదరకుహర వ్యాధి,0.0,ఉదరకుహర వ్యాధి,0.0,ఉదరకుహర వ్యాధి,0.0,ఉదరకుహర వ్యాధి,0.0,ఉదరకుహర వ్యాధి
వారు ప్రజ లకు బోధించుటయు యేసునుబట్టి మృతులలోనుండి పునరు త్థానము కలుగునని ప్రకటించుటయు చూచి కలవరపడి వారిమీదికివచ్చి,0.0,వారు ప్రజ లకు బోధించుటయు యేసునుబట్టి మృతులలోనుండి పునరు త్థానము కలుగునని ప్రకటించుటయు చూచి కలవరపడి వారిమీదికివచ్సి,0.0,వారు ప్రజ లకు బోధించుటయు యేసునుబట్టి మృతులలోనుండి పునరు త్థానము కలుగునని ప్రకటించుటయు చూచి కలవరపడి వారిమీదికివచ్వి,0.0,వారు ప్రజ లకు బోధించుటయు యేసునుబట్టి మృతులలోనుండి పునరు త్థానము కలుగునని ప్రకటించుటయు చూచి కలవరపడి వారిమీదికివచ్వి,0.0,వారు ప్రజ లకు బోధించుటయు యేసునుబట్టి మృతులలోనుండి పునరు త్థానము కలుగునని ప్రకటించుటయు చూచి కలవరపడి వారిమీదికివచ్వి
కోట్లు చెల్లించండి,0.0,కోట్ధు చెల్తించండి,0.0,కోట్తు చెల్ధించండి,0.0,కోట్ధు చెల్తించండి,0.0,కోట్గు చెల్గించండి
దానిని చూసి దీని గర్భంలో నాలుగు తెలుపు రంగు కాళ్ళు నొసట చుక్కపువ్వుల తోక కలిగిన మగ గుర్రం జన్మిస్తుంది అన్నాడు,0.0,దానిని చూసి దీని గర్భంలో నాలుగు తెలుపు రంగు కాళ్ళు నొసట చుక్కపువ్చుల తోక కలిగిన మగ గుర్రం జన్శిస్లుంది అన్పాడు,0.0,దానిని చూసి దీని గర్భంలో నాలుగు తెలుపు రంగు కాళ్ళు నొసట చుక్కపువ్సుల తోక కలిగిన మగ గుర్రం జన్శిస్లుంది అన్వాడు,0.0,దానిని చూసి దీని గర్భంలో నాలుగు తెలుపు రంగు కాళ్ళు నొసట చుక్కపువ్నుల తోక కలిగిన మగ గుర్రం జన్శిస్లుంది అన్వాడు,0.0,దానిని చూసి దీని గర్భంలో నాలుగు తెలుపు రంగు కాళ్ళు నొసట చుక్కపువ్నుల తోక కలిగిన మగ గుర్రం జన్శిస్లుంది అన్వాడు
హైదరాబాద్ టాలీవుడ్ సింగర్ బిగ్ బాస్ రియాలిటీ షో సీజన్ విజేత రాహుల్ సిప్లింగంజ్పై దాడి జరిగింది,0.0,హైదరాబాద్ టాలీవుడ్ సింగర్ బిగ్ బాస్ రియాలిటీ షో సీజన్ విజేత రాహుల్ సిప్తింగంజ్సై దాడి జరిగింది,0.0,హైదరాబాద్ టాలీవుడ్ సింగర్ బిగ్ బాస్ రియాలిటీ షో సీజన్ విజేత రాహుల్ సిప్తింగంజ్సై దాడి జరిగింది,0.0,హైదరాబాద్ టాలీవుడ్ సింగర్ బిగ్ బాస్ రియాలిటీ షో సీజన్ విజేత రాహుల్ సిప్గింగంజ్వై దాడి జరిగింది,0.0,హైదరాబాద్ టాలీవుడ్ సింగర్ బిగ్ బాస్ రియాలిటీ షో సీజన్ విజేత రాహుల్ సిప్తింగంజ్వై దాడి జరిగింది
బంతి తిప్పలేకపోయారు,0.0,బంతి తిప్సలేకపోయారు,0.0,బంతి తిప్సలేకపోయారు,0.0,బంతి తిప్సలేకపోయారు,0.0,బంతి తిప్యలేకపోయారు
తాజాగా గరుడవేగ ప్రీ రిలీజ్ వేడుక హైదరాబాద్లో జరిగింది,0.0,తాజాగా గరుడవేగ ప్రీ రిలీజ్ వేడుక హైదరాబాద్గో జరిగింది,0.0,తాజాగా గరుడవేగ ప్రీ రిలీజ్ వేడుక హైదరాబాద్తో జరిగింది,0.0,తాజాగా గరుడవేగ ప్రీ రిలీజ్ వేడుక హైదరాబాద్గో జరిగింది,0.0,తాజాగా గరుడవేగ ప్రీ రిలీజ్ వేడుక హైదరాబాద్గో జరిగింది
మధ్యప్రదేశ్ లో ఘోరం,0.0,మధ్యప్రదేశ్ లో ఘోరం,0.0,మధ్యప్రదేశ్ లో ఘోరం,0.0,మధ్యప్రదేశ్ లో ఘోరం,0.0,మధ్యప్రదేశ్ లో ఘోరం
ఎన్రాన్ నవంబర్ లో ఎన్రాన్ఆన్లైన్ను ఆరంభించింది,0.0,ఎన్రాన్ నవంబర్ లో ఎన్రాన్ఆన్తైన్వు ఆరంభించింది,0.0,ఎన్రాన్ నవంబర్ లో ఎన్రాన్ఆన్ధైన్పు ఆరంభించింది,0.0,ఎన్రాన్ నవంబర్ లో ఎన్రాన్ఆన్ధైన్వు ఆరంభించింది,0.0,ఎన్రాన్ నవంబర్ లో ఎన్రాన్ఆన్తైన్వు ఆరంభించింది
దేశంలోని పలు యూనివర్సిటీల విద్యార్థులు దాడికి నిరసనగా భారీ ఎత్తున ఆందోళనలు చేపట్టారు,0.0,దేశంలోని పలు యూనివర్చిటీల విద్యార్థులు దాడికి నిరసనగా భారీ ఎత్లున ఆందోళనలు చేపట్టారు,0.0,దేశంలోని పలు యూనివర్చిటీల విద్యార్థులు దాడికి నిరసనగా భారీ ఎత్లున ఆందోళనలు చేపట్టారు,0.0,దేశంలోని పలు యూనివర్విటీల విద్యార్థులు దాడికి నిరసనగా భారీ ఎత్లున ఆందోళనలు చేపట్టారు,0.0,దేశంలోని పలు యూనివర్పిటీల విద్యార్థులు దాడికి నిరసనగా భారీ ఎత్లున ఆందోళనలు చేపట్టారు
పాల ట్యాంకర్ను కారు ఢీ కొన్న ఘటనలో నలుగురు అక్కడికక్కడే మృతి చెందారు,0.0,పాల ట్యాంకర్వు కారు ఢీ కొన్ప ఘటనలో నలుగురు అక్కడికక్కడే మృతి చెందారు,0.0,పాల ట్యాంకర్పు కారు ఢీ కొన్ప ఘటనలో నలుగురు అక్కడికక్కడే మృతి చెందారు,0.0,పాల ట్యాంకర్పు కారు ఢీ కొన్ప ఘటనలో నలుగురు అక్కడికక్కడే మృతి చెందారు,0.0,పాల ట్యాంకర్పు కారు ఢీ కొన్ప ఘటనలో నలుగురు అక్కడికక్కడే మృతి చెందారు
ఎగుమతిచేసిన యెంపిక యొక్క పరిమాణము,0.0,ఎగుమతిచేసిన యెంపిక యొక్క పరిమాణము,0.0,ఎగుమతిచేసిన యెంపిక యొక్క పరిమాణము,0.0,ఎగుమతిచేసిన యెంపిక యొక్క పరిమాణము,0.0,ఎగుమతిచేసిన యెంపిక యొక్క పరిమాణము
అంతేగాక ఈ విషయాన్ని బయటికి చెబితే చంపుతానని ఆ బాలికను బెదిరింపులకు గురిచేశాడు,0.0,అంతేగాక ఈ విషయాన్పి బయటికి చెబితే చంపుతానని ఆ బాలికను బెదిరింపులకు గురిచేశాడు,0.0,అంతేగాక ఈ విషయాన్వి బయటికి చెబితే చంపుతానని ఆ బాలికను బెదిరింపులకు గురిచేశాడు,0.0,అంతేగాక ఈ విషయాన్పి బయటికి చెబితే చంపుతానని ఆ బాలికను బెదిరింపులకు గురిచేశాడు,0.0,అంతేగాక ఈ విషయాన్పి బయటికి చెబితే చంపుతానని ఆ బాలికను బెదిరింపులకు గురిచేశాడు
భారతదేశంలోనే అతిపెద్ద మసీదుగా ఇది గుర్తింపు పొందింది,0.0,భారతదేశంలోనే అతిపెద్డ మసీదుగా ఇది గుర్లింపు పొందింది,0.0,భారతదేశంలోనే అతిపెద్  మసీదుగా ఇది గుర్లింపు పొందింది,0.0,భారతదేశంలోనే అతిపెద్  మసీదుగా ఇది గుర్లింపు పొందింది,0.0,భారతదేశంలోనే అతిపెద్  మసీదుగా ఇది గుర్లింపు పొందింది
లక్షల ఆదాయం సంపాదించా,0.0,లక్షల ఆదాయం సంపాదించా,0.0,లక్షల ఆదాయం సంపాదించా,0.0,లక్షల ఆదాయం సంపాదించా,0.0,లక్షల ఆదాయం సంపాదించా
దీనికోసం ఆన్లైన్లో ఫిర్యాదు లు చేసేందుకు కూడా అవకాశం కల్పిస్తున్నారు,0.0,దీనికోసం ఆన్తైన్ధో ఫిర్యాదు లు చేసేందుకు కూడా అవకాశం కల్నిస్లున్వారు,0.0,దీనికోసం ఆన్ధైన్ధో ఫిర్యాదు లు చేసేందుకు కూడా అవకాశం కల్సిస్లున్పారు,0.0,దీనికోసం ఆన్తైన్తో ఫిర్యాదు లు చేసేందుకు కూడా అవకాశం కల్సిస్లున్వారు,0.0,దీనికోసం ఆన్ధైన్తో ఫిర్యాదు లు చేసేందుకు కూడా అవకాశం కల్నిస్లున్పారు
తెలంగాణ ప్రభుత్వం నల్లగొండ జిల్లా నాగార్జునసాగర్లోని ప్రభుత్వ కమలా నెహ్రూ ఆసుపత్రిలో రూ,0.0,తెలంగాణ ప్రభుత్పం నల్ధగొండ జిల్ధా నాగార్జునసాగర్తోని ప్రభుత్య కమలా నెహ్రూ ఆసుపత్రిలో రూ,0.0,తెలంగాణ ప్రభుత్పం నల్గగొండ జిల్గా నాగార్జునసాగర్తోని ప్రభుత్స కమలా నెహ్రూ ఆసుపత్రిలో రూ,0.0,తెలంగాణ ప్రభుత్నం నల్ధగొండ జిల్తా నాగార్జునసాగర్గోని ప్రభుత్న కమలా నెహ్రూ ఆసుపత్రిలో రూ,0.0,తెలంగాణ ప్రభుత్పం నల్గగొండ జిల్ధా నాగార్జునసాగర్గోని ప్రభుత్చ కమలా నెహ్రూ ఆసుపత్రిలో రూ
భారత దేశం చాలా విశాలమైనది,0.0,భారత దేశం చాలా విశాలమైనది,0.0,భారత దేశం చాలా విశాలమైనది,0.0,భారత దేశం చాలా విశాలమైనది,0.0,భారత దేశం చాలా విశాలమైనది
పంజాబ్ నేషనల్ బ్యాంకు పీఎన్బీలో నీరవ్మోడీ రూ,0.0,పంజాబ్ నేషనల్ బ్యాంకు పీఎన్బీలో నీరవ్శోడీ రూ,0.0,పంజాబ్ నేషనల్ బ్యాంకు పీఎన్బీలో నీరవ్శోడీ రూ,0.0,పంజాబ్ నేషనల్ బ్యాంకు పీఎన్బీలో నీరవ్శోడీ రూ,0.0,పంజాబ్ నేషనల్ బ్యాంకు పీఎన్బీలో నీరవ్శోడీ రూ
ప్రాథమిక ప్యానల్ నమూనాను సృష్టించలేము,0.0,ప్రాథమిక ప్యానల్ నమూనాను సృష్టించలేము,0.0,ప్రాథమిక ప్యానల్ నమూనాను సృష్టించలేము,0.0,ప్రాథమిక ప్యానల్ నమూనాను సృష్టించలేము,0.0,ప్రాథమిక ప్యానల్ నమూనాను సృష్టించలేము
రామనగర చెన్నపట్నలో హెచ్డీ కుమారస్వామి ముందంజ,0.0,రామనగర చెన్వపట్పలో హెచ్దీ కుమారస్సామి ముందంజ,0.0,రామనగర చెన్వపట్పలో హెచ్దీ కుమారస్సామి ముందంజ,0.0,రామనగర చెన్వపట్వలో హెచ్దీ కుమారస్నామి ముందంజ,0.0,రామనగర చెన్వపట్పలో హెచ్ధీ కుమారస్చామి ముందంజ
తాజాగా ఆయన బిజెపితో పొత్తు పెట్టుకున్నారు,0.0,తాజాగా ఆయన బిజెపితో పొత్లు పెట్టుకున్పారు,0.0,తాజాగా ఆయన బిజెపితో పొత్లు పెట్టుకున్వారు,0.0,తాజాగా ఆయన బిజెపితో పొత్లు పెట్టుకున్వారు,0.0,తాజాగా ఆయన బిజెపితో పొత్లు పెట్టుకున్వారు
ఇందిరా గాంధీ గతంలో యిలాగే చేసింది,0.0,ఇందిరా గాంధీ గతంలో యిలాగే చేసింది,0.0,ఇందిరా గాంధీ గతంలో యిలాగే చేసింది,0.0,ఇందిరా గాంధీ గతంలో యిలాగే చేసింది,0.0,ఇందిరా గాంధీ గతంలో యిలాగే చేసింది
లేకపోతే ఏదో ప్రయత్నించండి,0.0,లేకపోతే ఏదో ప్రయత్వించండి,0.0,లేకపోతే ఏదో ప్రయత్వించండి,0.0,లేకపోతే ఏదో ప్రయత్పించండి,0.0,లేకపోతే ఏదో ప్రయత్వించండి
అన్నయ్య కూడా అంతే,0.0,అన్వయ్య కూడా అంతే,0.0,అన్వయ్య కూడా అంతే,0.0,అన్పయ్య కూడా అంతే,0.0,అన్వయ్య కూడా అంతే
ఈ మార్పులు అవసరం,0.0,ఈ మార్యులు అవసరం,0.0,ఈ మార్నులు అవసరం,0.0,ఈ మార్నులు అవసరం,0.0,ఈ మార్వులు అవసరం
దీంతో దాదాపు ఆసియా మార్కెట్లన్నీ శాతం స్థాయిలో తిరోగమించాయి,0.0,దీంతో దాదాపు ఆసియా మార్కెట్గన్వీ శాతం స్థాయిలో తిరోగమించాయి,0.0,దీంతో దాదాపు ఆసియా మార్కెట్గన్వీ శాతం స్థాయిలో తిరోగమించాయి,0.0,దీంతో దాదాపు ఆసియా మార్కెట్ధన్వీ శాతం స్థాయిలో తిరోగమించాయి,0.0,దీంతో దాదాపు ఆసియా మార్కెట్గన్పీ శాతం స్థాయిలో తిరోగమించాయి
వెంటనే ఇంటికి పరుగుతీశాడు,0.0,వెంటనే ఇంటికి పరుగుతీశాడు,0.0,వెంటనే ఇంటికి పరుగుతీశాడు,0.0,వెంటనే ఇంటికి పరుగుతీశాడు,0.0,వెంటనే ఇంటికి పరుగుతీశాడు
ఆయన కుటుంబ సభ్యులకు ప్రగాఢ సానుభూతిని తెలియజేశారు,0.0,ఆయన కుటుంబ సభ్యులకు ప్రగాఢ సానుభూతిని తెలియజేశారు,0.0,ఆయన కుటుంబ సభ్యులకు ప్రగాఢ సానుభూతిని తెలియజేశారు,0.0,ఆయన కుటుంబ సభ్యులకు ప్రగాఢ సానుభూతిని తెలియజేశారు,0.0,ఆయన కుటుంబ సభ్యులకు ప్రగాఢ సానుభూతిని తెలియజేశారు
సరిగ్గా ఇలాంటిదే మరో బాలీవుడ్క్రికెట్ లింకుతో మరో ప్రేమాయణం నడవనుందా,0.0,సరిగ్ఠా ఇలాంటిదే మరో బాలీవుడ్క్రికెట్ లింకుతో మరో ప్రేమాయణం నడవనుందా,0.0,సరిగ్ధా ఇలాంటిదే మరో బాలీవుడ్క్రికెట్ లింకుతో మరో ప్రేమాయణం నడవనుందా,0.0,సరిగ్ధా ఇలాంటిదే మరో బాలీవుడ్క్రికెట్ లింకుతో మరో ప్రేమాయణం నడవనుందా,0.0,సరిగ్ఠా ఇలాంటిదే మరో బాలీవుడ్క్రికెట్ లింకుతో మరో ప్రేమాయణం నడవనుందా
పశ్చిమ బెంగాల్ ముఖ్యమంత్రి మమతా బెనర్జీ శ్రద్ధాంజలి ఘటించారు,0.0,పశ్సిమ బెంగాల్ ముఖ్యమంత్రి మమతా బెనర్జీ శ్రద్దాంజలి ఘటించారు,0.0,పశ్సిమ బెంగాల్ ముఖ్యమంత్రి మమతా బెనర్జీ శ్రద్దాంజలి ఘటించారు,0.0,పశ్విమ బెంగాల్ ముఖ్యమంత్రి మమతా బెనర్జీ శ్రద్దాంజలి ఘటించారు,0.0,పశ్సిమ బెంగాల్ ముఖ్యమంత్రి మమతా బెనర్జీ శ్రద్డాంజలి ఘటించారు
మరి మనం దేవునికి నమ్మకంగా ఉన్నామని ఎలా చూపించగలం,0.0,మరి మనం దేవునికి నమ్శకంగా ఉన్పామని ఎలా చూపించగలం,0.0,మరి మనం దేవునికి నమ్శకంగా ఉన్వామని ఎలా చూపించగలం,0.0,మరి మనం దేవునికి నమ్శకంగా ఉన్వామని ఎలా చూపించగలం,0.0,మరి మనం దేవునికి నమ్శకంగా ఉన్వామని ఎలా చూపించగలం
ఇలా తెలియజేయడం ఐచ్ఛికం కాదు తప్పనిసరి,0.0,ఇలా తెలియజేయడం ఐచ్ఛికం కాదు తప్యనిసరి,0.0,ఇలా తెలియజేయడం ఐచ్ఛికం కాదు తప్వనిసరి,0.0,ఇలా తెలియజేయడం ఐచ్ఛికం కాదు తప్ననిసరి,0.0,ఇలా తెలియజేయడం ఐచ్ఛికం కాదు తప్సనిసరి
కానీ పెద్ద కిరీటం లేవు,0.0,కానీ పెద్ధ కిరీటం లేవు,0.0,కానీ పెద్డ కిరీటం లేవు,0.0,కానీ పెద్ధ కిరీటం లేవు,0.0,కానీ పెద్  కిరీటం లేవు
అవి అహ్మదాబాద్ హైదరాబాద్ ముంబాయ్ పూనే గోవా చంఢీగర్ ఢిల్లీఎన్సీఆర్ చెన్నై మరియు బెంగళూరు,0.0,అవి అహ్శదాబాద్ హైదరాబాద్ ముంబాయ్ పూనే గోవా చంఢీగర్ ఢిల్ధీఎన్నీఆర్ చెన్వై మరియు బెంగళూరు,0.0,అవి అహ్శదాబాద్ హైదరాబాద్ ముంబాయ్ పూనే గోవా చంఢీగర్ ఢిల్తీఎన్చీఆర్ చెన్పై మరియు బెంగళూరు,0.0,అవి అహ్శదాబాద్ హైదరాబాద్ ముంబాయ్ పూనే గోవా చంఢీగర్ ఢిల్తీఎన్నీఆర్ చెన్పై మరియు బెంగళూరు,0.0,అవి అహ్శదాబాద్ హైదరాబాద్ ముంబాయ్ పూనే గోవా చంఢీగర్ ఢిల్ధీఎన్పీఆర్ చెన్పై మరియు బెంగళూరు
మందిని ప్రాణాలతో కాపాడగలిగారు,0.0,మందిని ప్రాణాలతో కాపాడగలిగారు,0.0,మందిని ప్రాణాలతో కాపాడగలిగారు,0.0,మందిని ప్రాణాలతో కాపాడగలిగారు,0.0,మందిని ప్రాణాలతో కాపాడగలిగారు
పూలు కురిశాయి,0.0,పూలు కురిశాయి,0.0,పూలు కురిశాయి,0.0,పూలు కురిశాయి,0.0,పూలు కురిశాయి
శ్రీవారిని దర్శించుకున్న పీయూష్ గోయల్,0.0,శ్రీవారిని దర్మించుకున్వ పీయూష్ గోయల్,0.0,శ్రీవారిని దర్మించుకున్ప పీయూష్ గోయల్,0.0,శ్రీవారిని దర్మించుకున్వ పీయూష్ గోయల్,0.0,శ్రీవారిని దర్మించుకున్ప పీయూష్ గోయల్
నీవెందుకు నా సొమ్ము సాహుకారులయొద్ద నుంచలేదు అట్లు చేసి యుండినయెడల నేను వచ్చి వడ్డితో దానిని తీసికొందునే అని వానితో చెప్పి,0.0,నీవెందుకు నా సొమ్శు సాహుకారులయొద్  నుంచలేదు అట్గు చేసి యుండినయెడల నేను వచ్సి వడ్ధితో దానిని తీసికొందునే అని వానితో చెప్యి,0.0,నీవెందుకు నా సొమ్శు సాహుకారులయొద్ధ నుంచలేదు అట్ధు చేసి యుండినయెడల నేను వచ్సి వడ్దితో దానిని తీసికొందునే అని వానితో చెప్యి,0.0,నీవెందుకు నా సొమ్శు సాహుకారులయొద్ధ నుంచలేదు అట్గు చేసి యుండినయెడల నేను వచ్వి వడ్దితో దానిని తీసికొందునే అని వానితో చెప్సి,0.0,నీవెందుకు నా సొమ్శు సాహుకారులయొద్ధ నుంచలేదు అట్ధు చేసి యుండినయెడల నేను వచ్వి వడ్ధితో దానిని తీసికొందునే అని వానితో చెప్యి
కోట్లకుపైగా దోపిడీ చేశారు,0.0,కోట్గకుపైగా దోపిడీ చేశారు,0.0,కోట్ధకుపైగా దోపిడీ చేశారు,0.0,కోట్తకుపైగా దోపిడీ చేశారు,0.0,కోట్తకుపైగా దోపిడీ చేశారు
లేదా వికటిస్తాయా,0.0,లేదా వికటిస్లాయా,0.0,లేదా వికటిస్లాయా,0.0,లేదా వికటిస్లాయా,0.0,లేదా వికటిస్లాయా
మనమాయన సేవలో చేసే స్వయంత్యాగపూరిత సేవను ఆయన తప్పకుండా జ్ఞాపకం ఉంచుకుంటాడు అధికంగా ఆశీర్వదిస్తాడు కూడా,0.0,మనమాయన సేవలో చేసే స్పయంత్యాగపూరిత సేవను ఆయన తప్నకుండా జ్ఞాపకం ఉంచుకుంటాడు అధికంగా ఆశీర్సదిస్లాడు కూడా,0.0,మనమాయన సేవలో చేసే స్నయంత్యాగపూరిత సేవను ఆయన తప్వకుండా జ్ఞాపకం ఉంచుకుంటాడు అధికంగా ఆశీర్సదిస్లాడు కూడా,0.0,మనమాయన సేవలో చేసే స్చయంత్యాగపూరిత సేవను ఆయన తప్సకుండా జ్ఞాపకం ఉంచుకుంటాడు అధికంగా ఆశీర్చదిస్లాడు కూడా,0.0,మనమాయన సేవలో చేసే స్పయంత్యాగపూరిత సేవను ఆయన తప్వకుండా జ్ఞాపకం ఉంచుకుంటాడు అధికంగా ఆశీర్యదిస్లాడు కూడా
ఈ కోసం పలు వివరణలు ఉన్నాయి,0.0,ఈ కోసం పలు వివరణలు ఉన్పాయి,0.0,ఈ కోసం పలు వివరణలు ఉన్పాయి,0.0,ఈ కోసం పలు వివరణలు ఉన్వాయి,0.0,ఈ కోసం పలు వివరణలు ఉన్పాయి
విమాన ప్రమాద ఘటనపై రాష్ట్రపతి రామ్నాథ్ కోవింద్ ఉపరాష్ట్రపతి వెంకయ్యనాయుడు ప్రధాని మోదీ తీవ్ర దిగ్భ్రాంతి వ్యక్తం చేశారు,0.0,విమాన ప్రమాద ఘటనపై రాష్ట్రపతి రామ్వాథ్ కోవింద్ ఉపరాష్ట్రపతి వెంకయ్యనాయుడు ప్రధాని మోదీ తీవ్ర దిగ్భ్రాంతి వ్యక్లం చేశారు,0.0,విమాన ప్రమాద ఘటనపై రాష్ట్రపతి రామ్వాథ్ కోవింద్ ఉపరాష్ట్రపతి వెంకయ్యనాయుడు ప్రధాని మోదీ తీవ్ర దిగ్భ్రాంతి వ్యక్లం చేశారు,0.0,విమాన ప్రమాద ఘటనపై రాష్ట్రపతి రామ్పాథ్ కోవింద్ ఉపరాష్ట్రపతి వెంకయ్యనాయుడు ప్రధాని మోదీ తీవ్ర దిగ్భ్రాంతి వ్యక్లం చేశారు,0.0,విమాన ప్రమాద ఘటనపై రాష్ట్రపతి రామ్వాథ్ కోవింద్ ఉపరాష్ట్రపతి వెంకయ్యనాయుడు ప్రధాని మోదీ తీవ్ర దిగ్భ్రాంతి వ్యక్లం చేశారు
అయితే సినిమా అనుకున్నంతగా ఆడలేదు,0.0,అయితే సినిమా అనుకున్పంతగా ఆడలేదు,0.0,అయితే సినిమా అనుకున్వంతగా ఆడలేదు,0.0,అయితే సినిమా అనుకున్పంతగా ఆడలేదు,0.0,అయితే సినిమా అనుకున్వంతగా ఆడలేదు
హత్యకు కారణమైన గొడవ గురించి పోలీసులు నిందితుని నుంచి సమాచారం తెలుసుకోవడానికి ప్రయత్నిస్తున్నారు,0.0,హత్యకు కారణమైన గొడవ గురించి పోలీసులు నిందితుని నుంచి సమాచారం తెలుసుకోవడానికి ప్రయత్పిస్లున్పారు,0.0,హత్యకు కారణమైన గొడవ గురించి పోలీసులు నిందితుని నుంచి సమాచారం తెలుసుకోవడానికి ప్రయత్విస్లున్వారు,0.0,హత్యకు కారణమైన గొడవ గురించి పోలీసులు నిందితుని నుంచి సమాచారం తెలుసుకోవడానికి ప్రయత్విస్లున్పారు,0.0,హత్యకు కారణమైన గొడవ గురించి పోలీసులు నిందితుని నుంచి సమాచారం తెలుసుకోవడానికి ప్రయత్విస్లున్వారు
అక్కడ కరోనా పాజిటివ్ల సంఖ్య రోజురోజుకు అధికమవుతోంది,0.0,అక్కడ కరోనా పాజిటివ్గ సంఖ్య రోజురోజుకు అధికమవుతోంది,0.0,అక్కడ కరోనా పాజిటివ్త సంఖ్య రోజురోజుకు అధికమవుతోంది,0.0,అక్కడ కరోనా పాజిటివ్ధ సంఖ్య రోజురోజుకు అధికమవుతోంది,0.0,అక్కడ కరోనా పాజిటివ్ధ సంఖ్య రోజురోజుకు అధికమవుతోంది
చిరుకి రాజకీయాలపై మోజు తగ్గలేదా,0.0,చిరుకి రాజకీయాలపై మోజు తగ్ధలేదా,0.0,చిరుకి రాజకీయాలపై మోజు తగ్ధలేదా,0.0,చిరుకి రాజకీయాలపై మోజు తగ్ఠలేదా,0.0,చిరుకి రాజకీయాలపై మోజు తగ్లలేదా
మొత్తం కేసులు క్రియాశీల కేసులు మరణాలు గా ఉన్నాయి,0.0,మొత్లం కేసులు క్రియాశీల కేసులు మరణాలు గా ఉన్వాయి,0.0,మొత్లం కేసులు క్రియాశీల కేసులు మరణాలు గా ఉన్వాయి,0.0,మొత్లం కేసులు క్రియాశీల కేసులు మరణాలు గా ఉన్వాయి,0.0,మొత్లం కేసులు క్రియాశీల కేసులు మరణాలు గా ఉన్పాయి
కోట్ల,0.0,కోట్ల,0.0,కోట్గ,0.0,కోట్గ,0.0,కోట్త
శిల్పా శెట్టి రాజ్ కుంద్రా దంపతులు సరోగసి పద్దతిలో ఈ పాపకు జన్మనిచ్చారు,0.0,శిల్నా శెట్టి రాజ్ కుంద్రా దంపతులు సరోగసి పద్ధతిలో ఈ పాపకు జన్శనిచ్వారు,0.0,శిల్నా శెట్టి రాజ్ కుంద్రా దంపతులు సరోగసి పద్ తిలో ఈ పాపకు జన్శనిచ్సారు,0.0,శిల్సా శెట్టి రాజ్ కుంద్రా దంపతులు సరోగసి పద్ధతిలో ఈ పాపకు జన్శనిచ్వారు,0.0,శిల్నా శెట్టి రాజ్ కుంద్రా దంపతులు సరోగసి పద్ తిలో ఈ పాపకు జన్శనిచ్వారు
పోలీసులపై వారు రాళ్లు రువ్వారు,0.0,పోలీసులపై వారు రాళ్ధు రువ్చారు,0.0,పోలీసులపై వారు రాళ్తు రువ్పారు,0.0,పోలీసులపై వారు రాళ్గు రువ్చారు,0.0,పోలీసులపై వారు రాళ్గు రువ్చారు
గత మ్యాచ్ సంబంధించిన జట్టుకూర్పును అతను బాగా అర్థం చేసుకున్నాడు,0.0,గత మ్యాచ్ సంబంధించిన జట్టుకూర్యును అతను బాగా అర్థం చేసుకున్వాడు,0.0,గత మ్యాచ్ సంబంధించిన జట్టుకూర్నును అతను బాగా అర్థం చేసుకున్వాడు,0.0,గత మ్యాచ్ సంబంధించిన జట్టుకూర్సును అతను బాగా అర్థం చేసుకున్వాడు,0.0,గత మ్యాచ్ సంబంధించిన జట్టుకూర్నును అతను బాగా అర్థం చేసుకున్పాడు
బయాలజీ మేథ్స్ ఫిజిక్స్ కెమిస్ట్రీ సబ్జెక్టుల్లో కోర్సులు నిర్వహిస్తున్నారు,0.0,బయాలజీ మేథ్ప్ ఫిజిక్వ్ కెమిస్ట్రీ సబ్జెక్టుల్గో కోర్వులు నిర్నహిస్లున్వారు,0.0,బయాలజీ మేథ్చ్ ఫిజిక్చ్ కెమిస్ట్రీ సబ్జెక్టుల్గో కోర్పులు నిర్పహిస్లున్పారు,0.0,బయాలజీ మేథ్న్ ఫిజిక్ప్ కెమిస్ట్రీ సబ్జెక్టుల్ధో కోర్వులు నిర్సహిస్లున్వారు,0.0,బయాలజీ మేథ్చ్ ఫిజిక్వ్ కెమిస్ట్రీ సబ్జెక్టుల్ధో కోర్వులు నిర్పహిస్లున్పారు
శరీరము ననుసరింపక ఆత్మననుసరించియే నడుచుకొను మనయందు ధర్మశాస్త్ర సంబంధమైన నీతివిధి నెరవేర్చబడవలెనని పాప పరిహారమునిమిత్తము,0.0,శరీరము ననుసరింపక ఆత్శననుసరించియే నడుచుకొను మనయందు ధర్శశాస్ల్ర సంబంధమైన నీతివిధి నెరవేర్సబడవలెనని పాప పరిహారమునిమిత్లము,0.0,శరీరము ననుసరింపక ఆత్శననుసరించియే నడుచుకొను మనయందు ధర్శశాస్ల్ర సంబంధమైన నీతివిధి నెరవేర్సబడవలెనని పాప పరిహారమునిమిత్లము,0.0,శరీరము ననుసరింపక ఆత్శననుసరించియే నడుచుకొను మనయందు ధర్శశాస్ల్ర సంబంధమైన నీతివిధి నెరవేర్వబడవలెనని పాప పరిహారమునిమిత్లము,0.0,శరీరము ననుసరింపక ఆత్శననుసరించియే నడుచుకొను మనయందు ధర్శశాస్ల్ర సంబంధమైన నీతివిధి నెరవేర్వబడవలెనని పాప పరిహారమునిమిత్లము
గూఢచర్యానికి పాల్పడ్డారనే ఆరోపణలపై గతంలో భారత మాజీ నేవీ అధికారి కుల్భూషణ్ జాదవ్ను బెలూచిస్తాన్ ప్రాంతంలోనే పాక్ పోలీసులు అదుపులోకి తీసుకున్నారు,0.0,గూఢచర్యానికి పాల్వడ్దారనే ఆరోపణలపై గతంలో భారత మాజీ నేవీ అధికారి కుల్భూషణ్ జాదవ్వు బెలూచిస్లాన్ ప్రాంతంలోనే పాక్ పోలీసులు అదుపులోకి తీసుకున్వారు,0.0,గూఢచర్యానికి పాల్వడ్ధారనే ఆరోపణలపై గతంలో భారత మాజీ నేవీ అధికారి కుల్భూషణ్ జాదవ్వు బెలూచిస్లాన్ ప్రాంతంలోనే పాక్ పోలీసులు అదుపులోకి తీసుకున్పారు,0.0,గూఢచర్యానికి పాల్నడ్ధారనే ఆరోపణలపై గతంలో భారత మాజీ నేవీ అధికారి కుల్భూషణ్ జాదవ్పు బెలూచిస్లాన్ ప్రాంతంలోనే పాక్ పోలీసులు అదుపులోకి తీసుకున్వారు,0.0,గూఢచర్యానికి పాల్యడ్ధారనే ఆరోపణలపై గతంలో భారత మాజీ నేవీ అధికారి కుల్భూషణ్ జాదవ్వు బెలూచిస్లాన్ ప్రాంతంలోనే పాక్ పోలీసులు అదుపులోకి తీసుకున్వారు
అక్కడి వాతావరణం చాలా బాగుంది,0.0,అక్కడి వాతావరణం చాలా బాగుంది,0.0,అక్కడి వాతావరణం చాలా బాగుంది,0.0,అక్కడి వాతావరణం చాలా బాగుంది,0.0,అక్కడి వాతావరణం చాలా బాగుంది
ఫ్రాన్స్లోని మార్సీల్లే ప్రధాన కార్యాలయంగా పనిచేస్తున్న ఈ షిప్పింగ్ కంపెనీ కి పైగా దేశాల్లో పోర్టులకు సేవలు అందిస్తోంది,0.0,ఫ్రాన్ప్గోని మార్పీల్గే ప్రధాన కార్యాలయంగా పనిచేస్లున్వ ఈ షిప్వింగ్ కంపెనీ కి పైగా దేశాల్తో పోర్టులకు సేవలు అందిస్లోంది,0.0,ఫ్రాన్న్తోని మార్వీల్ధే ప్రధాన కార్యాలయంగా పనిచేస్లున్వ ఈ షిప్నింగ్ కంపెనీ కి పైగా దేశాల్తో పోర్టులకు సేవలు అందిస్లోంది,0.0,ఫ్రాన్వ్గోని మార్పీల్తే ప్రధాన కార్యాలయంగా పనిచేస్లున్వ ఈ షిప్సింగ్ కంపెనీ కి పైగా దేశాల్గో పోర్టులకు సేవలు అందిస్లోంది,0.0,ఫ్రాన్న్తోని మార్చీల్గే ప్రధాన కార్యాలయంగా పనిచేస్లున్వ ఈ షిప్నింగ్ కంపెనీ కి పైగా దేశాల్తో పోర్టులకు సేవలు అందిస్లోంది
చిత్రాన్ని మలయాళ దర్శకుడు జీతూ జోసెఫ్ డైరెక్టుచేయనున్నారు,0.0,చిత్రాన్పి మలయాళ దర్మకుడు జీతూ జోసెఫ్ డైరెక్టుచేయనున్పారు,0.0,చిత్రాన్పి మలయాళ దర్మకుడు జీతూ జోసెఫ్ డైరెక్టుచేయనున్పారు,0.0,చిత్రాన్పి మలయాళ దర్మకుడు జీతూ జోసెఫ్ డైరెక్టుచేయనున్వారు,0.0,చిత్రాన్వి మలయాళ దర్మకుడు జీతూ జోసెఫ్ డైరెక్టుచేయనున్వారు
కారు ఆపి కాశిని పిలిచాడు,0.0,కారు ఆపి కాశిని పిలిచాడు,0.0,కారు ఆపి కాశిని పిలిచాడు,0.0,కారు ఆపి కాశిని పిలిచాడు,0.0,కారు ఆపి కాశిని పిలిచాడు
రాజ కుటుంబం నుంచి బయటకు వచ్చిన హ్యారీ మేఘన్ కెనడాలో శాశ్వతంగా నివసిస్తారని తెలిసింది,0.0,రాజ కుటుంబం నుంచి బయటకు వచ్సిన హ్యారీ మేఘన్ కెనడాలో శాశ్నతంగా నివసిస్లారని తెలిసింది,0.0,రాజ కుటుంబం నుంచి బయటకు వచ్సిన హ్యారీ మేఘన్ కెనడాలో శాశ్యతంగా నివసిస్లారని తెలిసింది,0.0,రాజ కుటుంబం నుంచి బయటకు వచ్విన హ్యారీ మేఘన్ కెనడాలో శాశ్చతంగా నివసిస్లారని తెలిసింది,0.0,రాజ కుటుంబం నుంచి బయటకు వచ్విన హ్యారీ మేఘన్ కెనడాలో శాశ్యతంగా నివసిస్లారని తెలిసింది
కాంట్రాక్టు విలువను రూ,0.0,కాంట్రాక్టు విలువను రూ,0.0,కాంట్రాక్టు విలువను రూ,0.0,కాంట్రాక్టు విలువను రూ,0.0,కాంట్రాక్టు విలువను రూ
హైదరాబాద్లోని అన్నపూర్ణ స్టూడియోలో ఈ సినిమా షూటింగ్ శరవేగంగా జరుగుతుంది,0.0,హైదరాబాద్గోని అన్వపూర్ణ స్టూడియోలో ఈ సినిమా షూటింగ్ శరవేగంగా జరుగుతుంది,0.0,హైదరాబాద్తోని అన్వపూర్ణ స్టూడియోలో ఈ సినిమా షూటింగ్ శరవేగంగా జరుగుతుంది,0.0,హైదరాబాద్ధోని అన్పపూర్ణ స్టూడియోలో ఈ సినిమా షూటింగ్ శరవేగంగా జరుగుతుంది,0.0,హైదరాబాద్ధోని అన్పపూర్ణ స్టూడియోలో ఈ సినిమా షూటింగ్ శరవేగంగా జరుగుతుంది
తనకు ముగ్గురు సంతానం,0.0,తనకు ముగ్ధురు సంతానం,0.0,తనకు ముగ్లురు సంతానం,0.0,తనకు ముగ్ధురు సంతానం,0.0,తనకు ముగ్లురు సంతానం
వ స్థానం దక్కించుకుంది,0.0,వ స్థానం దక్కించుకుంది,0.0,వ స్థానం దక్కించుకుంది,0.0,వ స్థానం దక్కించుకుంది,0.0,వ స్థానం దక్కించుకుంది
షాబాజ్ ఖాన్,0.0,షాబాజ్ ఖాన్,0.0,షాబాజ్ ఖాన్,0.0,షాబాజ్ ఖాన్,0.0,షాబాజ్ ఖాన్
పోలీసులు కూడా వచ్చారు కొడుకు మాటలకు కొయ్యబారిపోయాడు పరాంకుశం,0.0,పోలీసులు కూడా వచ్వారు కొడుకు మాటలకు కొయ్యబారిపోయాడు పరాంకుశం,0.0,పోలీసులు కూడా వచ్వారు కొడుకు మాటలకు కొయ్యబారిపోయాడు పరాంకుశం,0.0,పోలీసులు కూడా వచ్సారు కొడుకు మాటలకు కొయ్యబారిపోయాడు పరాంకుశం,0.0,పోలీసులు కూడా వచ్వారు కొడుకు మాటలకు కొయ్యబారిపోయాడు పరాంకుశం
హోండా జాజ్ ఫేస్లిఫ్ట్ వి వేరియంట్ పెట్రోల్ మరియు డీజల్ రెండు ఇంజన్లతో లభ్యమవుతుంది,0.0,హోండా జాజ్ ఫేస్గిఫ్ట్ వి వేరియంట్ పెట్రోల్ మరియు డీజల్ రెండు ఇంజన్గతో లభ్యమవుతుంది,0.0,హోండా జాజ్ ఫేస్తిఫ్ట్ వి వేరియంట్ పెట్రోల్ మరియు డీజల్ రెండు ఇంజన్తతో లభ్యమవుతుంది,0.0,హోండా జాజ్ ఫేస్గిఫ్ట్ వి వేరియంట్ పెట్రోల్ మరియు డీజల్ రెండు ఇంజన్గతో లభ్యమవుతుంది,0.0,హోండా జాజ్ ఫేస్ధిఫ్ట్ వి వేరియంట్ పెట్రోల్ మరియు డీజల్ రెండు ఇంజన్గతో లభ్యమవుతుంది
మిర్జాపూర్కు సుప్రీం కోర్టు నోటీసులు,0.0,మిర్జాపూర్కు సుప్రీం కోర్టు నోటీసులు,0.0,మిర్జాపూర్కు సుప్రీం కోర్టు నోటీసులు,0.0,మిర్జాపూర్కు సుప్రీం కోర్టు నోటీసులు,0.0,మిర్జాపూర్కు సుప్రీం కోర్టు నోటీసులు
దురదృష్టవశాత్తూ మన ప్రాంతంలో ముస్లిం దేశాల మధ్య యుద్దం కొనసాగుతోందని అన్నారు,0.0,దురదృష్టవశాత్లూ మన ప్రాంతంలో ముస్ధిం దేశాల మధ్య యుద్డం కొనసాగుతోందని అన్పారు,0.0,దురదృష్టవశాత్లూ మన ప్రాంతంలో ముస్గిం దేశాల మధ్య యుద్ ం కొనసాగుతోందని అన్వారు,0.0,దురదృష్టవశాత్లూ మన ప్రాంతంలో ముస్గిం దేశాల మధ్య యుద్డం కొనసాగుతోందని అన్వారు,0.0,దురదృష్టవశాత్లూ మన ప్రాంతంలో ముస్ధిం దేశాల మధ్య యుద్డం కొనసాగుతోందని అన్పారు
తెల్లటి రంగు ఉండాలా,0.0,తెల్తటి రంగు ఉండాలా,0.0,తెల్తటి రంగు ఉండాలా,0.0,తెల్తటి రంగు ఉండాలా,0.0,తెల్తటి రంగు ఉండాలా
తెలంగాణలోని ఏడు విశ్వవిద్యాలయాల్లో పరిశోధన కోసం ఆ నిధులను ఉద్దేశించారు,0.0,తెలంగాణలోని ఏడు విశ్సవిద్యాలయాల్ధో పరిశోధన కోసం ఆ నిధులను ఉద్ ేశించారు,0.0,తెలంగాణలోని ఏడు విశ్నవిద్యాలయాల్గో పరిశోధన కోసం ఆ నిధులను ఉద్డేశించారు,0.0,తెలంగాణలోని ఏడు విశ్సవిద్యాలయాల్ధో పరిశోధన కోసం ఆ నిధులను ఉద్ధేశించారు,0.0,తెలంగాణలోని ఏడు విశ్చవిద్యాలయాల్తో పరిశోధన కోసం ఆ నిధులను ఉద్డేశించారు
బెండు నిటారుగా మరియు బలమైన ఉంది,0.0,బెండు నిటారుగా మరియు బలమైన ఉంది,0.0,బెండు నిటారుగా మరియు బలమైన ఉంది,0.0,బెండు నిటారుగా మరియు బలమైన ఉంది,0.0,బెండు నిటారుగా మరియు బలమైన ఉంది
అమెరికాలో గాంధీ విగ్రహం ధ్వంసం పట్ల తీవ్ర నిరసన,0.0,అమెరికాలో గాంధీ విగ్రహం ధ్పంసం పట్గ తీవ్ర నిరసన,0.0,అమెరికాలో గాంధీ విగ్రహం ధ్నంసం పట్త తీవ్ర నిరసన,0.0,అమెరికాలో గాంధీ విగ్రహం ధ్చంసం పట్త తీవ్ర నిరసన,0.0,అమెరికాలో గాంధీ విగ్రహం ధ్పంసం పట్త తీవ్ర నిరసన
ఎవ్వరైనా ఎందుకు డబ్బు ఇస్తారు,0.0,ఎవ్నరైనా ఎందుకు డబ్బు ఇస్లారు,0.0,ఎవ్చరైనా ఎందుకు డబ్బు ఇస్లారు,0.0,ఎవ్యరైనా ఎందుకు డబ్బు ఇస్లారు,0.0,ఎవ్యరైనా ఎందుకు డబ్బు ఇస్లారు
ఆ రెండింటికి సంబంధం ఏంటని ప్రశ్నించారు,0.0,ఆ రెండింటికి సంబంధం ఏంటని ప్రశ్పించారు,0.0,ఆ రెండింటికి సంబంధం ఏంటని ప్రశ్పించారు,0.0,ఆ రెండింటికి సంబంధం ఏంటని ప్రశ్పించారు,0.0,ఆ రెండింటికి సంబంధం ఏంటని ప్రశ్వించారు
తొలి జాబితా ఇక ప్రచారం,0.0,తొలి జాబితా ఇక ప్రచారం,0.0,తొలి జాబితా ఇక ప్రచారం,0.0,తొలి జాబితా ఇక ప్రచారం,0.0,తొలి జాబితా ఇక ప్రచారం
దాడిలో ఒకరు మృతి చెందగా ఇద్దరు గాయపడ్డారు,0.0,దాడిలో ఒకరు మృతి చెందగా ఇద్డరు గాయపడ్ధారు,0.0,దాడిలో ఒకరు మృతి చెందగా ఇద్డరు గాయపడ్దారు,0.0,దాడిలో ఒకరు మృతి చెందగా ఇద్డరు గాయపడ్దారు,0.0,దాడిలో ఒకరు మృతి చెందగా ఇద్ రు గాయపడ్ధారు
అనుభవం కూడా పరిగణలోకి తీసుకుంటారు,0.0,అనుభవం కూడా పరిగణలోకి తీసుకుంటారు,0.0,అనుభవం కూడా పరిగణలోకి తీసుకుంటారు,0.0,అనుభవం కూడా పరిగణలోకి తీసుకుంటారు,0.0,అనుభవం కూడా పరిగణలోకి తీసుకుంటారు
కొన్ని చోట్ల ఆందోళనకారులపై లాఠీచార్జీలు కూడా జరిగాయి,0.0,కొన్పి చోట్త ఆందోళనకారులపై లాఠీచార్జీలు కూడా జరిగాయి,0.0,కొన్పి చోట్త ఆందోళనకారులపై లాఠీచార్జీలు కూడా జరిగాయి,0.0,కొన్వి చోట్గ ఆందోళనకారులపై లాఠీచార్జీలు కూడా జరిగాయి,0.0,కొన్వి చోట్ధ ఆందోళనకారులపై లాఠీచార్జీలు కూడా జరిగాయి
ఇవి వరుసగా బిహెచ్పిఎన్ఎమ్ మరియు బిహెచ్పిఎన్ఎమ్ టార్క్ ప్రొడ్యూస్ చేస్తాయి,0.0,ఇవి వరుసగా బిహెచ్విఎన్ఎమ్ మరియు బిహెచ్నిఎన్ఎమ్ టార్క్ ప్రొడ్యూస్ చేస్లాయి,0.0,ఇవి వరుసగా బిహెచ్నిఎన్ఎమ్ మరియు బిహెచ్విఎన్ఎమ్ టార్క్ ప్రొడ్యూస్ చేస్లాయి,0.0,ఇవి వరుసగా బిహెచ్విఎన్ఎమ్ మరియు బిహెచ్యిఎన్ఎమ్ టార్క్ ప్రొడ్యూస్ చేస్లాయి,0.0,ఇవి వరుసగా బిహెచ్విఎన్ఎమ్ మరియు బిహెచ్యిఎన్ఎమ్ టార్క్ ప్రొడ్యూస్ చేస్లాయి
నేనింతే ఇలాగే వుంటాను,0.0,నేనింతే ఇలాగే వుంటాను,0.0,నేనింతే ఇలాగే వుంటాను,0.0,నేనింతే ఇలాగే వుంటాను,0.0,నేనింతే ఇలాగే వుంటాను
ఈమె తండ్రి గణపతిదేవునికి పుత్ర సంతానం లేదు,0.0,ఈమె తండ్రి గణపతిదేవునికి పుత్ర సంతానం లేదు,0.0,ఈమె తండ్రి గణపతిదేవునికి పుత్ర సంతానం లేదు,0.0,ఈమె తండ్రి గణపతిదేవునికి పుత్ర సంతానం లేదు,0.0,ఈమె తండ్రి గణపతిదేవునికి పుత్ర సంతానం లేదు
అయితే పోస్టుమార్టం రిపోర్టు వస్తే పూర్తి వివరాలు తెలిసే అవకాశం ఉందని పోలీసులు తెలిపారు,0.0,అయితే పోస్టుమార్టం రిపోర్టు వస్లే పూర్లి వివరాలు తెలిసే అవకాశం ఉందని పోలీసులు తెలిపారు,0.0,అయితే పోస్టుమార్టం రిపోర్టు వస్లే పూర్లి వివరాలు తెలిసే అవకాశం ఉందని పోలీసులు తెలిపారు,0.0,అయితే పోస్టుమార్టం రిపోర్టు వస్లే పూర్లి వివరాలు తెలిసే అవకాశం ఉందని పోలీసులు తెలిపారు,0.0,అయితే పోస్టుమార్టం రిపోర్టు వస్లే పూర్లి వివరాలు తెలిసే అవకాశం ఉందని పోలీసులు తెలిపారు
ఎలా గంజి వచ్చింది,0.0,ఎలా గంజి వచ్వింది,0.0,ఎలా గంజి వచ్సింది,0.0,ఎలా గంజి వచ్వింది,0.0,ఎలా గంజి వచ్వింది
శరీరంలో విటమిన్లూ పోషకాల లోపం వల్ల రకరకాల సమస్యలు ఇబ్బంది పెడతాయి,0.0,శరీరంలో విటమిన్తూ పోషకాల లోపం వల్త రకరకాల సమస్యలు ఇబ్బంది పెడతాయి,0.0,శరీరంలో విటమిన్తూ పోషకాల లోపం వల్త రకరకాల సమస్యలు ఇబ్బంది పెడతాయి,0.0,శరీరంలో విటమిన్గూ పోషకాల లోపం వల్త రకరకాల సమస్యలు ఇబ్బంది పెడతాయి,0.0,శరీరంలో విటమిన్ధూ పోషకాల లోపం వల్గ రకరకాల సమస్యలు ఇబ్బంది పెడతాయి
అమీర్ మహావీర్గా నటిస్తుంటే ఫాతిమా సన్యాలు మహావీర్ కూతుళ్లు గీతా పోగట్ బబితా కుమారిల పాత్రలు పోషిస్తున్నారు,0.0,అమీర్ మహావీర్లా నటిస్లుంటే ఫాతిమా సన్యాలు మహావీర్ కూతుళ్తు గీతా పోగట్ బబితా కుమారిల పాత్రలు పోషిస్లున్వారు,0.0,అమీర్ మహావీర్లా నటిస్లుంటే ఫాతిమా సన్యాలు మహావీర్ కూతుళ్తు గీతా పోగట్ బబితా కుమారిల పాత్రలు పోషిస్లున్పారు,0.0,అమీర్ మహావీర్ఠా నటిస్లుంటే ఫాతిమా సన్యాలు మహావీర్ కూతుళ్గు గీతా పోగట్ బబితా కుమారిల పాత్రలు పోషిస్లున్వారు,0.0,అమీర్ మహావీర్లా నటిస్లుంటే ఫాతిమా సన్యాలు మహావీర్ కూతుళ్తు గీతా పోగట్ బబితా కుమారిల పాత్రలు పోషిస్లున్వారు
చెరలోకి వెళ్ళిన వెంటనే బాంబు ఉంచిన ప్రదేశాన్ని తెలుసుకొంటాడు,0.0,చెరలోకి వెళ్ళిన వెంటనే బాంబు ఉంచిన ప్రదేశాన్వి తెలుసుకొంటాడు,0.0,చెరలోకి వెళ్ళిన వెంటనే బాంబు ఉంచిన ప్రదేశాన్పి తెలుసుకొంటాడు,0.0,చెరలోకి వెళ్ళిన వెంటనే బాంబు ఉంచిన ప్రదేశాన్పి తెలుసుకొంటాడు,0.0,చెరలోకి వెళ్ళిన వెంటనే బాంబు ఉంచిన ప్రదేశాన్వి తెలుసుకొంటాడు
అలారం భీకరంగా మోగింది,0.0,అలారం భీకరంగా మోగింది,0.0,అలారం భీకరంగా మోగింది,0.0,అలారం భీకరంగా మోగింది,0.0,అలారం భీకరంగా మోగింది
ఈ ఉదయం అదుపులోకి తీసుకున్న పోలీసులు,0.0,ఈ ఉదయం అదుపులోకి తీసుకున్ప పోలీసులు,0.0,ఈ ఉదయం అదుపులోకి తీసుకున్ప పోలీసులు,0.0,ఈ ఉదయం అదుపులోకి తీసుకున్ప పోలీసులు,0.0,ఈ ఉదయం అదుపులోకి తీసుకున్ప పోలీసులు
సమాధానం మీరు ఆధారపడి ఉంటుంది,0.0,సమాధానం మీరు ఆధారపడి ఉంటుంది,0.0,సమాధానం మీరు ఆధారపడి ఉంటుంది,0.0,సమాధానం మీరు ఆధారపడి ఉంటుంది,0.0,సమాధానం మీరు ఆధారపడి ఉంటుంది
బాగా ఇది,0.0,బాగా ఇది,0.0,బాగా ఇది,0.0,బాగా ఇది,0.0,బాగా ఇది
కేవలం బియ్యం మరియు నీరు,0.0,కేవలం బియ్యం మరియు నీరు,0.0,కేవలం బియ్యం మరియు నీరు,0.0,కేవలం బియ్యం మరియు నీరు,0.0,కేవలం బియ్యం మరియు నీరు
కూర్పును మార్చును,0.0,కూర్నును మార్సును,0.0,కూర్యును మార్సును,0.0,కూర్సును మార్వును,0.0,కూర్వును మార్సును
లోకం ఊరుకుంటుందా,0.0,లోకం ఊరుకుంటుందా,0.0,లోకం ఊరుకుంటుందా,0.0,లోకం ఊరుకుంటుందా,0.0,లోకం ఊరుకుంటుందా
కొత్త రికార్డ్,0.0,కొత్ల రికార్ధ్,0.0,కొత్ల రికార్ధ్,0.0,కొత్ల రికార్ధ్,0.0,కొత్ల రికార్ధ్
ఈ కథ చాలా విభిన్నంగా ఉంటుంది,0.0,ఈ కథ చాలా విభిన్పంగా ఉంటుంది,0.0,ఈ కథ చాలా విభిన్వంగా ఉంటుంది,0.0,ఈ కథ చాలా విభిన్పంగా ఉంటుంది,0.0,ఈ కథ చాలా విభిన్వంగా ఉంటుంది
అయితే అది తెలంగాణా ప్రభుత్వ విధానంకాదు,0.0,అయితే అది తెలంగాణా ప్రభుత్ప విధానంకాదు,0.0,అయితే అది తెలంగాణా ప్రభుత్స విధానంకాదు,0.0,అయితే అది తెలంగాణా ప్రభుత్స విధానంకాదు,0.0,అయితే అది తెలంగాణా ప్రభుత్ప విధానంకాదు
మరి ఎందుకు చేయలేదు,0.0,మరి ఎందుకు చేయలేదు,0.0,మరి ఎందుకు చేయలేదు,0.0,మరి ఎందుకు చేయలేదు,0.0,మరి ఎందుకు చేయలేదు
క్వాల్ కాం స్నాప్ డ్రాగన్ ప్రాసెసర్ పై ఈ ఫోన్ పనిచేయనుంది,0.0,క్వాల్ కాం స్వాప్ డ్రాగన్ ప్రాసెసర్ పై ఈ ఫోన్ పనిచేయనుంది,0.0,క్వాల్ కాం స్వాప్ డ్రాగన్ ప్రాసెసర్ పై ఈ ఫోన్ పనిచేయనుంది,0.0,క్వాల్ కాం స్వాప్ డ్రాగన్ ప్రాసెసర్ పై ఈ ఫోన్ పనిచేయనుంది,0.0,క్వాల్ కాం స్వాప్ డ్రాగన్ ప్రాసెసర్ పై ఈ ఫోన్ పనిచేయనుంది
దీంతో అరెస్టు చేసి కస్టడీకి తరలించారు,0.0,దీంతో అరెస్టు చేసి కస్టడీకి తరలించారు,0.0,దీంతో అరెస్టు చేసి కస్టడీకి తరలించారు,0.0,దీంతో అరెస్టు చేసి కస్టడీకి తరలించారు,0.0,దీంతో అరెస్టు చేసి కస్టడీకి తరలించారు
ఈ జాబితాలో ఆస్ట్రేలియన్ క్రికెట్ దిగ్గజం డాన్ బ్రాడ్ మన్ పాయింట్లతో అగ్రస్థానంలో కొనసాగుతున్నాడు,0.0,ఈ జాబితాలో ఆస్ట్రేలియన్ క్రికెట్ దిగ్ధజం డాన్ బ్రాడ్ మన్ పాయింట్ధతో అగ్రస్థానంలో కొనసాగుతున్వాడు,0.0,ఈ జాబితాలో ఆస్ట్రేలియన్ క్రికెట్ దిగ్లజం డాన్ బ్రాడ్ మన్ పాయింట్ధతో అగ్రస్థానంలో కొనసాగుతున్పాడు,0.0,ఈ జాబితాలో ఆస్ట్రేలియన్ క్రికెట్ దిగ్లజం డాన్ బ్రాడ్ మన్ పాయింట్గతో అగ్రస్థానంలో కొనసాగుతున్పాడు,0.0,ఈ జాబితాలో ఆస్ట్రేలియన్ క్రికెట్ దిగ్లజం డాన్ బ్రాడ్ మన్ పాయింట్తతో అగ్రస్థానంలో కొనసాగుతున్పాడు
కమల్ తమిళసినిమాల్లోనే ఎక్కువగా నటించినప్పటికీ అచిరకాలంలోనే జాతీయనటునిగా గుర్తుంపుపొందారు,0.0,కమల్ తమిళసినిమాల్ధోనే ఎక్కువగా నటించినప్సటికీ అచిరకాలంలోనే జాతీయనటునిగా గుర్లుంపుపొందారు,0.0,కమల్ తమిళసినిమాల్గోనే ఎక్కువగా నటించినప్వటికీ అచిరకాలంలోనే జాతీయనటునిగా గుర్లుంపుపొందారు,0.0,కమల్ తమిళసినిమాల్ధోనే ఎక్కువగా నటించినప్వటికీ అచిరకాలంలోనే జాతీయనటునిగా గుర్లుంపుపొందారు,0.0,కమల్ తమిళసినిమాల్ధోనే ఎక్కువగా నటించినప్సటికీ అచిరకాలంలోనే జాతీయనటునిగా గుర్లుంపుపొందారు
ఆల్బర్ట్ ఐన్స్టీన్,0.0,ఆల్బర్ట్ ఐన్న్టీన్,0.0,ఆల్బర్ట్ ఐన్న్టీన్,0.0,ఆల్బర్ట్ ఐన్వ్టీన్,0.0,ఆల్బర్ట్ ఐన్ప్టీన్
తమకు భారత్లో మిలియన్ల యాక్టివ్ యాజర్లు ఉన్నారని టిక్టాక్ తెలిపింది,0.0,తమకు భారత్ధో మిలియన్గ యాక్టివ్ యాజర్గు ఉన్పారని టిక్టాక్ తెలిపింది,0.0,తమకు భారత్ధో మిలియన్ధ యాక్టివ్ యాజర్గు ఉన్వారని టిక్టాక్ తెలిపింది,0.0,తమకు భారత్తో మిలియన్ధ యాక్టివ్ యాజర్ధు ఉన్వారని టిక్టాక్ తెలిపింది,0.0,తమకు భారత్తో మిలియన్ధ యాక్టివ్ యాజర్ధు ఉన్పారని టిక్టాక్ తెలిపింది
ఆయన గతంలోనే భారతీయ జనతా పార్టీలో చేరారు,0.0,ఆయన గతంలోనే భారతీయ జనతా పార్టీలో చేరారు,0.0,ఆయన గతంలోనే భారతీయ జనతా పార్టీలో చేరారు,0.0,ఆయన గతంలోనే భారతీయ జనతా పార్టీలో చేరారు,0.0,ఆయన గతంలోనే భారతీయ జనతా పార్టీలో చేరారు
క్రికెట్ అంటే ఏమిటి,0.0,క్రికెట్ అంటే ఏమిటి,0.0,క్రికెట్ అంటే ఏమిటి,0.0,క్రికెట్ అంటే ఏమిటి,0.0,క్రికెట్ అంటే ఏమిటి
క్యాస్ట్రో ఆయిల్,0.0,క్యాస్ట్రో ఆయిల్,0.0,క్యాస్ట్రో ఆయిల్,0.0,క్యాస్ట్రో ఆయిల్,0.0,క్యాస్ట్రో ఆయిల్
వాటికి ఫొటోలు జత చేశాడు,0.0,వాటికి ఫొటోలు జత చేశాడు,0.0,వాటికి ఫొటోలు జత చేశాడు,0.0,వాటికి ఫొటోలు జత చేశాడు,0.0,వాటికి ఫొటోలు జత చేశాడు
వేయ్యి కోట్లను ప్రభుత్వం మంజురు చేసింది,0.0,వేయ్యి కోట్తను ప్రభుత్చం మంజురు చేసింది,0.0,వేయ్యి కోట్ధను ప్రభుత్నం మంజురు చేసింది,0.0,వేయ్యి కోట్గను ప్రభుత్సం మంజురు చేసింది,0.0,వేయ్యి కోట్గను ప్రభుత్సం మంజురు చేసింది
దీనిని గమనించిన కొందరు స్థానికులు పోలీసులకు ఫిర్యాదు చేశారు,0.0,దీనిని గమనించిన కొందరు స్థానికులు పోలీసులకు ఫిర్యాదు చేశారు,0.0,దీనిని గమనించిన కొందరు స్థానికులు పోలీసులకు ఫిర్యాదు చేశారు,0.0,దీనిని గమనించిన కొందరు స్థానికులు పోలీసులకు ఫిర్యాదు చేశారు,0.0,దీనిని గమనించిన కొందరు స్థానికులు పోలీసులకు ఫిర్యాదు చేశారు
ఏ రాష్ట్ర ప్రభుత్వం వారిని పట్టించుకోలేదు,0.0,ఏ రాష్ట్ర ప్రభుత్యం వారిని పట్టించుకోలేదు,0.0,ఏ రాష్ట్ర ప్రభుత్పం వారిని పట్టించుకోలేదు,0.0,ఏ రాష్ట్ర ప్రభుత్యం వారిని పట్టించుకోలేదు,0.0,ఏ రాష్ట్ర ప్రభుత్పం వారిని పట్టించుకోలేదు
ఇందులో అభ్యంతరాలనేవి మరి ఉండేందుకు వీల్లేదు,0.0,ఇందులో అభ్యంతరాలనేవి మరి ఉండేందుకు వీల్ధేదు,0.0,ఇందులో అభ్యంతరాలనేవి మరి ఉండేందుకు వీల్తేదు,0.0,ఇందులో అభ్యంతరాలనేవి మరి ఉండేందుకు వీల్తేదు,0.0,ఇందులో అభ్యంతరాలనేవి మరి ఉండేందుకు వీల్తేదు
ఈ మేరకు రాష్ట్ర వైద్య ఆరోగ్య శాఖ బులెటిన్ విడుదల చేసింది,0.0,ఈ మేరకు రాష్ట్ర వైద్య ఆరోగ్య శాఖ బులెటిన్ విడుదల చేసింది,0.0,ఈ మేరకు రాష్ట్ర వైద్య ఆరోగ్య శాఖ బులెటిన్ విడుదల చేసింది,0.0,ఈ మేరకు రాష్ట్ర వైద్య ఆరోగ్య శాఖ బులెటిన్ విడుదల చేసింది,0.0,ఈ మేరకు రాష్ట్ర వైద్య ఆరోగ్య శాఖ బులెటిన్ విడుదల చేసింది
వెనుకబడిందని చెబుతోన్న విజయనగరం జిల్లాలో దాదాపు రూ,0.0,వెనుకబడిందని చెబుతోన్వ విజయనగరం జిల్తాలో దాదాపు రూ,0.0,వెనుకబడిందని చెబుతోన్ప విజయనగరం జిల్ధాలో దాదాపు రూ,0.0,వెనుకబడిందని చెబుతోన్వ విజయనగరం జిల్ధాలో దాదాపు రూ,0.0,వెనుకబడిందని చెబుతోన్వ విజయనగరం జిల్ధాలో దాదాపు రూ
అని బిగ్గరగా ఏడ్చేవాణ్ణి,0.0,అని బిగ్ఠరగా ఏడ్సేవాణ్ణి,0.0,అని బిగ్ధరగా ఏడ్సేవాణ్ణి,0.0,అని బిగ్ధరగా ఏడ్వేవాణ్ణి,0.0,అని బిగ్లరగా ఏడ్వేవాణ్ణి
కోట్లకు చేరింది,0.0,కోట్ధకు చేరింది,0.0,కోట్గకు చేరింది,0.0,కోట్గకు చేరింది,0.0,కోట్గకు చేరింది
తెలుగు సినిమా పరిశ్రమలో కేవలం ప్రేక్షకులు మాత్రమే కాదు సినీతారలు కూడా మెచ్చిన నటుడు మహేష్ బాబు,0.0,తెలుగు సినిమా పరిశ్రమలో కేవలం ప్రేక్షకులు మాత్రమే కాదు సినీతారలు కూడా మెచ్సిన నటుడు మహేష్ బాబు,0.0,తెలుగు సినిమా పరిశ్రమలో కేవలం ప్రేక్షకులు మాత్రమే కాదు సినీతారలు కూడా మెచ్విన నటుడు మహేష్ బాబు,0.0,తెలుగు సినిమా పరిశ్రమలో కేవలం ప్రేక్షకులు మాత్రమే కాదు సినీతారలు కూడా మెచ్సిన నటుడు మహేష్ బాబు,0.0,తెలుగు సినిమా పరిశ్రమలో కేవలం ప్రేక్షకులు మాత్రమే కాదు సినీతారలు కూడా మెచ్విన నటుడు మహేష్ బాబు
కేంద్రం కంటి తుడుపుగా రూ,0.0,కేంద్రం కంటి తుడుపుగా రూ,0.0,కేంద్రం కంటి తుడుపుగా రూ,0.0,కేంద్రం కంటి తుడుపుగా రూ,0.0,కేంద్రం కంటి తుడుపుగా రూ
మదిన పొంగే ఆశాభావం,0.0,మదిన పొంగే ఆశాభావం,0.0,మదిన పొంగే ఆశాభావం,0.0,మదిన పొంగే ఆశాభావం,0.0,మదిన పొంగే ఆశాభావం
కానీ రావడం లేదు,0.0,కానీ రావడం లేదు,0.0,కానీ రావడం లేదు,0.0,కానీ రావడం లేదు,0.0,కానీ రావడం లేదు
వారికీ విషయాలు తెలియవా,0.0,వారికీ విషయాలు తెలియవా,0.0,వారికీ విషయాలు తెలియవా,0.0,వారికీ విషయాలు తెలియవా,0.0,వారికీ విషయాలు తెలియవా
ఎలా వచ్చింది,0.0,ఎలా వచ్సింది,0.0,ఎలా వచ్సింది,0.0,ఎలా వచ్సింది,0.0,ఎలా వచ్వింది
భారత దేశంలో రోజురోజుకూ వ్యాధి సంక్రమణ పెరుగుతోంది,0.0,భారత దేశంలో రోజురోజుకూ వ్యాధి సంక్రమణ పెరుగుతోంది,0.0,భారత దేశంలో రోజురోజుకూ వ్యాధి సంక్రమణ పెరుగుతోంది,0.0,భారత దేశంలో రోజురోజుకూ వ్యాధి సంక్రమణ పెరుగుతోంది,0.0,భారత దేశంలో రోజురోజుకూ వ్యాధి సంక్రమణ పెరుగుతోంది
అలాగే ఈ మూవీలో నటించిన సిద్ధాంత్ చతుర్వేది అమృతా సుభాష్ వరుసగా ఉత్తమ సహాయనటులు ఉత్తమ సహాయనటి అవార్డులను దక్కించుకున్నారు,0.0,అలాగే ఈ మూవీలో నటించిన సిద్గాంత్ చతుర్యేది అమృతా సుభాష్ వరుసగా ఉత్లమ సహాయనటులు ఉత్లమ సహాయనటి అవార్దులను దక్కించుకున్వారు,0.0,అలాగే ఈ మూవీలో నటించిన సిద్లాంత్ చతుర్పేది అమృతా సుభాష్ వరుసగా ఉత్లమ సహాయనటులు ఉత్లమ సహాయనటి అవార్దులను దక్కించుకున్పారు,0.0,అలాగే ఈ మూవీలో నటించిన సిద్దాంత్ చతుర్సేది అమృతా సుభాష్ వరుసగా ఉత్లమ సహాయనటులు ఉత్లమ సహాయనటి అవార్ధులను దక్కించుకున్వారు,0.0,అలాగే ఈ మూవీలో నటించిన సిద్గాంత్ చతుర్సేది అమృతా సుభాష్ వరుసగా ఉత్లమ సహాయనటులు ఉత్లమ సహాయనటి అవార్ధులను దక్కించుకున్వారు
త్రిపురలో బీజేపీ కృషి వెనుక ప్రధాని నరేంద్ర మోడీ కృషి ఎంతో ఉందని చెప్పారు,0.0,త్రిపురలో బీజేపీ కృషి వెనుక ప్రధాని నరేంద్ర మోడీ కృషి ఎంతో ఉందని చెప్యారు,0.0,త్రిపురలో బీజేపీ కృషి వెనుక ప్రధాని నరేంద్ర మోడీ కృషి ఎంతో ఉందని చెప్నారు,0.0,త్రిపురలో బీజేపీ కృషి వెనుక ప్రధాని నరేంద్ర మోడీ కృషి ఎంతో ఉందని చెప్వారు,0.0,త్రిపురలో బీజేపీ కృషి వెనుక ప్రధాని నరేంద్ర మోడీ కృషి ఎంతో ఉందని చెప్సారు
పూర్తి వివరాలు తెలియాల్సి వుందని వెల్లడించారు,0.0,పూర్లి వివరాలు తెలియాల్చి వుందని వెల్ధడించారు,0.0,పూర్లి వివరాలు తెలియాల్వి వుందని వెల్ధడించారు,0.0,పూర్లి వివరాలు తెలియాల్చి వుందని వెల్తడించారు,0.0,పూర్లి వివరాలు తెలియాల్పి వుందని వెల్తడించారు
మరి ఆయన ఏం చేస్తాడో చూడాలి,0.0,మరి ఆయన ఏం చేస్లాడో చూడాలి,0.0,మరి ఆయన ఏం చేస్లాడో చూడాలి,0.0,మరి ఆయన ఏం చేస్లాడో చూడాలి,0.0,మరి ఆయన ఏం చేస్లాడో చూడాలి
గోదావరికి వరదనీరు ఒక్కసారిగా వచ్చి చేరడంతో నిర్మాణంలో ఉన్న రెండో బ్రిడ్జ్ పనులు నిలిచిపోయాయి,0.0,గోదావరికి వరదనీరు ఒక్కసారిగా వచ్వి చేరడంతో నిర్శాణంలో ఉన్వ రెండో బ్రిడ్జ్ పనులు నిలిచిపోయాయి,0.0,గోదావరికి వరదనీరు ఒక్కసారిగా వచ్సి చేరడంతో నిర్శాణంలో ఉన్ప రెండో బ్రిడ్జ్ పనులు నిలిచిపోయాయి,0.0,గోదావరికి వరదనీరు ఒక్కసారిగా వచ్వి చేరడంతో నిర్శాణంలో ఉన్వ రెండో బ్రిడ్జ్ పనులు నిలిచిపోయాయి,0.0,గోదావరికి వరదనీరు ఒక్కసారిగా వచ్వి చేరడంతో నిర్శాణంలో ఉన్ప రెండో బ్రిడ్జ్ పనులు నిలిచిపోయాయి
అది దేవాలయమే,0.0,అది దేవాలయమే,0.0,అది దేవాలయమే,0.0,అది దేవాలయమే,0.0,అది దేవాలయమే
అహ్మదాబాద్లో,0.0,అహ్శదాబాద్లో,0.0,అహ్శదాబాద్గో,0.0,అహ్శదాబాద్తో,0.0,అహ్శదాబాద్ధో
దీంతో తన ఫోన్ను సల్మాన్ ఖాన్ లాక్కున్నట్టు ఫిర్యాదులో పాండే పేర్కొన్నాడు,0.0,దీంతో తన ఫోన్పు సల్శాన్ ఖాన్ లాక్కున్వట్టు ఫిర్యాదులో పాండే పేర్కొన్వాడు,0.0,దీంతో తన ఫోన్పు సల్శాన్ ఖాన్ లాక్కున్పట్టు ఫిర్యాదులో పాండే పేర్కొన్పాడు,0.0,దీంతో తన ఫోన్పు సల్శాన్ ఖాన్ లాక్కున్పట్టు ఫిర్యాదులో పాండే పేర్కొన్పాడు,0.0,దీంతో తన ఫోన్వు సల్శాన్ ఖాన్ లాక్కున్పట్టు ఫిర్యాదులో పాండే పేర్కొన్వాడు
ఇది స్పీడ్ మ్యాన్యువల్ ట్రాన్స్మిషన్ లేదా స్పీడ్ ఆటోమేటిక్ ట్రాన్స్మిషన్ గల గేర్బాక్స్ ఆప్షన్లతో వచ్చే అవకాశం ఉంది,0.0,ఇది స్నీడ్ మ్యాన్యువల్ ట్రాన్న్శిషన్ లేదా స్నీడ్ ఆటోమేటిక్ ట్రాన్వ్శిషన్ గల గేర్బాక్న్ ఆప్షన్తతో వచ్వే అవకాశం ఉంది,0.0,ఇది స్వీడ్ మ్యాన్యువల్ ట్రాన్వ్శిషన్ లేదా స్నీడ్ ఆటోమేటిక్ ట్రాన్ప్శిషన్ గల గేర్బాక్వ్ ఆప్షన్గతో వచ్సే అవకాశం ఉంది,0.0,ఇది స్యీడ్ మ్యాన్యువల్ ట్రాన్న్శిషన్ లేదా స్సీడ్ ఆటోమేటిక్ ట్రాన్వ్శిషన్ గల గేర్బాక్చ్ ఆప్షన్ధతో వచ్సే అవకాశం ఉంది,0.0,ఇది స్సీడ్ మ్యాన్యువల్ ట్రాన్ప్శిషన్ లేదా స్సీడ్ ఆటోమేటిక్ ట్రాన్ప్శిషన్ గల గేర్బాక్చ్ ఆప్షన్తతో వచ్వే అవకాశం ఉంది
రెండు పార్టీలూ కలిసి నిండా మునిగిపోయాయి,0.0,రెండు పార్టీలూ కలిసి నిండా మునిగిపోయాయి,0.0,రెండు పార్టీలూ కలిసి నిండా మునిగిపోయాయి,0.0,రెండు పార్టీలూ కలిసి నిండా మునిగిపోయాయి,0.0,రెండు పార్టీలూ కలిసి నిండా మునిగిపోయాయి
సాధారణంగా వాటిని వ్యాధిసోకిన లేదా నొప్పివున్న శరీరభాగంపై పూతపూస్తారు,0.0,సాధారణంగా వాటిని వ్యాధిసోకిన లేదా నొప్నివున్ప శరీరభాగంపై పూతపూస్లారు,0.0,సాధారణంగా వాటిని వ్యాధిసోకిన లేదా నొప్సివున్వ శరీరభాగంపై పూతపూస్లారు,0.0,సాధారణంగా వాటిని వ్యాధిసోకిన లేదా నొప్యివున్వ శరీరభాగంపై పూతపూస్లారు,0.0,సాధారణంగా వాటిని వ్యాధిసోకిన లేదా నొప్సివున్వ శరీరభాగంపై పూతపూస్లారు
అయితే వాటిపై ఇప్పటివరకు స్పష్టత రాలేదు,0.0,అయితే వాటిపై ఇప్యటివరకు స్సష్టత రాలేదు,0.0,అయితే వాటిపై ఇప్వటివరకు స్సష్టత రాలేదు,0.0,అయితే వాటిపై ఇప్వటివరకు స్యష్టత రాలేదు,0.0,అయితే వాటిపై ఇప్సటివరకు స్వష్టత రాలేదు
తమ భావాలను బయటపెట్టే హక్కు ప్రతి ఒక్కరికీ ఉంది,0.0,తమ భావాలను బయటపెట్టే హక్కు ప్రతి ఒక్కరికీ ఉంది,0.0,తమ భావాలను బయటపెట్టే హక్కు ప్రతి ఒక్కరికీ ఉంది,0.0,తమ భావాలను బయటపెట్టే హక్కు ప్రతి ఒక్కరికీ ఉంది,0.0,తమ భావాలను బయటపెట్టే హక్కు ప్రతి ఒక్కరికీ ఉంది
మనం చాలా మంచి ఉంది,0.0,మనం చాలా మంచి ఉంది,0.0,మనం చాలా మంచి ఉంది,0.0,మనం చాలా మంచి ఉంది,0.0,మనం చాలా మంచి ఉంది
అయితే చికిత్స పొందుతున్న ఆయన ఈరోజు తెల్లవారుజామున మృతి చెందారు,0.0,అయితే చికిత్న పొందుతున్ప ఆయన ఈరోజు తెల్తవారుజామున మృతి చెందారు,0.0,అయితే చికిత్వ పొందుతున్ప ఆయన ఈరోజు తెల్గవారుజామున మృతి చెందారు,0.0,అయితే చికిత్ప పొందుతున్ప ఆయన ఈరోజు తెల్ధవారుజామున మృతి చెందారు,0.0,అయితే చికిత్వ పొందుతున్వ ఆయన ఈరోజు తెల్తవారుజామున మృతి చెందారు
మధ్యప్రదేశ్ రాష్ట్రంలో చోటు చేసుకున్న ఈ ఘటన చర్ఛనీయాంశమైంది,0.0,మధ్యప్రదేశ్ రాష్ట్రంలో చోటు చేసుకున్ప ఈ ఘటన చర్ఛనీయాంశమైంది,0.0,మధ్యప్రదేశ్ రాష్ట్రంలో చోటు చేసుకున్వ ఈ ఘటన చర్ఛనీయాంశమైంది,0.0,మధ్యప్రదేశ్ రాష్ట్రంలో చోటు చేసుకున్వ ఈ ఘటన చర్ఛనీయాంశమైంది,0.0,మధ్యప్రదేశ్ రాష్ట్రంలో చోటు చేసుకున్ప ఈ ఘటన చర్ఛనీయాంశమైంది
వాహనాల కోసం ప్రత్యేకంగా స్థలం కేటాయించారు,0.0,వాహనాల కోసం ప్రత్యేకంగా స్థలం కేటాయించారు,0.0,వాహనాల కోసం ప్రత్యేకంగా స్థలం కేటాయించారు,0.0,వాహనాల కోసం ప్రత్యేకంగా స్థలం కేటాయించారు,0.0,వాహనాల కోసం ప్రత్యేకంగా స్థలం కేటాయించారు
వాటి సంరక్షణకు తగిన చర్యలు తీసుకోవాలి,0.0,వాటి సంరక్షణకు తగిన చర్యలు తీసుకోవాలి,0.0,వాటి సంరక్షణకు తగిన చర్యలు తీసుకోవాలి,0.0,వాటి సంరక్షణకు తగిన చర్యలు తీసుకోవాలి,0.0,వాటి సంరక్షణకు తగిన చర్యలు తీసుకోవాలి
కాకుండా ఒక అయోనైజింగ్ రేడియేషన్ను ఉపయోగించదు,0.0,కాకుండా ఒక అయోనైజింగ్ రేడియేషన్వు ఉపయోగించదు,0.0,కాకుండా ఒక అయోనైజింగ్ రేడియేషన్పు ఉపయోగించదు,0.0,కాకుండా ఒక అయోనైజింగ్ రేడియేషన్వు ఉపయోగించదు,0.0,కాకుండా ఒక అయోనైజింగ్ రేడియేషన్పు ఉపయోగించదు
రివర్స్ ఎఫెక్ట్,0.0,రివర్చ్ ఎఫెక్ట్,0.0,రివర్న్ ఎఫెక్ట్,0.0,రివర్న్ ఎఫెక్ట్,0.0,రివర్చ్ ఎఫెక్ట్
అది జీవాన్నిచ్చే వెలుగు,0.0,అది జీవాన్పిచ్సే వెలుగు,0.0,అది జీవాన్విచ్సే వెలుగు,0.0,అది జీవాన్విచ్వే వెలుగు,0.0,అది జీవాన్విచ్వే వెలుగు
పడమటి కనుమలలోని తూర్పు లోయలలోని సూదూరప్రాంత గ్రామం మరయూర్,0.0,పడమటి కనుమలలోని తూర్వు లోయలలోని సూదూరప్రాంత గ్రామం మరయూర్,0.0,పడమటి కనుమలలోని తూర్ను లోయలలోని సూదూరప్రాంత గ్రామం మరయూర్,0.0,పడమటి కనుమలలోని తూర్వు లోయలలోని సూదూరప్రాంత గ్రామం మరయూర్,0.0,పడమటి కనుమలలోని తూర్సు లోయలలోని సూదూరప్రాంత గ్రామం మరయూర్
కానీ ఎందుకలా,0.0,కానీ ఎందుకలా,0.0,కానీ ఎందుకలా,0.0,కానీ ఎందుకలా,0.0,కానీ ఎందుకలా
కానీ నేను ఆందోళన లేదు,0.0,కానీ నేను ఆందోళన లేదు,0.0,కానీ నేను ఆందోళన లేదు,0.0,కానీ నేను ఆందోళన లేదు,0.0,కానీ నేను ఆందోళన లేదు
ఇంగ్లీష్ మీరు మాట్లాడటం లేదా,0.0,ఇంగ్తీష్ మీరు మాట్ధాడటం లేదా,0.0,ఇంగ్గీష్ మీరు మాట్ధాడటం లేదా,0.0,ఇంగ్గీష్ మీరు మాట్గాడటం లేదా,0.0,ఇంగ్గీష్ మీరు మాట్ధాడటం లేదా
భారత్ వద్ద టన్నుల బంగారం నిల్వలున్నాయని అంచనా అయితే ఇందులో చాలాభాగం ట్రేడింగ్లోకి లేదా నగదీకరణలోకి రాలేదని తెలుస్తోంది,0.0,భారత్ వద్డ టన్పుల బంగారం నిల్నలున్పాయని అంచనా అయితే ఇందులో చాలాభాగం ట్రేడింగ్ధోకి లేదా నగదీకరణలోకి రాలేదని తెలుస్లోంది,0.0,భారత్ వద్  టన్పుల బంగారం నిల్చలున్వాయని అంచనా అయితే ఇందులో చాలాభాగం ట్రేడింగ్గోకి లేదా నగదీకరణలోకి రాలేదని తెలుస్లోంది,0.0,భారత్ వద్  టన్వుల బంగారం నిల్యలున్వాయని అంచనా అయితే ఇందులో చాలాభాగం ట్రేడింగ్గోకి లేదా నగదీకరణలోకి రాలేదని తెలుస్లోంది,0.0,భారత్ వద్  టన్పుల బంగారం నిల్పలున్వాయని అంచనా అయితే ఇందులో చాలాభాగం ట్రేడింగ్తోకి లేదా నగదీకరణలోకి రాలేదని తెలుస్లోంది
సాతాను చేసేది ఆధ్యాత్మిక సూక్ష్మక్రిమి యుద్ధం అని పిలువవచ్చును,0.0,సాతాను చేసేది ఆధ్యాత్శిక సూక్ష్శక్రిమి యుద్లం అని పిలువవచ్వును,0.0,సాతాను చేసేది ఆధ్యాత్శిక సూక్ష్శక్రిమి యుద్గం అని పిలువవచ్వును,0.0,సాతాను చేసేది ఆధ్యాత్శిక సూక్ష్శక్రిమి యుద్దం అని పిలువవచ్వును,0.0,సాతాను చేసేది ఆధ్యాత్శిక సూక్ష్శక్రిమి యుద్డం అని పిలువవచ్వును
లక్షలు ఇవ్వాలని డిమాండ్ చేశారు డబ్బు సంచిలో ఉందంటూ అధికారులు చెప్పారు,0.0,లక్షలు ఇవ్చాలని డిమాండ్ చేశారు డబ్బు సంచిలో ఉందంటూ అధికారులు చెప్నారు,0.0,లక్షలు ఇవ్చాలని డిమాండ్ చేశారు డబ్బు సంచిలో ఉందంటూ అధికారులు చెప్సారు,0.0,లక్షలు ఇవ్సాలని డిమాండ్ చేశారు డబ్బు సంచిలో ఉందంటూ అధికారులు చెప్వారు,0.0,లక్షలు ఇవ్పాలని డిమాండ్ చేశారు డబ్బు సంచిలో ఉందంటూ అధికారులు చెప్నారు
కానీ అది తప్పనిసరి,0.0,కానీ అది తప్ననిసరి,0.0,కానీ అది తప్వనిసరి,0.0,కానీ అది తప్ననిసరి,0.0,కానీ అది తప్యనిసరి
నేనేమైనా తప్పు చేశానా అనిపించింది,0.0,నేనేమైనా తప్సు చేశానా అనిపించింది,0.0,నేనేమైనా తప్సు చేశానా అనిపించింది,0.0,నేనేమైనా తప్యు చేశానా అనిపించింది,0.0,నేనేమైనా తప్యు చేశానా అనిపించింది
దేశం మొత్తమీద కోట్లకు పైగా పేద కుటుంబాలు ఈ పథకం వల్ల ప్రయోజనం పొందనున్నాయి,0.0,దేశం మొత్లమీద కోట్గకు పైగా పేద కుటుంబాలు ఈ పథకం వల్ధ ప్రయోజనం పొందనున్వాయి,0.0,దేశం మొత్లమీద కోట్ధకు పైగా పేద కుటుంబాలు ఈ పథకం వల్ధ ప్రయోజనం పొందనున్వాయి,0.0,దేశం మొత్లమీద కోట్గకు పైగా పేద కుటుంబాలు ఈ పథకం వల్గ ప్రయోజనం పొందనున్వాయి,0.0,దేశం మొత్లమీద కోట్తకు పైగా పేద కుటుంబాలు ఈ పథకం వల్గ ప్రయోజనం పొందనున్పాయి
ఇవాళ ప్రధాని మోడీ సీఎంలతో సమావేశం నిర్వహించడం జరిగింది,0.0,ఇవాళ ప్రధాని మోడీ సీఎంలతో సమావేశం నిర్సహించడం జరిగింది,0.0,ఇవాళ ప్రధాని మోడీ సీఎంలతో సమావేశం నిర్పహించడం జరిగింది,0.0,ఇవాళ ప్రధాని మోడీ సీఎంలతో సమావేశం నిర్యహించడం జరిగింది,0.0,ఇవాళ ప్రధాని మోడీ సీఎంలతో సమావేశం నిర్యహించడం జరిగింది
మిగతా కాలాల కంటే వేసవిలో ఆహారపదార్థాలు త్వరగా పాడైపోతాయి,0.0,మిగతా కాలాల కంటే వేసవిలో ఆహారపదార్థాలు త్యరగా పాడైపోతాయి,0.0,మిగతా కాలాల కంటే వేసవిలో ఆహారపదార్థాలు త్యరగా పాడైపోతాయి,0.0,మిగతా కాలాల కంటే వేసవిలో ఆహారపదార్థాలు త్నరగా పాడైపోతాయి,0.0,మిగతా కాలాల కంటే వేసవిలో ఆహారపదార్థాలు త్నరగా పాడైపోతాయి
ఇందుకోసం ఒక్కో యూనివర్సిటీకి రూ,0.0,ఇందుకోసం ఒక్కో యూనివర్పిటీకి రూ,0.0,ఇందుకోసం ఒక్కో యూనివర్పిటీకి రూ,0.0,ఇందుకోసం ఒక్కో యూనివర్చిటీకి రూ,0.0,ఇందుకోసం ఒక్కో యూనివర్చిటీకి రూ
ఎవరు రమ్మంటే వచ్చారు,0.0,ఎవరు రమ్శంటే వచ్సారు,0.0,ఎవరు రమ్శంటే వచ్సారు,0.0,ఎవరు రమ్శంటే వచ్సారు,0.0,ఎవరు రమ్శంటే వచ్సారు
ఈ మేరకు ఓ ప్రకటన కూడా చేసింది,0.0,ఈ మేరకు ఓ ప్రకటన కూడా చేసింది,0.0,ఈ మేరకు ఓ ప్రకటన కూడా చేసింది,0.0,ఈ మేరకు ఓ ప్రకటన కూడా చేసింది,0.0,ఈ మేరకు ఓ ప్రకటన కూడా చేసింది
బంగ్లాదేశ్శ్రీలంక మధ్య తొలి మ్యాచ్,0.0,బంగ్ధాదేశ్మ్రీలంక మధ్య తొలి మ్యాచ్,0.0,బంగ్తాదేశ్మ్రీలంక మధ్య తొలి మ్యాచ్,0.0,బంగ్గాదేశ్మ్రీలంక మధ్య తొలి మ్యాచ్,0.0,బంగ్తాదేశ్మ్రీలంక మధ్య తొలి మ్యాచ్
యూట్యూబ్ కంటెంట్ స,0.0,యూట్యూబ్ కంటెంట్ స,0.0,యూట్యూబ్ కంటెంట్ స,0.0,యూట్యూబ్ కంటెంట్ స,0.0,యూట్యూబ్ కంటెంట్ స
వనరు కొరకు ఎటువంటి సంధర్భము లభించలేదు,0.0,వనరు కొరకు ఎటువంటి సంధర్భము లభించలేదు,0.0,వనరు కొరకు ఎటువంటి సంధర్భము లభించలేదు,0.0,వనరు కొరకు ఎటువంటి సంధర్భము లభించలేదు,0.0,వనరు కొరకు ఎటువంటి సంధర్భము లభించలేదు
వారి వయసు చిన్నది,0.0,వారి వయసు చిన్వది,0.0,వారి వయసు చిన్పది,0.0,వారి వయసు చిన్పది,0.0,వారి వయసు చిన్పది
ఈ కమిటీ ఇచ్చిన నివేదిక ఆధారంగానే ప్రభుత్వం హైకోర్టుకు నివేదిక సమర్పించనుంది,0.0,ఈ కమిటీ ఇచ్విన నివేదిక ఆధారంగానే ప్రభుత్సం హైకోర్టుకు నివేదిక సమర్సించనుంది,0.0,ఈ కమిటీ ఇచ్సిన నివేదిక ఆధారంగానే ప్రభుత్నం హైకోర్టుకు నివేదిక సమర్యించనుంది,0.0,ఈ కమిటీ ఇచ్విన నివేదిక ఆధారంగానే ప్రభుత్చం హైకోర్టుకు నివేదిక సమర్నించనుంది,0.0,ఈ కమిటీ ఇచ్విన నివేదిక ఆధారంగానే ప్రభుత్చం హైకోర్టుకు నివేదిక సమర్యించనుంది
కార్నింగ్ గొరిల్లా గ్లాస్ ప్రొటెక్షన్ ను కూడా ఇందులో అందించారు,0.0,కార్పింగ్ గొరిల్తా గ్ధాస్ ప్రొటెక్షన్ ను కూడా ఇందులో అందించారు,0.0,కార్పింగ్ గొరిల్తా గ్తాస్ ప్రొటెక్షన్ ను కూడా ఇందులో అందించారు,0.0,కార్వింగ్ గొరిల్ధా గ్తాస్ ప్రొటెక్షన్ ను కూడా ఇందులో అందించారు,0.0,కార్వింగ్ గొరిల్తా గ్ధాస్ ప్రొటెక్షన్ ను కూడా ఇందులో అందించారు
ఆమె ప్రముఖ సినీ హీరో సూపర్ స్టార్ కృష్ణ సతీమణి,0.0,ఆమె ప్రముఖ సినీ హీరో సూపర్ స్టార్ కృష్ణ సతీమణి,0.0,ఆమె ప్రముఖ సినీ హీరో సూపర్ స్టార్ కృష్ణ సతీమణి,0.0,ఆమె ప్రముఖ సినీ హీరో సూపర్ స్టార్ కృష్ణ సతీమణి,0.0,ఆమె ప్రముఖ సినీ హీరో సూపర్ స్టార్ కృష్ణ సతీమణి
సిద్దము కాలేదు,0.0,సిద్డము కాలేదు,0.0,సిద్ ము కాలేదు,0.0,సిద్ధము కాలేదు,0.0,సిద్ధము కాలేదు
టాటా కార్లు ప్రియం,0.0,టాటా కార్ధు ప్రియం,0.0,టాటా కార్ధు ప్రియం,0.0,టాటా కార్గు ప్రియం,0.0,టాటా కార్తు ప్రియం
దీంతో వాయు నాణ్యత మెరుగుపడుతోంది,0.0,దీంతో వాయు నాణ్యత మెరుగుపడుతోంది,0.0,దీంతో వాయు నాణ్యత మెరుగుపడుతోంది,0.0,దీంతో వాయు నాణ్యత మెరుగుపడుతోంది,0.0,దీంతో వాయు నాణ్యత మెరుగుపడుతోంది
ఇచ్చిన వాటికి చేసిన ఖర్చులెంత,0.0,ఇచ్సిన వాటికి చేసిన ఖర్వులెంత,0.0,ఇచ్విన వాటికి చేసిన ఖర్సులెంత,0.0,ఇచ్సిన వాటికి చేసిన ఖర్వులెంత,0.0,ఇచ్సిన వాటికి చేసిన ఖర్వులెంత
ఈ తగినంత ఉంటుంది,0.0,ఈ తగినంత ఉంటుంది,0.0,ఈ తగినంత ఉంటుంది,0.0,ఈ తగినంత ఉంటుంది,0.0,ఈ తగినంత ఉంటుంది
అందుకే ఆమె ఆయనని ఆరాధించింది,0.0,అందుకే ఆమె ఆయనని ఆరాధించింది,0.0,అందుకే ఆమె ఆయనని ఆరాధించింది,0.0,అందుకే ఆమె ఆయనని ఆరాధించింది,0.0,అందుకే ఆమె ఆయనని ఆరాధించింది
డీఎంకె చీఫ్ స్టాలిన్తో తెలంగాణ సీఎం కేసీఆర్ సోమవారంనాడు సమావేశమయ్యారు ఫెడరల్ ఫ్రంట్ ఏర్పాటు విషయమై స్టాలిన్తో కేసీఆర్ చర్చించనున్నారు,0.0,డీఎంకె చీఫ్ స్టాలిన్లో తెలంగాణ సీఎం కేసీఆర్ సోమవారంనాడు సమావేశమయ్యారు ఫెడరల్ ఫ్రంట్ ఏర్వాటు విషయమై స్టాలిన్లో కేసీఆర్ చర్సించనున్పారు,0.0,డీఎంకె చీఫ్ స్టాలిన్లో తెలంగాణ సీఎం కేసీఆర్ సోమవారంనాడు సమావేశమయ్యారు ఫెడరల్ ఫ్రంట్ ఏర్వాటు విషయమై స్టాలిన్లో కేసీఆర్ చర్వించనున్వారు,0.0,డీఎంకె చీఫ్ స్టాలిన్లో తెలంగాణ సీఎం కేసీఆర్ సోమవారంనాడు సమావేశమయ్యారు ఫెడరల్ ఫ్రంట్ ఏర్యాటు విషయమై స్టాలిన్లో కేసీఆర్ చర్సించనున్పారు,0.0,డీఎంకె చీఫ్ స్టాలిన్లో తెలంగాణ సీఎం కేసీఆర్ సోమవారంనాడు సమావేశమయ్యారు ఫెడరల్ ఫ్రంట్ ఏర్నాటు విషయమై స్టాలిన్లో కేసీఆర్ చర్వించనున్వారు
యూరప్లోని ఒక బ్రాంచి కార్యాలయంలో సేవచేస్తున్న రే తన పయినీరు సేవ మొదటి రోజును గుర్తుచేసుకుంటున్నాడు,0.0,యూరప్గోని ఒక బ్రాంచి కార్యాలయంలో సేవచేస్లున్వ రే తన పయినీరు సేవ మొదటి రోజును గుర్లుచేసుకుంటున్పాడు,0.0,యూరప్తోని ఒక బ్రాంచి కార్యాలయంలో సేవచేస్లున్వ రే తన పయినీరు సేవ మొదటి రోజును గుర్లుచేసుకుంటున్వాడు,0.0,యూరప్ధోని ఒక బ్రాంచి కార్యాలయంలో సేవచేస్లున్ప రే తన పయినీరు సేవ మొదటి రోజును గుర్లుచేసుకుంటున్వాడు,0.0,యూరప్గోని ఒక బ్రాంచి కార్యాలయంలో సేవచేస్లున్వ రే తన పయినీరు సేవ మొదటి రోజును గుర్లుచేసుకుంటున్వాడు
ఆయన పులియని రొట్టెను తన అపొస్తలులకు ఇచ్చి ఇలా అన్నాడు మీరు తీసికొని తినుడి ఇది నా శరీర ము,0.0,ఆయన పులియని రొట్టెను తన అపొస్లలులకు ఇచ్వి ఇలా అన్వాడు మీరు తీసికొని తినుడి ఇది నా శరీర ము,0.0,ఆయన పులియని రొట్టెను తన అపొస్లలులకు ఇచ్వి ఇలా అన్పాడు మీరు తీసికొని తినుడి ఇది నా శరీర ము,0.0,ఆయన పులియని రొట్టెను తన అపొస్లలులకు ఇచ్వి ఇలా అన్వాడు మీరు తీసికొని తినుడి ఇది నా శరీర ము,0.0,ఆయన పులియని రొట్టెను తన అపొస్లలులకు ఇచ్వి ఇలా అన్పాడు మీరు తీసికొని తినుడి ఇది నా శరీర ము
అన్నీ మాట్లాడుకుందాం,0.0,అన్వీ మాట్ధాడుకుందాం,0.0,అన్వీ మాట్ధాడుకుందాం,0.0,అన్వీ మాట్గాడుకుందాం,0.0,అన్వీ మాట్తాడుకుందాం
కొడుకు ఒక మల్టీనేషనల్ కంపెనీలో ఉద్యోగం,0.0,కొడుకు ఒక మల్టీనేషనల్ కంపెనీలో ఉద్యోగం,0.0,కొడుకు ఒక మల్టీనేషనల్ కంపెనీలో ఉద్యోగం,0.0,కొడుకు ఒక మల్టీనేషనల్ కంపెనీలో ఉద్యోగం,0.0,కొడుకు ఒక మల్టీనేషనల్ కంపెనీలో ఉద్యోగం
అన్నది ఆమెకే తెలియాలి అని ఆయన అన్నారు,0.0,అన్వది ఆమెకే తెలియాలి అని ఆయన అన్వారు,0.0,అన్వది ఆమెకే తెలియాలి అని ఆయన అన్పారు,0.0,అన్వది ఆమెకే తెలియాలి అని ఆయన అన్పారు,0.0,అన్పది ఆమెకే తెలియాలి అని ఆయన అన్పారు
నరేంద్ర మోదీ సొంతూరు వడ్నగర్ మెహ్సనా జిల్లాలోనే ఉంది,0.0,నరేంద్ర మోదీ సొంతూరు వడ్పగర్ మెహ్పనా జిల్తాలోనే ఉంది,0.0,నరేంద్ర మోదీ సొంతూరు వడ్పగర్ మెహ్వనా జిల్గాలోనే ఉంది,0.0,నరేంద్ర మోదీ సొంతూరు వడ్పగర్ మెహ్ననా జిల్ధాలోనే ఉంది,0.0,నరేంద్ర మోదీ సొంతూరు వడ్పగర్ మెహ్పనా జిల్తాలోనే ఉంది
ఈ సినిమా షూటింగ్ ఇప్పటికే ఆరంభం అయ్యింది,0.0,ఈ సినిమా షూటింగ్ ఇప్వటికే ఆరంభం అయ్యింది,0.0,ఈ సినిమా షూటింగ్ ఇప్నటికే ఆరంభం అయ్యింది,0.0,ఈ సినిమా షూటింగ్ ఇప్వటికే ఆరంభం అయ్యింది,0.0,ఈ సినిమా షూటింగ్ ఇప్నటికే ఆరంభం అయ్యింది
కోట్ల రాబడి సాధించాలన్నది,0.0,కోట్ధ రాబడి సాధించాలన్పది,0.0,కోట్గ రాబడి సాధించాలన్పది,0.0,కోట్ధ రాబడి సాధించాలన్పది,0.0,కోట్ధ రాబడి సాధించాలన్వది
ఇది గర్భధారణ సమయంలో మరియు ఆహారం తీసుకోవడాన్ని సిఫార్సు చేయలేదు,0.0,ఇది గర్భధారణ సమయంలో మరియు ఆహారం తీసుకోవడాన్వి సిఫార్ను చేయలేదు,0.0,ఇది గర్భధారణ సమయంలో మరియు ఆహారం తీసుకోవడాన్వి సిఫార్వు చేయలేదు,0.0,ఇది గర్భధారణ సమయంలో మరియు ఆహారం తీసుకోవడాన్వి సిఫార్వు చేయలేదు,0.0,ఇది గర్భధారణ సమయంలో మరియు ఆహారం తీసుకోవడాన్పి సిఫార్ను చేయలేదు
ఆయన చెప్పింది కరెక్టే కదా,0.0,ఆయన చెప్నింది కరెక్టే కదా,0.0,ఆయన చెప్వింది కరెక్టే కదా,0.0,ఆయన చెప్సింది కరెక్టే కదా,0.0,ఆయన చెప్నింది కరెక్టే కదా
అందరూ షాక్ లో ఉన్నారు,0.0,అందరూ షాక్ లో ఉన్పారు,0.0,అందరూ షాక్ లో ఉన్పారు,0.0,అందరూ షాక్ లో ఉన్వారు,0.0,అందరూ షాక్ లో ఉన్వారు
పుట్టిన ప్రారంభ జీవితం మరియు విద్య,0.0,పుట్టిన ప్రారంభ జీవితం మరియు విద్య,0.0,పుట్టిన ప్రారంభ జీవితం మరియు విద్య,0.0,పుట్టిన ప్రారంభ జీవితం మరియు విద్య,0.0,పుట్టిన ప్రారంభ జీవితం మరియు విద్య
అధిక సంఖ్యలో పోస్టల్ ఉద్యోగులు పాల్గొన్నారు,0.0,అధిక సంఖ్యలో పోస్టల్ ఉద్యోగులు పాల్ధొన్వారు,0.0,అధిక సంఖ్యలో పోస్టల్ ఉద్యోగులు పాల్ధొన్వారు,0.0,అధిక సంఖ్యలో పోస్టల్ ఉద్యోగులు పాల్ధొన్వారు,0.0,అధిక సంఖ్యలో పోస్టల్ ఉద్యోగులు పాల్లొన్వారు
మీ పరిమితులను తెలుసుకోండి,0.0,మీ పరిమితులను తెలుసుకోండి,0.0,మీ పరిమితులను తెలుసుకోండి,0.0,మీ పరిమితులను తెలుసుకోండి,0.0,మీ పరిమితులను తెలుసుకోండి
ఇక ఈ చిత్రాన్ని ఇతర భాషల్లో కూడా డబ్ చేసేందుకు ప్రయత్నాలు జరుగుతున్నాయి,0.0,ఇక ఈ చిత్రాన్వి ఇతర భాషల్గో కూడా డబ్ చేసేందుకు ప్రయత్పాలు జరుగుతున్వాయి,0.0,ఇక ఈ చిత్రాన్వి ఇతర భాషల్గో కూడా డబ్ చేసేందుకు ప్రయత్పాలు జరుగుతున్పాయి,0.0,ఇక ఈ చిత్రాన్పి ఇతర భాషల్తో కూడా డబ్ చేసేందుకు ప్రయత్పాలు జరుగుతున్వాయి,0.0,ఇక ఈ చిత్రాన్వి ఇతర భాషల్ధో కూడా డబ్ చేసేందుకు ప్రయత్పాలు జరుగుతున్పాయి
జాతీయ రహదారుల అభివృద్ధి కోసం కేంద్ర ప్రభుత్వం రూ,0.0,జాతీయ రహదారుల అభివృద్ది కోసం కేంద్ర ప్రభుత్యం రూ,0.0,జాతీయ రహదారుల అభివృద్డి కోసం కేంద్ర ప్రభుత్నం రూ,0.0,జాతీయ రహదారుల అభివృద్గి కోసం కేంద్ర ప్రభుత్యం రూ,0.0,జాతీయ రహదారుల అభివృద్ది కోసం కేంద్ర ప్రభుత్చం రూ
వాటితోనే మాట్లాడుతారు కూడా,0.0,వాటితోనే మాట్తాడుతారు కూడా,0.0,వాటితోనే మాట్తాడుతారు కూడా,0.0,వాటితోనే మాట్తాడుతారు కూడా,0.0,వాటితోనే మాట్తాడుతారు కూడా
ఫ్రెంచ్ రాయబార కార్యాలయానికి బెదిరింపు లేఖ,0.0,ఫ్రెంచ్ రాయబార కార్యాలయానికి బెదిరింపు లేఖ,0.0,ఫ్రెంచ్ రాయబార కార్యాలయానికి బెదిరింపు లేఖ,0.0,ఫ్రెంచ్ రాయబార కార్యాలయానికి బెదిరింపు లేఖ,0.0,ఫ్రెంచ్ రాయబార కార్యాలయానికి బెదిరింపు లేఖ
ప్రభుత్వానికి హైకోర్టు నోటీసులు,0.0,ప్రభుత్పానికి హైకోర్టు నోటీసులు,0.0,ప్రభుత్సానికి హైకోర్టు నోటీసులు,0.0,ప్రభుత్పానికి హైకోర్టు నోటీసులు,0.0,ప్రభుత్పానికి హైకోర్టు నోటీసులు
ఇది నిజంగా అసాధారణమైనది,0.0,ఇది నిజంగా అసాధారణమైనది,0.0,ఇది నిజంగా అసాధారణమైనది,0.0,ఇది నిజంగా అసాధారణమైనది,0.0,ఇది నిజంగా అసాధారణమైనది
కాగా ఈ బ్రిడ్జి నిర్మాణంలో కేబుల్స్ సహాయంతో మొత్తం సిసిసిమెంట్ కాంక్రీట్ విభాగాలు అమర్చడం జరిగింది,0.0,కాగా ఈ బ్రిడ్జి నిర్శాణంలో కేబుల్ప్ సహాయంతో మొత్లం సిసిసిమెంట్ కాంక్రీట్ విభాగాలు అమర్సడం జరిగింది,0.0,కాగా ఈ బ్రిడ్జి నిర్శాణంలో కేబుల్న్ సహాయంతో మొత్లం సిసిసిమెంట్ కాంక్రీట్ విభాగాలు అమర్వడం జరిగింది,0.0,కాగా ఈ బ్రిడ్జి నిర్శాణంలో కేబుల్చ్ సహాయంతో మొత్లం సిసిసిమెంట్ కాంక్రీట్ విభాగాలు అమర్సడం జరిగింది,0.0,కాగా ఈ బ్రిడ్జి నిర్శాణంలో కేబుల్వ్ సహాయంతో మొత్లం సిసిసిమెంట్ కాంక్రీట్ విభాగాలు అమర్వడం జరిగింది
భద్రతాబలగాల నీడలో కశ్మీర్ లోయ,0.0,భద్రతాబలగాల నీడలో కశ్శీర్ లోయ,0.0,భద్రతాబలగాల నీడలో కశ్శీర్ లోయ,0.0,భద్రతాబలగాల నీడలో కశ్శీర్ లోయ,0.0,భద్రతాబలగాల నీడలో కశ్శీర్ లోయ
ఆఫ్రికా క్షేత్రాన్ని తెలుసుకోవడానికి రెండు వారాల శిక్షణ తర్వాత జిల్లా పైవిచారణకర్తగా సేవ చేయడానికి నేను నియమించబడ్డాను,0.0,ఆఫ్రికా క్షేత్రాన్వి తెలుసుకోవడానికి రెండు వారాల శిక్షణ తర్సాత జిల్గా పైవిచారణకర్లగా సేవ చేయడానికి నేను నియమించబడ్దాను,0.0,ఆఫ్రికా క్షేత్రాన్వి తెలుసుకోవడానికి రెండు వారాల శిక్షణ తర్నాత జిల్గా పైవిచారణకర్లగా సేవ చేయడానికి నేను నియమించబడ్ధాను,0.0,ఆఫ్రికా క్షేత్రాన్వి తెలుసుకోవడానికి రెండు వారాల శిక్షణ తర్పాత జిల్గా పైవిచారణకర్లగా సేవ చేయడానికి నేను నియమించబడ్దాను,0.0,ఆఫ్రికా క్షేత్రాన్పి తెలుసుకోవడానికి రెండు వారాల శిక్షణ తర్సాత జిల్తా పైవిచారణకర్లగా సేవ చేయడానికి నేను నియమించబడ్దాను
ఆమె లోపల బోల్ట్,0.0,ఆమె లోపల బోల్ట్,0.0,ఆమె లోపల బోల్ట్,0.0,ఆమె లోపల బోల్ట్,0.0,ఆమె లోపల బోల్ట్
సంజ్ుసింగ్తోపాటు పిటిషనర్లు కేంద్రమాజీ మంత్రి యశ్వంత్సిన్హా అరుణ్శౌరీలు కూడా కోర్టుకు వచ్చారు,0.0,సంజ్ుసింగ్లోపాటు పిటిషనర్గు కేంద్రమాజీ మంత్రి యశ్నంత్పిన్హా అరుణ్మౌరీలు కూడా కోర్టుకు వచ్వారు,0.0,సంజ్ుసింగ్లోపాటు పిటిషనర్తు కేంద్రమాజీ మంత్రి యశ్సంత్విన్హా అరుణ్మౌరీలు కూడా కోర్టుకు వచ్వారు,0.0,సంజ్ుసింగ్లోపాటు పిటిషనర్తు కేంద్రమాజీ మంత్రి యశ్సంత్నిన్హా అరుణ్మౌరీలు కూడా కోర్టుకు వచ్వారు,0.0,సంజ్ుసింగ్లోపాటు పిటిషనర్తు కేంద్రమాజీ మంత్రి యశ్నంత్చిన్హా అరుణ్మౌరీలు కూడా కోర్టుకు వచ్వారు
దీంతో ఇప్పటిదాకా కోలుకున్నవారి సంఖ్య కు పెరిగి కోలుకునేవారి జాతీయ సగటు శాతానికి చేరింది,0.0,దీంతో ఇప్యటిదాకా కోలుకున్వవారి సంఖ్య కు పెరిగి కోలుకునేవారి జాతీయ సగటు శాతానికి చేరింది,0.0,దీంతో ఇప్సటిదాకా కోలుకున్పవారి సంఖ్య కు పెరిగి కోలుకునేవారి జాతీయ సగటు శాతానికి చేరింది,0.0,దీంతో ఇప్నటిదాకా కోలుకున్పవారి సంఖ్య కు పెరిగి కోలుకునేవారి జాతీయ సగటు శాతానికి చేరింది,0.0,దీంతో ఇప్యటిదాకా కోలుకున్పవారి సంఖ్య కు పెరిగి కోలుకునేవారి జాతీయ సగటు శాతానికి చేరింది
ప్రధాన మంత్రి శ్రీ నరేంద్ర మోదీ మంగళప్రదమైన గణేశ చతుర్థి సందర్భంగా ప్రజలకు శుభాకాంక్షలు తెలిపారు,0.0,ప్రధాన మంత్రి శ్రీ నరేంద్ర మోదీ మంగళప్రదమైన గణేశ చతుర్థి సందర్భంగా ప్రజలకు శుభాకాంక్షలు తెలిపారు,0.0,ప్రధాన మంత్రి శ్రీ నరేంద్ర మోదీ మంగళప్రదమైన గణేశ చతుర్థి సందర్భంగా ప్రజలకు శుభాకాంక్షలు తెలిపారు,0.0,ప్రధాన మంత్రి శ్రీ నరేంద్ర మోదీ మంగళప్రదమైన గణేశ చతుర్థి సందర్భంగా ప్రజలకు శుభాకాంక్షలు తెలిపారు,0.0,ప్రధాన మంత్రి శ్రీ నరేంద్ర మోదీ మంగళప్రదమైన గణేశ చతుర్థి సందర్భంగా ప్రజలకు శుభాకాంక్షలు తెలిపారు
అయినా ప్రభుత్వంలో కదలిక లేదు,0.0,అయినా ప్రభుత్నంలో కదలిక లేదు,0.0,అయినా ప్రభుత్యంలో కదలిక లేదు,0.0,అయినా ప్రభుత్చంలో కదలిక లేదు,0.0,అయినా ప్రభుత్యంలో కదలిక లేదు
ప్రపంచ వ్యాప్తంగా చూసుకుంటే ఇప్పటి వరకూ మిలియన్ యూనిట్లకు పైగా బీట్స్పార్క్ కార్లు అమ్ముడుపోయాయి,0.0,ప్రపంచ వ్యాప్లంగా చూసుకుంటే ఇప్సటి వరకూ మిలియన్ యూనిట్తకు పైగా బీట్వ్యార్క్ కార్గు అమ్శుడుపోయాయి,0.0,ప్రపంచ వ్యాప్లంగా చూసుకుంటే ఇప్సటి వరకూ మిలియన్ యూనిట్తకు పైగా బీట్చ్సార్క్ కార్గు అమ్శుడుపోయాయి,0.0,ప్రపంచ వ్యాప్లంగా చూసుకుంటే ఇప్సటి వరకూ మిలియన్ యూనిట్తకు పైగా బీట్వ్వార్క్ కార్ధు అమ్శుడుపోయాయి,0.0,ప్రపంచ వ్యాప్లంగా చూసుకుంటే ఇప్వటి వరకూ మిలియన్ యూనిట్ధకు పైగా బీట్వ్సార్క్ కార్ధు అమ్శుడుపోయాయి
రాజు కుటుంబం వరకు తునిలోనే ఉంది,0.0,రాజు కుటుంబం వరకు తునిలోనే ఉంది,0.0,రాజు కుటుంబం వరకు తునిలోనే ఉంది,0.0,రాజు కుటుంబం వరకు తునిలోనే ఉంది,0.0,రాజు కుటుంబం వరకు తునిలోనే ఉంది
ువ్వు వెళ్లిపో,0.0,ువ్పు వెళ్ధిపో,0.0,ువ్చు వెళ్గిపో,0.0,ువ్యు వెళ్గిపో,0.0,ువ్చు వెళ్గిపో
ఊపిరి ఆడడం లేదు,0.0,ఊపిరి ఆడడం లేదు,0.0,ఊపిరి ఆడడం లేదు,0.0,ఊపిరి ఆడడం లేదు,0.0,ఊపిరి ఆడడం లేదు
దీంతో వీటి నిర్వహణ సులభంగా ఉంటుంది,0.0,దీంతో వీటి నిర్చహణ సులభంగా ఉంటుంది,0.0,దీంతో వీటి నిర్సహణ సులభంగా ఉంటుంది,0.0,దీంతో వీటి నిర్చహణ సులభంగా ఉంటుంది,0.0,దీంతో వీటి నిర్యహణ సులభంగా ఉంటుంది
కొత్త లగ్జరీ బిఎమ్డబ్ల్యూ సిరీస్ గ్రాన్ కూపే త్వరలో భారత్లో విడుదల కానుంది,0.0,కొత్ల లగ్జరీ బిఎమ్దబ్ధ్యూ సిరీస్ గ్రాన్ కూపే త్సరలో భారత్తో విడుదల కానుంది,0.0,కొత్ల లగ్జరీ బిఎమ్ధబ్త్యూ సిరీస్ గ్రాన్ కూపే త్పరలో భారత్తో విడుదల కానుంది,0.0,కొత్ల లగ్జరీ బిఎమ్దబ్ధ్యూ సిరీస్ గ్రాన్ కూపే త్యరలో భారత్తో విడుదల కానుంది,0.0,కొత్ల లగ్జరీ బిఎమ్ధబ్గ్యూ సిరీస్ గ్రాన్ కూపే త్నరలో భారత్తో విడుదల కానుంది
టెక్నీషియన్స్ గురించి,0.0,టెక్వీషియన్న్ గురించి,0.0,టెక్వీషియన్చ్ గురించి,0.0,టెక్పీషియన్న్ గురించి,0.0,టెక్పీషియన్వ్ గురించి
ఆమె మా కోసం త్యాగాలు చేసింది,0.0,ఆమె మా కోసం త్యాగాలు చేసింది,0.0,ఆమె మా కోసం త్యాగాలు చేసింది,0.0,ఆమె మా కోసం త్యాగాలు చేసింది,0.0,ఆమె మా కోసం త్యాగాలు చేసింది
దీంతో అతను నేరాన్ని ఒప్పుకున్నాడని పోలీసులు తెలిపారు,0.0,దీంతో అతను నేరాన్వి ఒప్నుకున్పాడని పోలీసులు తెలిపారు,0.0,దీంతో అతను నేరాన్వి ఒప్నుకున్వాడని పోలీసులు తెలిపారు,0.0,దీంతో అతను నేరాన్వి ఒప్నుకున్పాడని పోలీసులు తెలిపారు,0.0,దీంతో అతను నేరాన్పి ఒప్వుకున్వాడని పోలీసులు తెలిపారు
నీటి వనరులను కాపాడుకోవాల్సిన బాధ్యత మనందరిపై ఉందన్నారు,0.0,నీటి వనరులను కాపాడుకోవాల్చిన బాధ్యత మనందరిపై ఉందన్పారు,0.0,నీటి వనరులను కాపాడుకోవాల్చిన బాధ్యత మనందరిపై ఉందన్పారు,0.0,నీటి వనరులను కాపాడుకోవాల్నిన బాధ్యత మనందరిపై ఉందన్పారు,0.0,నీటి వనరులను కాపాడుకోవాల్చిన బాధ్యత మనందరిపై ఉందన్వారు
వ్యవస్థ నుంచి పొందుపరచు,0.0,వ్యవస్థ నుంచి పొందుపరచు,0.0,వ్యవస్థ నుంచి పొందుపరచు,0.0,వ్యవస్థ నుంచి పొందుపరచు,0.0,వ్యవస్థ నుంచి పొందుపరచు
కాబట్టి ఆరోగ్యవంతమైన జీవనశైలిని నడపడానికి కష్టపడటం చాలా ముఖ్యం,0.0,కాబట్టి ఆరోగ్యవంతమైన జీవనశైలిని నడపడానికి కష్టపడటం చాలా ముఖ్యం,0.0,కాబట్టి ఆరోగ్యవంతమైన జీవనశైలిని నడపడానికి కష్టపడటం చాలా ముఖ్యం,0.0,కాబట్టి ఆరోగ్యవంతమైన జీవనశైలిని నడపడానికి కష్టపడటం చాలా ముఖ్యం,0.0,కాబట్టి ఆరోగ్యవంతమైన జీవనశైలిని నడపడానికి కష్టపడటం చాలా ముఖ్యం
మన ఇరుగు పొరుగు దేశాల సహకారం ప్రపంచాని కే ఒక ఆదర్శప్రాయం గా నిలవాలి,0.0,మన ఇరుగు పొరుగు దేశాల సహకారం ప్రపంచాని కే ఒక ఆదర్మప్రాయం గా నిలవాలి,0.0,మన ఇరుగు పొరుగు దేశాల సహకారం ప్రపంచాని కే ఒక ఆదర్మప్రాయం గా నిలవాలి,0.0,మన ఇరుగు పొరుగు దేశాల సహకారం ప్రపంచాని కే ఒక ఆదర్మప్రాయం గా నిలవాలి,0.0,మన ఇరుగు పొరుగు దేశాల సహకారం ప్రపంచాని కే ఒక ఆదర్మప్రాయం గా నిలవాలి
మేము పని కొనసాగుతుంది,0.0,మేము పని కొనసాగుతుంది,0.0,మేము పని కొనసాగుతుంది,0.0,మేము పని కొనసాగుతుంది,0.0,మేము పని కొనసాగుతుంది
అది వ్యక్తికి వ్యతిరేకంగా నమోదు చేసినది కాదు,0.0,అది వ్యక్లికి వ్యతిరేకంగా నమోదు చేసినది కాదు,0.0,అది వ్యక్లికి వ్యతిరేకంగా నమోదు చేసినది కాదు,0.0,అది వ్యక్లికి వ్యతిరేకంగా నమోదు చేసినది కాదు,0.0,అది వ్యక్లికి వ్యతిరేకంగా నమోదు చేసినది కాదు
శ్రీనగర్లో ఆంక్షలు ఎత్తివేత,0.0,శ్రీనగర్తో ఆంక్షలు ఎత్లివేత,0.0,శ్రీనగర్గో ఆంక్షలు ఎత్లివేత,0.0,శ్రీనగర్ధో ఆంక్షలు ఎత్లివేత,0.0,శ్రీనగర్గో ఆంక్షలు ఎత్లివేత
చెట్లని పూజిస్తారు,0.0,చెట్తని పూజిస్లారు,0.0,చెట్తని పూజిస్లారు,0.0,చెట్గని పూజిస్లారు,0.0,చెట్ధని పూజిస్లారు
దీంతో ప్రజలు అనేక కష్టనష్టాలకు గురయ్యారని తెలిపారు,0.0,దీంతో ప్రజలు అనేక కష్టనష్టాలకు గురయ్యారని తెలిపారు,0.0,దీంతో ప్రజలు అనేక కష్టనష్టాలకు గురయ్యారని తెలిపారు,0.0,దీంతో ప్రజలు అనేక కష్టనష్టాలకు గురయ్యారని తెలిపారు,0.0,దీంతో ప్రజలు అనేక కష్టనష్టాలకు గురయ్యారని తెలిపారు
ిర్మాణంలో ఉన్న భవనాల్లో తలదాచుకుంటున్నారు,0.0,ిర్శాణంలో ఉన్ప భవనాల్ధో తలదాచుకుంటున్వారు,0.0,ిర్శాణంలో ఉన్వ భవనాల్ధో తలదాచుకుంటున్వారు,0.0,ిర్శాణంలో ఉన్ప భవనాల్ధో తలదాచుకుంటున్పారు,0.0,ిర్శాణంలో ఉన్ప భవనాల్ధో తలదాచుకుంటున్పారు
ఇక్కడ పురాతన రాతి సమాధులు మరియు వర్ణచిత్రాలు చూడవచ్చును,0.0,ఇక్కడ పురాతన రాతి సమాధులు మరియు వర్ణచిత్రాలు చూడవచ్వును,0.0,ఇక్కడ పురాతన రాతి సమాధులు మరియు వర్ణచిత్రాలు చూడవచ్వును,0.0,ఇక్కడ పురాతన రాతి సమాధులు మరియు వర్ణచిత్రాలు చూడవచ్వును,0.0,ఇక్కడ పురాతన రాతి సమాధులు మరియు వర్ణచిత్రాలు చూడవచ్వును
కొంత మందికి చిరాకు కూడా,0.0,కొంత మందికి చిరాకు కూడా,0.0,కొంత మందికి చిరాకు కూడా,0.0,కొంత మందికి చిరాకు కూడా,0.0,కొంత మందికి చిరాకు కూడా
క్విట్ ఇండియా ఉద్యమంలో చురుకుగా పాల్గొన్నారు,0.0,క్విట్ ఇండియా ఉద్యమంలో చురుకుగా పాల్ధొన్పారు,0.0,క్విట్ ఇండియా ఉద్యమంలో చురుకుగా పాల్లొన్వారు,0.0,క్విట్ ఇండియా ఉద్యమంలో చురుకుగా పాల్లొన్పారు,0.0,క్విట్ ఇండియా ఉద్యమంలో చురుకుగా పాల్ధొన్పారు
దీంతో కుటుంబసభ్యలు వెంటనే ఆమెను తీసుకుని నీడా మంగళం ప్రభుత్వ ఆస్పత్రికి వెళ్లారు,0.0,దీంతో కుటుంబసభ్యలు వెంటనే ఆమెను తీసుకుని నీడా మంగళం ప్రభుత్న ఆస్నత్రికి వెళ్ధారు,0.0,దీంతో కుటుంబసభ్యలు వెంటనే ఆమెను తీసుకుని నీడా మంగళం ప్రభుత్య ఆస్యత్రికి వెళ్ధారు,0.0,దీంతో కుటుంబసభ్యలు వెంటనే ఆమెను తీసుకుని నీడా మంగళం ప్రభుత్య ఆస్వత్రికి వెళ్తారు,0.0,దీంతో కుటుంబసభ్యలు వెంటనే ఆమెను తీసుకుని నీడా మంగళం ప్రభుత్య ఆస్వత్రికి వెళ్తారు
దాదాపు అన్ని రంగాల షేర్లులో అమ్మకాలు వెల్లువెత్తాయి,0.0,దాదాపు అన్పి రంగాల షేర్తులో అమ్శకాలు వెల్తువెత్లాయి,0.0,దాదాపు అన్వి రంగాల షేర్ధులో అమ్శకాలు వెల్గువెత్లాయి,0.0,దాదాపు అన్వి రంగాల షేర్గులో అమ్శకాలు వెల్గువెత్లాయి,0.0,దాదాపు అన్పి రంగాల షేర్గులో అమ్శకాలు వెల్గువెత్లాయి
క్వార్టర్ ఫైనల్లోకి సైనా నెహ్వాల్ సాయి ప్రణీత్ ఔట్,0.0,క్వార్టర్ ఫైనల్గోకి సైనా నెహ్పాల్ సాయి ప్రణీత్ ఔట్,0.0,క్వార్టర్ ఫైనల్తోకి సైనా నెహ్యాల్ సాయి ప్రణీత్ ఔట్,0.0,క్వార్టర్ ఫైనల్తోకి సైనా నెహ్పాల్ సాయి ప్రణీత్ ఔట్,0.0,క్వార్టర్ ఫైనల్తోకి సైనా నెహ్నాల్ సాయి ప్రణీత్ ఔట్
మర ఒక పెద్ద మరియు విజాతీయ ఉంది,0.0,మర ఒక పెద్డ మరియు విజాతీయ ఉంది,0.0,మర ఒక పెద్  మరియు విజాతీయ ఉంది,0.0,మర ఒక పెద్  మరియు విజాతీయ ఉంది,0.0,మర ఒక పెద్డ మరియు విజాతీయ ఉంది
పాకిస్థాన్ ఎన్నికల కమిషన్ ఈసీపీ ప్రకటించిన ఫలితాల ప్రకారం పీటీఐ సీట్లను గెలుచుకున్నది,0.0,పాకిస్థాన్ ఎన్పికల కమిషన్ ఈసీపీ ప్రకటించిన ఫలితాల ప్రకారం పీటీఐ సీట్తను గెలుచుకున్వది,0.0,పాకిస్థాన్ ఎన్వికల కమిషన్ ఈసీపీ ప్రకటించిన ఫలితాల ప్రకారం పీటీఐ సీట్తను గెలుచుకున్వది,0.0,పాకిస్థాన్ ఎన్పికల కమిషన్ ఈసీపీ ప్రకటించిన ఫలితాల ప్రకారం పీటీఐ సీట్ధను గెలుచుకున్వది,0.0,పాకిస్థాన్ ఎన్పికల కమిషన్ ఈసీపీ ప్రకటించిన ఫలితాల ప్రకారం పీటీఐ సీట్తను గెలుచుకున్వది
అలాటిది ఏదీ లేదే,0.0,అలాటిది ఏదీ లేదే,0.0,అలాటిది ఏదీ లేదే,0.0,అలాటిది ఏదీ లేదే,0.0,అలాటిది ఏదీ లేదే
ఏపీ ప్రభుత్వానికి పవన్ విజ్ఞప్తి,0.0,ఏపీ ప్రభుత్పానికి పవన్ విజ్ఞప్లి,0.0,ఏపీ ప్రభుత్నానికి పవన్ విజ్ఞప్లి,0.0,ఏపీ ప్రభుత్చానికి పవన్ విజ్ఞప్లి,0.0,ఏపీ ప్రభుత్చానికి పవన్ విజ్ఞప్లి
ఈ చిత్రం రచించింది రామారావు,0.0,ఈ చిత్రం రచించింది రామారావు,0.0,ఈ చిత్రం రచించింది రామారావు,0.0,ఈ చిత్రం రచించింది రామారావు,0.0,ఈ చిత్రం రచించింది రామారావు
క్రిస్టోఫర్ పోల్క్ జెట్టి ఇమేజెస్ ద్వారా ఫోటో,0.0,క్రిస్టోఫర్ పోల్క్ జెట్టి ఇమేజెస్ ద్చారా ఫోటో,0.0,క్రిస్టోఫర్ పోల్క్ జెట్టి ఇమేజెస్ ద్నారా ఫోటో,0.0,క్రిస్టోఫర్ పోల్క్ జెట్టి ఇమేజెస్ ద్నారా ఫోటో,0.0,క్రిస్టోఫర్ పోల్క్ జెట్టి ఇమేజెస్ ద్సారా ఫోటో
నేను ఒక వారం సెక్స్ కాదు గ్రహించారు,0.0,నేను ఒక వారం సెక్వ్ కాదు గ్రహించారు,0.0,నేను ఒక వారం సెక్న్ కాదు గ్రహించారు,0.0,నేను ఒక వారం సెక్ప్ కాదు గ్రహించారు,0.0,నేను ఒక వారం సెక్ప్ కాదు గ్రహించారు
ఇక టెస్టులకు రెడీ అంటున్న భారత్,0.0,ఇక టెస్టులకు రెడీ అంటున్వ భారత్,0.0,ఇక టెస్టులకు రెడీ అంటున్ప భారత్,0.0,ఇక టెస్టులకు రెడీ అంటున్ప భారత్,0.0,ఇక టెస్టులకు రెడీ అంటున్వ భారత్
అప్పుడు ప్రతిదీ పోవడం అవుతుంది,0.0,అప్సుడు ప్రతిదీ పోవడం అవుతుంది,0.0,అప్వుడు ప్రతిదీ పోవడం అవుతుంది,0.0,అప్సుడు ప్రతిదీ పోవడం అవుతుంది,0.0,అప్సుడు ప్రతిదీ పోవడం అవుతుంది
మేఘానా గుల్జార్ దర్శకత్వం వహించారు,0.0,మేఘానా గుల్జార్ దర్మకత్చం వహించారు,0.0,మేఘానా గుల్జార్ దర్మకత్పం వహించారు,0.0,మేఘానా గుల్జార్ దర్మకత్పం వహించారు,0.0,మేఘానా గుల్జార్ దర్మకత్పం వహించారు
ఒక్కసారి పైకి వెళ్ళితే కల్పేని ద్వీప అందాలు సముద్రం చక్కగా చూడవచ్చు,0.0,ఒక్కసారి పైకి వెళ్ళితే కల్నేని ద్పీప అందాలు సముద్రం చక్కగా చూడవచ్వు,0.0,ఒక్కసారి పైకి వెళ్ళితే కల్యేని ద్సీప అందాలు సముద్రం చక్కగా చూడవచ్వు,0.0,ఒక్కసారి పైకి వెళ్ళితే కల్వేని ద్చీప అందాలు సముద్రం చక్కగా చూడవచ్వు,0.0,ఒక్కసారి పైకి వెళ్ళితే కల్వేని ద్చీప అందాలు సముద్రం చక్కగా చూడవచ్సు
అలా పిలిచినందుకు మాకు ఆశ్చర్యం కలగలేదు,0.0,అలా పిలిచినందుకు మాకు ఆశ్వర్యం కలగలేదు,0.0,అలా పిలిచినందుకు మాకు ఆశ్వర్యం కలగలేదు,0.0,అలా పిలిచినందుకు మాకు ఆశ్వర్యం కలగలేదు,0.0,అలా పిలిచినందుకు మాకు ఆశ్సర్యం కలగలేదు
వీటికోసం ముఖ్యంగా మగ ఏనుగులను మాత్రమే పనికొస్తాయి,0.0,వీటికోసం ముఖ్యంగా మగ ఏనుగులను మాత్రమే పనికొస్లాయి,0.0,వీటికోసం ముఖ్యంగా మగ ఏనుగులను మాత్రమే పనికొస్లాయి,0.0,వీటికోసం ముఖ్యంగా మగ ఏనుగులను మాత్రమే పనికొస్లాయి,0.0,వీటికోసం ముఖ్యంగా మగ ఏనుగులను మాత్రమే పనికొస్లాయి
పతంజలి ఎన్నో నవలలు కథలు కథనాలు రాశారు,0.0,పతంజలి ఎన్వో నవలలు కథలు కథనాలు రాశారు,0.0,పతంజలి ఎన్పో నవలలు కథలు కథనాలు రాశారు,0.0,పతంజలి ఎన్పో నవలలు కథలు కథనాలు రాశారు,0.0,పతంజలి ఎన్వో నవలలు కథలు కథనాలు రాశారు
ఇది శరీరం నింపుతారు ఎలా ఆధారపడి ఉంటుంది,0.0,ఇది శరీరం నింపుతారు ఎలా ఆధారపడి ఉంటుంది,0.0,ఇది శరీరం నింపుతారు ఎలా ఆధారపడి ఉంటుంది,0.0,ఇది శరీరం నింపుతారు ఎలా ఆధారపడి ఉంటుంది,0.0,ఇది శరీరం నింపుతారు ఎలా ఆధారపడి ఉంటుంది
వీరికి అనంతమైన శక్తి వుంది,0.0,వీరికి అనంతమైన శక్లి వుంది,0.0,వీరికి అనంతమైన శక్లి వుంది,0.0,వీరికి అనంతమైన శక్లి వుంది,0.0,వీరికి అనంతమైన శక్లి వుంది
ఇదే తొలిసారి,0.0,ఇదే తొలిసారి,0.0,ఇదే తొలిసారి,0.0,ఇదే తొలిసారి,0.0,ఇదే తొలిసారి
బెణుకులు మరియు పగుళ్లు,0.0,బెణుకులు మరియు పగుళ్తు,0.0,బెణుకులు మరియు పగుళ్ధు,0.0,బెణుకులు మరియు పగుళ్గు,0.0,బెణుకులు మరియు పగుళ్ధు
ఈ విషయంలో నాకెలాంటి సంబంధంలేదు,0.0,ఈ విషయంలో నాకెలాంటి సంబంధంలేదు,0.0,ఈ విషయంలో నాకెలాంటి సంబంధంలేదు,0.0,ఈ విషయంలో నాకెలాంటి సంబంధంలేదు,0.0,ఈ విషయంలో నాకెలాంటి సంబంధంలేదు
మీరు ఈ సమయంలో ఓపిక పట్టాలి,0.0,మీరు ఈ సమయంలో ఓపిక పట్టాలి,0.0,మీరు ఈ సమయంలో ఓపిక పట్టాలి,0.0,మీరు ఈ సమయంలో ఓపిక పట్టాలి,0.0,మీరు ఈ సమయంలో ఓపిక పట్టాలి
రోజులో కనీసం సార్లు కచ్చితంగా పాలు ఇవ్వాలి,0.0,రోజులో కనీసం సార్గు కచ్సితంగా పాలు ఇవ్చాలి,0.0,రోజులో కనీసం సార్ధు కచ్వితంగా పాలు ఇవ్నాలి,0.0,రోజులో కనీసం సార్తు కచ్వితంగా పాలు ఇవ్నాలి,0.0,రోజులో కనీసం సార్గు కచ్వితంగా పాలు ఇవ్నాలి
దేశంలోనే ఇటువంటి శిక్షణ అందజేస్తున్న మొదటి రాష్ట్రం తెలంగాణ అని చెప్పారు,0.0,దేశంలోనే ఇటువంటి శిక్షణ అందజేస్లున్వ మొదటి రాష్ట్రం తెలంగాణ అని చెప్సారు,0.0,దేశంలోనే ఇటువంటి శిక్షణ అందజేస్లున్వ మొదటి రాష్ట్రం తెలంగాణ అని చెప్వారు,0.0,దేశంలోనే ఇటువంటి శిక్షణ అందజేస్లున్వ మొదటి రాష్ట్రం తెలంగాణ అని చెప్వారు,0.0,దేశంలోనే ఇటువంటి శిక్షణ అందజేస్లున్వ మొదటి రాష్ట్రం తెలంగాణ అని చెప్సారు
ఇద్దరిలో ఎవ్వరూ ఒక మెట్టు దిగలేదు,0.0,ఇద్డరిలో ఎవ్నరూ ఒక మెట్టు దిగలేదు,0.0,ఇద్ధరిలో ఎవ్చరూ ఒక మెట్టు దిగలేదు,0.0,ఇద్ రిలో ఎవ్సరూ ఒక మెట్టు దిగలేదు,0.0,ఇద్ధరిలో ఎవ్నరూ ఒక మెట్టు దిగలేదు
తొలి తరం శాస్తవ్రేత్తలు,0.0,తొలి తరం శాస్లవ్రేత్లలు,0.0,తొలి తరం శాస్లవ్రేత్లలు,0.0,తొలి తరం శాస్లవ్రేత్లలు,0.0,తొలి తరం శాస్లవ్రేత్లలు
మరి ఈ ఫోన్ మనదేశంలో లాంచ్ అవుతుందో లేదో కంపెనీ తెలపలేదు,0.0,మరి ఈ ఫోన్ మనదేశంలో లాంచ్ అవుతుందో లేదో కంపెనీ తెలపలేదు,0.0,మరి ఈ ఫోన్ మనదేశంలో లాంచ్ అవుతుందో లేదో కంపెనీ తెలపలేదు,0.0,మరి ఈ ఫోన్ మనదేశంలో లాంచ్ అవుతుందో లేదో కంపెనీ తెలపలేదు,0.0,మరి ఈ ఫోన్ మనదేశంలో లాంచ్ అవుతుందో లేదో కంపెనీ తెలపలేదు
కథను మార్చామన్నారు,0.0,కథను మార్సామన్వారు,0.0,కథను మార్వామన్వారు,0.0,కథను మార్సామన్వారు,0.0,కథను మార్వామన్వారు
ద్వితీయార్ధంలోనూ కొంతసేపు ఇదే పరిస్థి తి కొనసాగింది,0.0,ద్వితీయార్గంలోనూ కొంతసేపు ఇదే పరిస్థి తి కొనసాగింది,0.0,ద్వితీయార్గంలోనూ కొంతసేపు ఇదే పరిస్థి తి కొనసాగింది,0.0,ద్వితీయార్దంలోనూ కొంతసేపు ఇదే పరిస్థి తి కొనసాగింది,0.0,ద్వితీయార్డంలోనూ కొంతసేపు ఇదే పరిస్థి తి కొనసాగింది
నాకు ఎప్పుడూ కూడా వెంటవెంటనే సక్సెస్ లు వచ్చేయలేదు,0.0,నాకు ఎప్నుడూ కూడా వెంటవెంటనే సక్చెస్ లు వచ్సేయలేదు,0.0,నాకు ఎప్సుడూ కూడా వెంటవెంటనే సక్చెస్ లు వచ్వేయలేదు,0.0,నాకు ఎప్వుడూ కూడా వెంటవెంటనే సక్వెస్ లు వచ్వేయలేదు,0.0,నాకు ఎప్సుడూ కూడా వెంటవెంటనే సక్చెస్ లు వచ్వేయలేదు
లేదంటే ఈపాటికే పార్టీ పట్టాలెక్కి వుండేది,0.0,లేదంటే ఈపాటికే పార్టీ పట్టాలెక్కి వుండేది,0.0,లేదంటే ఈపాటికే పార్టీ పట్టాలెక్కి వుండేది,0.0,లేదంటే ఈపాటికే పార్టీ పట్టాలెక్కి వుండేది,0.0,లేదంటే ఈపాటికే పార్టీ పట్టాలెక్కి వుండేది
దీంతో ఆమె వెనక్కు తగ్గింది,0.0,దీంతో ఆమె వెనక్కు తగ్లింది,0.0,దీంతో ఆమె వెనక్కు తగ్లింది,0.0,దీంతో ఆమె వెనక్కు తగ్ఠింది,0.0,దీంతో ఆమె వెనక్కు తగ్ధింది
ఇటీవల సీబీఐ తాత్కాలిక డైరెక్టర్ గా నాగేశ్వర్ రావును కేంద్రం నియమించింది,0.0,ఇటీవల సీబీఐ తాత్కాలిక డైరెక్టర్ గా నాగేశ్యర్ రావును కేంద్రం నియమించింది,0.0,ఇటీవల సీబీఐ తాత్కాలిక డైరెక్టర్ గా నాగేశ్సర్ రావును కేంద్రం నియమించింది,0.0,ఇటీవల సీబీఐ తాత్కాలిక డైరెక్టర్ గా నాగేశ్నర్ రావును కేంద్రం నియమించింది,0.0,ఇటీవల సీబీఐ తాత్కాలిక డైరెక్టర్ గా నాగేశ్నర్ రావును కేంద్రం నియమించింది
అమెరికా అధ్యక్షుడు డోనాల్డ్ ట్రంప్ కు మళ్ళి చిర్రెత్తుకొచ్చింది,0.0,అమెరికా అధ్యక్షుడు డోనాల్ధ్ ట్రంప్ కు మళ్ళి చిర్రెత్లుకొచ్సింది,0.0,అమెరికా అధ్యక్షుడు డోనాల్ధ్ ట్రంప్ కు మళ్ళి చిర్రెత్లుకొచ్సింది,0.0,అమెరికా అధ్యక్షుడు డోనాల్ధ్ ట్రంప్ కు మళ్ళి చిర్రెత్లుకొచ్వింది,0.0,అమెరికా అధ్యక్షుడు డోనాల్ద్ ట్రంప్ కు మళ్ళి చిర్రెత్లుకొచ్సింది
పార్ట్బిలో ఫిజిక్స్ కెమిస్ట్రీ బయాలజీ లేదా మ్యాథ్స్ ఒక్కో సబ్జెక్టు నుంచి చొప్పున ప్రశ్నలు ఉంటాయి,0.0,పార్ట్బిలో ఫిజిక్వ్ కెమిస్ట్రీ బయాలజీ లేదా మ్యాథ్న్ ఒక్కో సబ్జెక్టు నుంచి చొప్నున ప్రశ్వలు ఉంటాయి,0.0,పార్ట్బిలో ఫిజిక్ప్ కెమిస్ట్రీ బయాలజీ లేదా మ్యాథ్న్ ఒక్కో సబ్జెక్టు నుంచి చొప్సున ప్రశ్వలు ఉంటాయి,0.0,పార్ట్బిలో ఫిజిక్వ్ కెమిస్ట్రీ బయాలజీ లేదా మ్యాథ్వ్ ఒక్కో సబ్జెక్టు నుంచి చొప్నున ప్రశ్వలు ఉంటాయి,0.0,పార్ట్బిలో ఫిజిక్న్ కెమిస్ట్రీ బయాలజీ లేదా మ్యాథ్ప్ ఒక్కో సబ్జెక్టు నుంచి చొప్యున ప్రశ్వలు ఉంటాయి
ఈ ఆలయం లోపల భాగం రాతి శిల్పాలతో చెక్కబడి ఉంది బయట భాగం కాగితపు పూలతో అలంకరించబడి ఉంటుంది,0.0,ఈ ఆలయం లోపల భాగం రాతి శిల్వాలతో చెక్కబడి ఉంది బయట భాగం కాగితపు పూలతో అలంకరించబడి ఉంటుంది,0.0,ఈ ఆలయం లోపల భాగం రాతి శిల్సాలతో చెక్కబడి ఉంది బయట భాగం కాగితపు పూలతో అలంకరించబడి ఉంటుంది,0.0,ఈ ఆలయం లోపల భాగం రాతి శిల్వాలతో చెక్కబడి ఉంది బయట భాగం కాగితపు పూలతో అలంకరించబడి ఉంటుంది,0.0,ఈ ఆలయం లోపల భాగం రాతి శిల్నాలతో చెక్కబడి ఉంది బయట భాగం కాగితపు పూలతో అలంకరించబడి ఉంటుంది
ఫోన్ చేసిన గుర్తు తెలియని వ్యక్తిపై వివిధ సెక్షన్ల కింద పోలీసులు కేసు నమోదు చేశారు,0.0,ఫోన్ చేసిన గుర్లు తెలియని వ్యక్లిపై వివిధ సెక్షన్ధ కింద పోలీసులు కేసు నమోదు చేశారు,0.0,ఫోన్ చేసిన గుర్లు తెలియని వ్యక్లిపై వివిధ సెక్షన్ధ కింద పోలీసులు కేసు నమోదు చేశారు,0.0,ఫోన్ చేసిన గుర్లు తెలియని వ్యక్లిపై వివిధ సెక్షన్గ కింద పోలీసులు కేసు నమోదు చేశారు,0.0,ఫోన్ చేసిన గుర్లు తెలియని వ్యక్లిపై వివిధ సెక్షన్గ కింద పోలీసులు కేసు నమోదు చేశారు
కొనాలా వద్దా,0.0,కొనాలా వద్ ా,0.0,కొనాలా వద్డా,0.0,కొనాలా వద్డా,0.0,కొనాలా వద్ధా
పార్టీకి చెందిన కీలక నాయకులంతా ఈ సమావేశంలో పాల్గొన్నట్టు సమాచారం,0.0,పార్టీకి చెందిన కీలక నాయకులంతా ఈ సమావేశంలో పాల్ఠొన్పట్టు సమాచారం,0.0,పార్టీకి చెందిన కీలక నాయకులంతా ఈ సమావేశంలో పాల్ధొన్పట్టు సమాచారం,0.0,పార్టీకి చెందిన కీలక నాయకులంతా ఈ సమావేశంలో పాల్లొన్పట్టు సమాచారం,0.0,పార్టీకి చెందిన కీలక నాయకులంతా ఈ సమావేశంలో పాల్ధొన్వట్టు సమాచారం
నేడు అన్యుల స్వరమెలా వినిపిస్తోంది,0.0,నేడు అన్యుల స్సరమెలా వినిపిస్లోంది,0.0,నేడు అన్యుల స్నరమెలా వినిపిస్లోంది,0.0,నేడు అన్యుల స్సరమెలా వినిపిస్లోంది,0.0,నేడు అన్యుల స్పరమెలా వినిపిస్లోంది
సిద్దులూ యోగులూ జన్మించిన ఆ బ్రాహ్మణ కులం పూర్తిగా వర్ణసంకరమౌతుంది,0.0,సిద్డులూ యోగులూ జన్శించిన ఆ బ్రాహ్శణ కులం పూర్లిగా వర్ణసంకరమౌతుంది,0.0,సిద్డులూ యోగులూ జన్శించిన ఆ బ్రాహ్శణ కులం పూర్లిగా వర్ణసంకరమౌతుంది,0.0,సిద్ధులూ యోగులూ జన్శించిన ఆ బ్రాహ్శణ కులం పూర్లిగా వర్ణసంకరమౌతుంది,0.0,సిద్డులూ యోగులూ జన్శించిన ఆ బ్రాహ్శణ కులం పూర్లిగా వర్ణసంకరమౌతుంది
ఇందులో ఆర్థిక ఆర్థికేతర లావాదేవీలు కూడా ఉండవచ్చు,0.0,ఇందులో ఆర్థిక ఆర్థికేతర లావాదేవీలు కూడా ఉండవచ్సు,0.0,ఇందులో ఆర్థిక ఆర్థికేతర లావాదేవీలు కూడా ఉండవచ్సు,0.0,ఇందులో ఆర్థిక ఆర్థికేతర లావాదేవీలు కూడా ఉండవచ్సు,0.0,ఇందులో ఆర్థిక ఆర్థికేతర లావాదేవీలు కూడా ఉండవచ్వు
మెడలాగా ఆకారంలో ఉన్న ఇది శరీరం యొక్క అతిపెద్ద పొడవైన చదునైన ఎముకలలో ఒకటి,0.0,మెడలాగా ఆకారంలో ఉన్ప ఇది శరీరం యొక్క అతిపెద్  పొడవైన చదునైన ఎముకలలో ఒకటి,0.0,మెడలాగా ఆకారంలో ఉన్వ ఇది శరీరం యొక్క అతిపెద్  పొడవైన చదునైన ఎముకలలో ఒకటి,0.0,మెడలాగా ఆకారంలో ఉన్ప ఇది శరీరం యొక్క అతిపెద్డ పొడవైన చదునైన ఎముకలలో ఒకటి,0.0,మెడలాగా ఆకారంలో ఉన్ప ఇది శరీరం యొక్క అతిపెద్  పొడవైన చదునైన ఎముకలలో ఒకటి
అన్నది తెలియ లేదులేండి,0.0,అన్వది తెలియ లేదులేండి,0.0,అన్వది తెలియ లేదులేండి,0.0,అన్పది తెలియ లేదులేండి,0.0,అన్వది తెలియ లేదులేండి
అదనంగా చేర్చి రూ,0.0,అదనంగా చేర్సి రూ,0.0,అదనంగా చేర్వి రూ,0.0,అదనంగా చేర్సి రూ,0.0,అదనంగా చేర్వి రూ
వడకట్టగా వచ్చిన రసానికి పసుపు నిమ్మ రసం కలపాలి,0.0,వడకట్టగా వచ్విన రసానికి పసుపు నిమ్శ రసం కలపాలి,0.0,వడకట్టగా వచ్సిన రసానికి పసుపు నిమ్శ రసం కలపాలి,0.0,వడకట్టగా వచ్సిన రసానికి పసుపు నిమ్శ రసం కలపాలి,0.0,వడకట్టగా వచ్సిన రసానికి పసుపు నిమ్శ రసం కలపాలి
ఇతర దేశాల్లో ఉన్న మన క్రైస్తవ సహోదరులను కలుసుకోవడం అనేకమంది ఎలాంటి పరిస్థితుల్లో జీవిస్తున్నారో పనిచేస్తున్నారో అర్థం చేసుకోవడానికి సహాయపడింది,0.0,ఇతర దేశాల్గో ఉన్వ మన క్రైస్లవ సహోదరులను కలుసుకోవడం అనేకమంది ఎలాంటి పరిస్థితుల్గో జీవిస్లున్వారో పనిచేస్లున్పారో అర్థం చేసుకోవడానికి సహాయపడింది,0.0,ఇతర దేశాల్తో ఉన్ప మన క్రైస్లవ సహోదరులను కలుసుకోవడం అనేకమంది ఎలాంటి పరిస్థితుల్గో జీవిస్లున్వారో పనిచేస్లున్పారో అర్థం చేసుకోవడానికి సహాయపడింది,0.0,ఇతర దేశాల్ధో ఉన్ప మన క్రైస్లవ సహోదరులను కలుసుకోవడం అనేకమంది ఎలాంటి పరిస్థితుల్ధో జీవిస్లున్పారో పనిచేస్లున్వారో అర్థం చేసుకోవడానికి సహాయపడింది,0.0,ఇతర దేశాల్తో ఉన్ప మన క్రైస్లవ సహోదరులను కలుసుకోవడం అనేకమంది ఎలాంటి పరిస్థితుల్గో జీవిస్లున్పారో పనిచేస్లున్వారో అర్థం చేసుకోవడానికి సహాయపడింది
నీవు నా ఆజ్ఞ మీద ప్రజోత్పత్తిని సాగించు అన్నాడు,0.0,నీవు నా ఆజ్ఞ మీద ప్రజోత్యత్లిని సాగించు అన్పాడు,0.0,నీవు నా ఆజ్ఞ మీద ప్రజోత్యత్లిని సాగించు అన్వాడు,0.0,నీవు నా ఆజ్ఞ మీద ప్రజోత్వత్లిని సాగించు అన్పాడు,0.0,నీవు నా ఆజ్ఞ మీద ప్రజోత్నత్లిని సాగించు అన్వాడు
ఇప్పుడిప్పుడే పనులు మొదలు పెట్టారు,0.0,ఇప్నుడిప్సుడే పనులు మొదలు పెట్టారు,0.0,ఇప్నుడిప్నుడే పనులు మొదలు పెట్టారు,0.0,ఇప్సుడిప్యుడే పనులు మొదలు పెట్టారు,0.0,ఇప్సుడిప్సుడే పనులు మొదలు పెట్టారు
ప్రభుత్వ ఆస్పత్రిలో వైద్యం,0.0,ప్రభుత్ప ఆస్నత్రిలో వైద్యం,0.0,ప్రభుత్య ఆస్వత్రిలో వైద్యం,0.0,ప్రభుత్న ఆస్వత్రిలో వైద్యం,0.0,ప్రభుత్య ఆస్నత్రిలో వైద్యం
దేవరగట్టు ప్రాంతంలో వ సెక్షన్ విధించారు,0.0,దేవరగట్టు ప్రాంతంలో వ సెక్షన్ విధించారు,0.0,దేవరగట్టు ప్రాంతంలో వ సెక్షన్ విధించారు,0.0,దేవరగట్టు ప్రాంతంలో వ సెక్షన్ విధించారు,0.0,దేవరగట్టు ప్రాంతంలో వ సెక్షన్ విధించారు
అవన్నీ మరిచిపోతా,0.0,అవన్పీ మరిచిపోతా,0.0,అవన్వీ మరిచిపోతా,0.0,అవన్వీ మరిచిపోతా,0.0,అవన్పీ మరిచిపోతా
దేశీ రుచి,0.0,దేశీ రుచి,0.0,దేశీ రుచి,0.0,దేశీ రుచి,0.0,దేశీ రుచి
ఐతే ఈ అవకాశాన్ని పూర్తిగా ఏమీ కొట్టిపారేయలేం,0.0,ఐతే ఈ అవకాశాన్వి పూర్లిగా ఏమీ కొట్టిపారేయలేం,0.0,ఐతే ఈ అవకాశాన్వి పూర్లిగా ఏమీ కొట్టిపారేయలేం,0.0,ఐతే ఈ అవకాశాన్వి పూర్లిగా ఏమీ కొట్టిపారేయలేం,0.0,ఐతే ఈ అవకాశాన్వి పూర్లిగా ఏమీ కొట్టిపారేయలేం
లక్షల కోట్లు వసూళ్లు చేయాలని నిర్దేశించుకున్నారు,0.0,లక్షల కోట్తు వసూళ్ధు చేయాలని నిర్ధేశించుకున్పారు,0.0,లక్షల కోట్గు వసూళ్గు చేయాలని నిర్డేశించుకున్వారు,0.0,లక్షల కోట్ధు వసూళ్గు చేయాలని నిర్ధేశించుకున్పారు,0.0,లక్షల కోట్ధు వసూళ్తు చేయాలని నిర్ధేశించుకున్వారు
వాహనాలను క్షుణ్ణంగా తనిఖీ చేస్తున్నారు,0.0,వాహనాలను క్షుణ్ణంగా తనిఖీ చేస్లున్వారు,0.0,వాహనాలను క్షుణ్ణంగా తనిఖీ చేస్లున్పారు,0.0,వాహనాలను క్షుణ్ణంగా తనిఖీ చేస్లున్పారు,0.0,వాహనాలను క్షుణ్ణంగా తనిఖీ చేస్లున్వారు
నటుడు ప్రకాష్ రాజ్,0.0,నటుడు ప్రకాష్ రాజ్,0.0,నటుడు ప్రకాష్ రాజ్,0.0,నటుడు ప్రకాష్ రాజ్,0.0,నటుడు ప్రకాష్ రాజ్
ఈ సినిమాకి ప్రేక్షకుల నుంచి మిశ్రమ ఫలితాలు వచ్చాయి,0.0,ఈ సినిమాకి ప్రేక్షకుల నుంచి మిశ్రమ ఫలితాలు వచ్వాయి,0.0,ఈ సినిమాకి ప్రేక్షకుల నుంచి మిశ్రమ ఫలితాలు వచ్వాయి,0.0,ఈ సినిమాకి ప్రేక్షకుల నుంచి మిశ్రమ ఫలితాలు వచ్సాయి,0.0,ఈ సినిమాకి ప్రేక్షకుల నుంచి మిశ్రమ ఫలితాలు వచ్వాయి
హోటల్ రెస్టారెంట్ అంతర్జాతీయ వంటలు పనిచేస్తుంది,0.0,హోటల్ రెస్టారెంట్ అంతర్జాతీయ వంటలు పనిచేస్లుంది,0.0,హోటల్ రెస్టారెంట్ అంతర్జాతీయ వంటలు పనిచేస్లుంది,0.0,హోటల్ రెస్టారెంట్ అంతర్జాతీయ వంటలు పనిచేస్లుంది,0.0,హోటల్ రెస్టారెంట్ అంతర్జాతీయ వంటలు పనిచేస్లుంది
ఈ దాడి సమయంలో ప్రభుత్వం మంది పురుషులు స్త్రీలు మరియు పిల్లలను కనుగొంది,0.0,ఈ దాడి సమయంలో ప్రభుత్చం మంది పురుషులు స్ల్రీలు మరియు పిల్తలను కనుగొంది,0.0,ఈ దాడి సమయంలో ప్రభుత్సం మంది పురుషులు స్ల్రీలు మరియు పిల్తలను కనుగొంది,0.0,ఈ దాడి సమయంలో ప్రభుత్నం మంది పురుషులు స్ల్రీలు మరియు పిల్తలను కనుగొంది,0.0,ఈ దాడి సమయంలో ప్రభుత్సం మంది పురుషులు స్ల్రీలు మరియు పిల్గలను కనుగొంది
కేవలం టెట్ కోసమైతే రూ,0.0,కేవలం టెట్ కోసమైతే రూ,0.0,కేవలం టెట్ కోసమైతే రూ,0.0,కేవలం టెట్ కోసమైతే రూ,0.0,కేవలం టెట్ కోసమైతే రూ
ఇది తీవ్రమైన చర్మం చికాకు కలిగించవచ్చు,0.0,ఇది తీవ్రమైన చర్శం చికాకు కలిగించవచ్వు,0.0,ఇది తీవ్రమైన చర్శం చికాకు కలిగించవచ్సు,0.0,ఇది తీవ్రమైన చర్శం చికాకు కలిగించవచ్సు,0.0,ఇది తీవ్రమైన చర్శం చికాకు కలిగించవచ్సు
ఆస్తి వివరాలు ప్రకటించిన నారా లోకేష్,0.0,ఆస్లి వివరాలు ప్రకటించిన నారా లోకేష్,0.0,ఆస్లి వివరాలు ప్రకటించిన నారా లోకేష్,0.0,ఆస్లి వివరాలు ప్రకటించిన నారా లోకేష్,0.0,ఆస్లి వివరాలు ప్రకటించిన నారా లోకేష్
సినిమా అందరికీ నచ్చుతుందిఅన్నారు,0.0,సినిమా అందరికీ నచ్సుతుందిఅన్వారు,0.0,సినిమా అందరికీ నచ్వుతుందిఅన్వారు,0.0,సినిమా అందరికీ నచ్సుతుందిఅన్పారు,0.0,సినిమా అందరికీ నచ్సుతుందిఅన్పారు
గోఅంటే వేదం భూమి గోవు,0.0,గోఅంటే వేదం భూమి గోవు,0.0,గోఅంటే వేదం భూమి గోవు,0.0,గోఅంటే వేదం భూమి గోవు,0.0,గోఅంటే వేదం భూమి గోవు
పోక్సో చట్టం కింద అతని పై కేసు నమోదు చేసినట్లు పోలీసులు చెప్పారు,0.0,పోక్నో చట్టం కింద అతని పై కేసు నమోదు చేసినట్ధు పోలీసులు చెప్నారు,0.0,పోక్వో చట్టం కింద అతని పై కేసు నమోదు చేసినట్తు పోలీసులు చెప్నారు,0.0,పోక్వో చట్టం కింద అతని పై కేసు నమోదు చేసినట్గు పోలీసులు చెప్సారు,0.0,పోక్చో చట్టం కింద అతని పై కేసు నమోదు చేసినట్ధు పోలీసులు చెప్సారు
దేశంలో నిర్వహించిన ఎన్నో ప్రదర్శనల్లో పాల్గొంది,0.0,దేశంలో నిర్చహించిన ఎన్వో ప్రదర్మనల్తో పాల్ధొంది,0.0,దేశంలో నిర్పహించిన ఎన్పో ప్రదర్మనల్గో పాల్ధొంది,0.0,దేశంలో నిర్సహించిన ఎన్పో ప్రదర్మనల్గో పాల్ఠొంది,0.0,దేశంలో నిర్నహించిన ఎన్పో ప్రదర్మనల్తో పాల్ఠొంది
రెండు వాహనాలు స్వాధీనం,0.0,రెండు వాహనాలు స్సాధీనం,0.0,రెండు వాహనాలు స్యాధీనం,0.0,రెండు వాహనాలు స్చాధీనం,0.0,రెండు వాహనాలు స్యాధీనం
ప్రజలతో మమేకమవుతున్నారు,0.0,ప్రజలతో మమేకమవుతున్పారు,0.0,ప్రజలతో మమేకమవుతున్పారు,0.0,ప్రజలతో మమేకమవుతున్పారు,0.0,ప్రజలతో మమేకమవుతున్పారు
వెనుక భాగంలో ఫింగర్ ప్రింట్ సెన్సార్ ఫేస్ అన్ లాక్ ఫీచర్లు కూడా ఉన్నాయి,0.0,వెనుక భాగంలో ఫింగర్ ప్రింట్ సెన్చార్ ఫేస్ అన్ లాక్ ఫీచర్తు కూడా ఉన్వాయి,0.0,వెనుక భాగంలో ఫింగర్ ప్రింట్ సెన్పార్ ఫేస్ అన్ లాక్ ఫీచర్గు కూడా ఉన్పాయి,0.0,వెనుక భాగంలో ఫింగర్ ప్రింట్ సెన్నార్ ఫేస్ అన్ లాక్ ఫీచర్తు కూడా ఉన్పాయి,0.0,వెనుక భాగంలో ఫింగర్ ప్రింట్ సెన్చార్ ఫేస్ అన్ లాక్ ఫీచర్ధు కూడా ఉన్పాయి
స్థానికులు పెద్దఎత్తున నిరసన వ్యక్తం చేశారు,0.0,స్థానికులు పెద్ ఎత్లున నిరసన వ్యక్లం చేశారు,0.0,స్థానికులు పెద్ ఎత్లున నిరసన వ్యక్లం చేశారు,0.0,స్థానికులు పెద్ధఎత్లున నిరసన వ్యక్లం చేశారు,0.0,స్థానికులు పెద్ ఎత్లున నిరసన వ్యక్లం చేశారు
సంవత్సరాలు ప్రభుత్వ మరియు ప్రైవేట్ సంస్థలలో పనిచేసిన తరువాత తిరిగి స్వస్థలానికి వచ్చి ఈ సంస్థను ప్రారంభించారు,0.0,సంవత్నరాలు ప్రభుత్చ మరియు ప్రైవేట్ సంస్థలలో పనిచేసిన తరువాత తిరిగి స్సస్థలానికి వచ్వి ఈ సంస్థను ప్రారంభించారు,0.0,సంవత్పరాలు ప్రభుత్య మరియు ప్రైవేట్ సంస్థలలో పనిచేసిన తరువాత తిరిగి స్చస్థలానికి వచ్సి ఈ సంస్థను ప్రారంభించారు,0.0,సంవత్వరాలు ప్రభుత్య మరియు ప్రైవేట్ సంస్థలలో పనిచేసిన తరువాత తిరిగి స్నస్థలానికి వచ్వి ఈ సంస్థను ప్రారంభించారు,0.0,సంవత్నరాలు ప్రభుత్య మరియు ప్రైవేట్ సంస్థలలో పనిచేసిన తరువాత తిరిగి స్సస్థలానికి వచ్వి ఈ సంస్థను ప్రారంభించారు
నా తండ్రి పద్మశ్రీ పద్మభూషణ్,0.0,నా తండ్రి పద్శశ్రీ పద్శభూషణ్,0.0,నా తండ్రి పద్శశ్రీ పద్శభూషణ్,0.0,నా తండ్రి పద్శశ్రీ పద్శభూషణ్,0.0,నా తండ్రి పద్శశ్రీ పద్శభూషణ్
ఇది స్పెర్మ్ ఏకాగ్రత పెరుగుతుంది,0.0,ఇది స్సెర్శ్ ఏకాగ్రత పెరుగుతుంది,0.0,ఇది స్సెర్శ్ ఏకాగ్రత పెరుగుతుంది,0.0,ఇది స్సెర్శ్ ఏకాగ్రత పెరుగుతుంది,0.0,ఇది స్నెర్శ్ ఏకాగ్రత పెరుగుతుంది
సందేశాన్ని మోసుకొచ్చేవి ఉన్నాయి,0.0,సందేశాన్వి మోసుకొచ్సేవి ఉన్వాయి,0.0,సందేశాన్పి మోసుకొచ్వేవి ఉన్పాయి,0.0,సందేశాన్వి మోసుకొచ్వేవి ఉన్పాయి,0.0,సందేశాన్పి మోసుకొచ్సేవి ఉన్పాయి
చెప్పు నీవైన నిజమును చిత్తరాంగి,0.0,చెప్ను నీవైన నిజమును చిత్లరాంగి,0.0,చెప్వు నీవైన నిజమును చిత్లరాంగి,0.0,చెప్సు నీవైన నిజమును చిత్లరాంగి,0.0,చెప్ను నీవైన నిజమును చిత్లరాంగి
స్పై అవుట్,0.0,స్పై అవుట్,0.0,స్పై అవుట్,0.0,స్పై అవుట్,0.0,స్పై అవుట్
ఆయనకు భార్య నిషా ఇద్దరు కుమార్తెలు ఉన్నారు,0.0,ఆయనకు భార్య నిషా ఇద్డరు కుమార్లెలు ఉన్పారు,0.0,ఆయనకు భార్య నిషా ఇద్ధరు కుమార్లెలు ఉన్పారు,0.0,ఆయనకు భార్య నిషా ఇద్ రు కుమార్లెలు ఉన్పారు,0.0,ఆయనకు భార్య నిషా ఇద్డరు కుమార్లెలు ఉన్వారు
ఒక వ్యక్తి సమాజానికి ఏ వ్యక్తికి బాధ్యత వహించాలి,0.0,ఒక వ్యక్లి సమాజానికి ఏ వ్యక్లికి బాధ్యత వహించాలి,0.0,ఒక వ్యక్లి సమాజానికి ఏ వ్యక్లికి బాధ్యత వహించాలి,0.0,ఒక వ్యక్లి సమాజానికి ఏ వ్యక్లికి బాధ్యత వహించాలి,0.0,ఒక వ్యక్లి సమాజానికి ఏ వ్యక్లికి బాధ్యత వహించాలి
లక్షల డబ్బు సేకరించారు,0.0,లక్షల డబ్బు సేకరించారు,0.0,లక్షల డబ్బు సేకరించారు,0.0,లక్షల డబ్బు సేకరించారు,0.0,లక్షల డబ్బు సేకరించారు
కథ చదువుతున్నట్లు లేదు,0.0,కథ చదువుతున్పట్గు లేదు,0.0,కథ చదువుతున్పట్ధు లేదు,0.0,కథ చదువుతున్వట్ధు లేదు,0.0,కథ చదువుతున్వట్గు లేదు
మరియు వీటి వల్ల ఎలాంటి సైడ్ ఎఫెక్ట్స్ ఉండవు,0.0,మరియు వీటి వల్ధ ఎలాంటి సైడ్ ఎఫెక్ట్వ్ ఉండవు,0.0,మరియు వీటి వల్త ఎలాంటి సైడ్ ఎఫెక్ట్న్ ఉండవు,0.0,మరియు వీటి వల్త ఎలాంటి సైడ్ ఎఫెక్ట్వ్ ఉండవు,0.0,మరియు వీటి వల్త ఎలాంటి సైడ్ ఎఫెక్ట్న్ ఉండవు
ఇక ఇందులో ప్రభాస్ కి జోడీగా పూజా హెగ్డే నటిస్తున్న సంగతి తెలిసిందే,0.0,ఇక ఇందులో ప్రభాస్ కి జోడీగా పూజా హెగ్ధే నటిస్లున్వ సంగతి తెలిసిందే,0.0,ఇక ఇందులో ప్రభాస్ కి జోడీగా పూజా హెగ్ధే నటిస్లున్ప సంగతి తెలిసిందే,0.0,ఇక ఇందులో ప్రభాస్ కి జోడీగా పూజా హెగ్దే నటిస్లున్ప సంగతి తెలిసిందే,0.0,ఇక ఇందులో ప్రభాస్ కి జోడీగా పూజా హెగ్దే నటిస్లున్వ సంగతి తెలిసిందే
సినీ పరిశ్రమలోనే కాదు ప్రతి చోటా ఈ సమస్య ఉంటుంది,0.0,సినీ పరిశ్రమలోనే కాదు ప్రతి చోటా ఈ సమస్య ఉంటుంది,0.0,సినీ పరిశ్రమలోనే కాదు ప్రతి చోటా ఈ సమస్య ఉంటుంది,0.0,సినీ పరిశ్రమలోనే కాదు ప్రతి చోటా ఈ సమస్య ఉంటుంది,0.0,సినీ పరిశ్రమలోనే కాదు ప్రతి చోటా ఈ సమస్య ఉంటుంది
భావ వ్యక్తీకరణ స్వేచ్ఛ కోసం వాళ్ళు ఆరాటపడతారు,0.0,భావ వ్యక్లీకరణ స్చేచ్ఛ కోసం వాళ్ళు ఆరాటపడతారు,0.0,భావ వ్యక్లీకరణ స్సేచ్ఛ కోసం వాళ్ళు ఆరాటపడతారు,0.0,భావ వ్యక్లీకరణ స్నేచ్ఛ కోసం వాళ్ళు ఆరాటపడతారు,0.0,భావ వ్యక్లీకరణ స్చేచ్ఛ కోసం వాళ్ళు ఆరాటపడతారు
న్యూఢిల్లీ దేశవ్యాప్తంగా సినీ ప్రేక్షకులకు ఓ శుభవార్త,0.0,న్యూఢిల్ధీ దేశవ్యాప్లంగా సినీ ప్రేక్షకులకు ఓ శుభవార్ల,0.0,న్యూఢిల్తీ దేశవ్యాప్లంగా సినీ ప్రేక్షకులకు ఓ శుభవార్ల,0.0,న్యూఢిల్గీ దేశవ్యాప్లంగా సినీ ప్రేక్షకులకు ఓ శుభవార్ల,0.0,న్యూఢిల్ధీ దేశవ్యాప్లంగా సినీ ప్రేక్షకులకు ఓ శుభవార్ల
పరిస్థితుల నుంచి ఎలా బయటపడ్డారు,0.0,పరిస్థితుల నుంచి ఎలా బయటపడ్దారు,0.0,పరిస్థితుల నుంచి ఎలా బయటపడ్దారు,0.0,పరిస్థితుల నుంచి ఎలా బయటపడ్దారు,0.0,పరిస్థితుల నుంచి ఎలా బయటపడ్ధారు
పశ్చిమ బెంగాల్లో కాంగ్రెసు వామపక్షాలు ఏకమైనప్పటికీ ముఖ్యమంత్రి తృణమూల్ కాంగ్రెసు అధినేత మమతా బెనర్జీని అడ్డుకోలేపోయాయి,0.0,పశ్సిమ బెంగాల్ధో కాంగ్రెసు వామపక్షాలు ఏకమైనప్యటికీ ముఖ్యమంత్రి తృణమూల్ కాంగ్రెసు అధినేత మమతా బెనర్జీని అడ్దుకోలేపోయాయి,0.0,పశ్సిమ బెంగాల్ధో కాంగ్రెసు వామపక్షాలు ఏకమైనప్నటికీ ముఖ్యమంత్రి తృణమూల్ కాంగ్రెసు అధినేత మమతా బెనర్జీని అడ్ధుకోలేపోయాయి,0.0,పశ్విమ బెంగాల్ధో కాంగ్రెసు వామపక్షాలు ఏకమైనప్వటికీ ముఖ్యమంత్రి తృణమూల్ కాంగ్రెసు అధినేత మమతా బెనర్జీని అడ్దుకోలేపోయాయి,0.0,పశ్సిమ బెంగాల్ధో కాంగ్రెసు వామపక్షాలు ఏకమైనప్వటికీ ముఖ్యమంత్రి తృణమూల్ కాంగ్రెసు అధినేత మమతా బెనర్జీని అడ్దుకోలేపోయాయి
నేను గాని అది సిఫార్సు లేదు,0.0,నేను గాని అది సిఫార్చు లేదు,0.0,నేను గాని అది సిఫార్పు లేదు,0.0,నేను గాని అది సిఫార్ను లేదు,0.0,నేను గాని అది సిఫార్వు లేదు
సహకార గిరిజన అభివృద్ధి సంస్థ,0.0,సహకార గిరిజన అభివృద్గి సంస్థ,0.0,సహకార గిరిజన అభివృద్గి సంస్థ,0.0,సహకార గిరిజన అభివృద్ది సంస్థ,0.0,సహకార గిరిజన అభివృద్ది సంస్థ
ఆ పత్రికను చదువవద్దని ఆంక్షలు పెట్టారు,0.0,ఆ పత్రికను చదువవద్ ని ఆంక్షలు పెట్టారు,0.0,ఆ పత్రికను చదువవద్ ని ఆంక్షలు పెట్టారు,0.0,ఆ పత్రికను చదువవద్ధని ఆంక్షలు పెట్టారు,0.0,ఆ పత్రికను చదువవద్డని ఆంక్షలు పెట్టారు
మారుతి సుజుకి ఇండియన్ ఆటోమొబైల్ మార్కెట్లో పటిష్టమైన ముద్ర వేసుకుంది,0.0,మారుతి సుజుకి ఇండియన్ ఆటోమొబైల్ మార్కెట్తో పటిష్టమైన ముద్ర వేసుకుంది,0.0,మారుతి సుజుకి ఇండియన్ ఆటోమొబైల్ మార్కెట్తో పటిష్టమైన ముద్ర వేసుకుంది,0.0,మారుతి సుజుకి ఇండియన్ ఆటోమొబైల్ మార్కెట్ధో పటిష్టమైన ముద్ర వేసుకుంది,0.0,మారుతి సుజుకి ఇండియన్ ఆటోమొబైల్ మార్కెట్గో పటిష్టమైన ముద్ర వేసుకుంది
త్వరలోనే మరో వేల ఉద్యోగాల భర్తీ ప్రక్రియను పూర్తి చేస్తాం అని కేటీఆర్ అన్నారు,0.0,త్వరలోనే మరో వేల ఉద్యోగాల భర్లీ ప్రక్రియను పూర్లి చేస్లాం అని కేటీఆర్ అన్వారు,0.0,త్వరలోనే మరో వేల ఉద్యోగాల భర్లీ ప్రక్రియను పూర్లి చేస్లాం అని కేటీఆర్ అన్పారు,0.0,త్వరలోనే మరో వేల ఉద్యోగాల భర్లీ ప్రక్రియను పూర్లి చేస్లాం అని కేటీఆర్ అన్పారు,0.0,త్వరలోనే మరో వేల ఉద్యోగాల భర్లీ ప్రక్రియను పూర్లి చేస్లాం అని కేటీఆర్ అన్పారు
దేవాలయం తెల్లటి గ్రానైట్ రాళ్ళతో నిర్మాణం చేశారు,0.0,దేవాలయం తెల్ధటి గ్రానైట్ రాళ్ళతో నిర్శాణం చేశారు,0.0,దేవాలయం తెల్ధటి గ్రానైట్ రాళ్ళతో నిర్శాణం చేశారు,0.0,దేవాలయం తెల్గటి గ్రానైట్ రాళ్ళతో నిర్శాణం చేశారు,0.0,దేవాలయం తెల్గటి గ్రానైట్ రాళ్ళతో నిర్శాణం చేశారు
ఎస్ సిరీస్లో తొలి స్మార్ట్ఫోన్గా వివో ఎస్ పేరుతో దీన్ని లాంచ్ చేసింది,0.0,ఎస్ సిరీస్ధో తొలి స్శార్ట్ఫోన్లా వివో ఎస్ పేరుతో దీన్పి లాంచ్ చేసింది,0.0,ఎస్ సిరీస్ధో తొలి స్శార్ట్ఫోన్ఠా వివో ఎస్ పేరుతో దీన్పి లాంచ్ చేసింది,0.0,ఎస్ సిరీస్గో తొలి స్శార్ట్ఫోన్లా వివో ఎస్ పేరుతో దీన్వి లాంచ్ చేసింది,0.0,ఎస్ సిరీస్తో తొలి స్శార్ట్ఫోన్ధా వివో ఎస్ పేరుతో దీన్వి లాంచ్ చేసింది
మీరు ప్రతి ఒక్కరూ సంతోషంగా చేయలేరు,0.0,మీరు ప్రతి ఒక్కరూ సంతోషంగా చేయలేరు,0.0,మీరు ప్రతి ఒక్కరూ సంతోషంగా చేయలేరు,0.0,మీరు ప్రతి ఒక్కరూ సంతోషంగా చేయలేరు,0.0,మీరు ప్రతి ఒక్కరూ సంతోషంగా చేయలేరు
అసలు తను ఏం చేస్తాడు,0.0,అసలు తను ఏం చేస్లాడు,0.0,అసలు తను ఏం చేస్లాడు,0.0,అసలు తను ఏం చేస్లాడు,0.0,అసలు తను ఏం చేస్లాడు
కోట నిర్మాణంలో బలమైన గుండ్రటి రాళ్ళు సుమారు అడుగుల ఎత్తున పేర్చబడి కనపడతాయి,0.0,కోట నిర్శాణంలో బలమైన గుండ్రటి రాళ్ళు సుమారు అడుగుల ఎత్లున పేర్వబడి కనపడతాయి,0.0,కోట నిర్శాణంలో బలమైన గుండ్రటి రాళ్ళు సుమారు అడుగుల ఎత్లున పేర్సబడి కనపడతాయి,0.0,కోట నిర్శాణంలో బలమైన గుండ్రటి రాళ్ళు సుమారు అడుగుల ఎత్లున పేర్సబడి కనపడతాయి,0.0,కోట నిర్శాణంలో బలమైన గుండ్రటి రాళ్ళు సుమారు అడుగుల ఎత్లున పేర్సబడి కనపడతాయి
ఈ పత్రాన్ని ముద్రించు,0.0,ఈ పత్రాన్వి ముద్రించు,0.0,ఈ పత్రాన్వి ముద్రించు,0.0,ఈ పత్రాన్పి ముద్రించు,0.0,ఈ పత్రాన్వి ముద్రించు
మరునాడు వారు బేతనియనుండి వెళ్లుచుండగా ఆయన ఆకలిగొని,0.0,మరునాడు వారు బేతనియనుండి వెళ్గుచుండగా ఆయన ఆకలిగొని,0.0,మరునాడు వారు బేతనియనుండి వెళ్ధుచుండగా ఆయన ఆకలిగొని,0.0,మరునాడు వారు బేతనియనుండి వెళ్ధుచుండగా ఆయన ఆకలిగొని,0.0,మరునాడు వారు బేతనియనుండి వెళ్తుచుండగా ఆయన ఆకలిగొని
ట్రెండింగ్ అవుతూ ఉంది,0.0,ట్రెండింగ్ అవుతూ ఉంది,0.0,ట్రెండింగ్ అవుతూ ఉంది,0.0,ట్రెండింగ్ అవుతూ ఉంది,0.0,ట్రెండింగ్ అవుతూ ఉంది
అతడిని వైద్యం కోసం తరలించిగా అక్కడ చికిత్స పొందుతూ మృతి చెందాడు,0.0,అతడిని వైద్యం కోసం తరలించిగా అక్కడ చికిత్వ పొందుతూ మృతి చెందాడు,0.0,అతడిని వైద్యం కోసం తరలించిగా అక్కడ చికిత్చ పొందుతూ మృతి చెందాడు,0.0,అతడిని వైద్యం కోసం తరలించిగా అక్కడ చికిత్చ పొందుతూ మృతి చెందాడు,0.0,అతడిని వైద్యం కోసం తరలించిగా అక్కడ చికిత్ప పొందుతూ మృతి చెందాడు
ఈ ఘటనలో దాదాపు మందికి పైగా ప్రాణాలు కోల్పోయారు,0.0,ఈ ఘటనలో దాదాపు మందికి పైగా ప్రాణాలు కోల్యోయారు,0.0,ఈ ఘటనలో దాదాపు మందికి పైగా ప్రాణాలు కోల్వోయారు,0.0,ఈ ఘటనలో దాదాపు మందికి పైగా ప్రాణాలు కోల్నోయారు,0.0,ఈ ఘటనలో దాదాపు మందికి పైగా ప్రాణాలు కోల్యోయారు
వీరిలో ఇద్దరు బురఖాలు ధరించారు,0.0,వీరిలో ఇద్ రు బురఖాలు ధరించారు,0.0,వీరిలో ఇద్ రు బురఖాలు ధరించారు,0.0,వీరిలో ఇద్డరు బురఖాలు ధరించారు,0.0,వీరిలో ఇద్డరు బురఖాలు ధరించారు
గత నెలలో అర్జెంటీనాలో పర్యటించడంతో భారత అమ్మాయిల జట్టు అంతర్జాతీయ మహిళల హాకీని తిరిగి ప్రారంభించిన సంగతి తెలిసిందే,0.0,గత నెలలో అర్జెంటీనాలో పర్యటించడంతో భారత అమ్శాయిల జట్టు అంతర్జాతీయ మహిళల హాకీని తిరిగి ప్రారంభించిన సంగతి తెలిసిందే,0.0,గత నెలలో అర్జెంటీనాలో పర్యటించడంతో భారత అమ్శాయిల జట్టు అంతర్జాతీయ మహిళల హాకీని తిరిగి ప్రారంభించిన సంగతి తెలిసిందే,0.0,గత నెలలో అర్జెంటీనాలో పర్యటించడంతో భారత అమ్శాయిల జట్టు అంతర్జాతీయ మహిళల హాకీని తిరిగి ప్రారంభించిన సంగతి తెలిసిందే,0.0,గత నెలలో అర్జెంటీనాలో పర్యటించడంతో భారత అమ్శాయిల జట్టు అంతర్జాతీయ మహిళల హాకీని తిరిగి ప్రారంభించిన సంగతి తెలిసిందే
రైతుల పట్ల కాంగ్రెస్వి మొసలి కన్నీళ్లు,0.0,రైతుల పట్త కాంగ్రెస్పి మొసలి కన్వీళ్తు,0.0,రైతుల పట్గ కాంగ్రెస్పి మొసలి కన్పీళ్ధు,0.0,రైతుల పట్త కాంగ్రెస్ని మొసలి కన్వీళ్ధు,0.0,రైతుల పట్గ కాంగ్రెస్చి మొసలి కన్వీళ్ధు
ప్రధాని అభ్యర్థిగా నరేంద్ర మోడీని ప్రకటించిన తీరుపై బిజెపి అగ్రనేత ఎల్కె అద్వానీ తన అసంతృప్తిని వ్యక్తం చేశారు,0.0,ప్రధాని అభ్యర్థిగా నరేంద్ర మోడీని ప్రకటించిన తీరుపై బిజెపి అగ్రనేత ఎల్కె అద్సానీ తన అసంతృప్లిని వ్యక్లం చేశారు,0.0,ప్రధాని అభ్యర్థిగా నరేంద్ర మోడీని ప్రకటించిన తీరుపై బిజెపి అగ్రనేత ఎల్కె అద్యానీ తన అసంతృప్లిని వ్యక్లం చేశారు,0.0,ప్రధాని అభ్యర్థిగా నరేంద్ర మోడీని ప్రకటించిన తీరుపై బిజెపి అగ్రనేత ఎల్కె అద్యానీ తన అసంతృప్లిని వ్యక్లం చేశారు,0.0,ప్రధాని అభ్యర్థిగా నరేంద్ర మోడీని ప్రకటించిన తీరుపై బిజెపి అగ్రనేత ఎల్కె అద్యానీ తన అసంతృప్లిని వ్యక్లం చేశారు
ప్రశ్నలన్నీ ఆబ్జెక్టివ్ తరహాలో వస్తాయి,0.0,ప్రశ్వలన్పీ ఆబ్జెక్టివ్ తరహాలో వస్లాయి,0.0,ప్రశ్పలన్వీ ఆబ్జెక్టివ్ తరహాలో వస్లాయి,0.0,ప్రశ్వలన్వీ ఆబ్జెక్టివ్ తరహాలో వస్లాయి,0.0,ప్రశ్వలన్వీ ఆబ్జెక్టివ్ తరహాలో వస్లాయి
ెక్నికల్గా సమస్యలు ఉన్నాయంటూ,0.0,ెక్పికల్ఠా సమస్యలు ఉన్పాయంటూ,0.0,ెక్వికల్లా సమస్యలు ఉన్వాయంటూ,0.0,ెక్పికల్లా సమస్యలు ఉన్పాయంటూ,0.0,ెక్పికల్లా సమస్యలు ఉన్పాయంటూ
ఇదిగో పక్కనున్న ఫొటోలు చూడండి మీకే అర్థమవుతుంది,0.0,ఇదిగో పక్కనున్ప ఫొటోలు చూడండి మీకే అర్థమవుతుంది,0.0,ఇదిగో పక్కనున్ప ఫొటోలు చూడండి మీకే అర్థమవుతుంది,0.0,ఇదిగో పక్కనున్ప ఫొటోలు చూడండి మీకే అర్థమవుతుంది,0.0,ఇదిగో పక్కనున్వ ఫొటోలు చూడండి మీకే అర్థమవుతుంది
ఎక్కడికక్కడ ఇదే రకమైన పరిస్థితి నెలకొంది,0.0,ఎక్కడికక్కడ ఇదే రకమైన పరిస్థితి నెలకొంది,0.0,ఎక్కడికక్కడ ఇదే రకమైన పరిస్థితి నెలకొంది,0.0,ఎక్కడికక్కడ ఇదే రకమైన పరిస్థితి నెలకొంది,0.0,ఎక్కడికక్కడ ఇదే రకమైన పరిస్థితి నెలకొంది
మరియు ఈ చాలా ముఖ్యమైన అంశం,0.0,మరియు ఈ చాలా ముఖ్యమైన అంశం,0.0,మరియు ఈ చాలా ముఖ్యమైన అంశం,0.0,మరియు ఈ చాలా ముఖ్యమైన అంశం,0.0,మరియు ఈ చాలా ముఖ్యమైన అంశం
స్తంభాలు అన్ని చేతితో చెక్కబడ్డాయి మరియు వివిధ రూపాల్లోని హిందూ మతం దేవతలను వర్ణిస్తాయి,0.0,స్తంభాలు అన్వి చేతితో చెక్కబడ్ధాయి మరియు వివిధ రూపాల్తోని హిందూ మతం దేవతలను వర్ణిస్లాయి,0.0,స్తంభాలు అన్వి చేతితో చెక్కబడ్ధాయి మరియు వివిధ రూపాల్తోని హిందూ మతం దేవతలను వర్ణిస్లాయి,0.0,స్తంభాలు అన్వి చేతితో చెక్కబడ్ధాయి మరియు వివిధ రూపాల్ధోని హిందూ మతం దేవతలను వర్ణిస్లాయి,0.0,స్తంభాలు అన్పి చేతితో చెక్కబడ్దాయి మరియు వివిధ రూపాల్తోని హిందూ మతం దేవతలను వర్ణిస్లాయి
లక్షల ఎకరాల పంటభూములు తడిసి పోయేవి,0.0,లక్షల ఎకరాల పంటభూములు తడిసి పోయేవి,0.0,లక్షల ఎకరాల పంటభూములు తడిసి పోయేవి,0.0,లక్షల ఎకరాల పంటభూములు తడిసి పోయేవి,0.0,లక్షల ఎకరాల పంటభూములు తడిసి పోయేవి
అతని వద్ద లభించిన సుత్తిలో గ్రాముల బంగారాన్ని దాచాడు,0.0,అతని వద్ధ లభించిన సుత్లిలో గ్రాముల బంగారాన్వి దాచాడు,0.0,అతని వద్డ లభించిన సుత్లిలో గ్రాముల బంగారాన్పి దాచాడు,0.0,అతని వద్డ లభించిన సుత్లిలో గ్రాముల బంగారాన్వి దాచాడు,0.0,అతని వద్ధ లభించిన సుత్లిలో గ్రాముల బంగారాన్వి దాచాడు
అది కూడా ఎలాంటి రెమ్మ్యూనరేషన్ లేకుండా,0.0,అది కూడా ఎలాంటి రెమ్శ్యూనరేషన్ లేకుండా,0.0,అది కూడా ఎలాంటి రెమ్శ్యూనరేషన్ లేకుండా,0.0,అది కూడా ఎలాంటి రెమ్శ్యూనరేషన్ లేకుండా,0.0,అది కూడా ఎలాంటి రెమ్శ్యూనరేషన్ లేకుండా
చాలావరకు భూములు పడావుగా ఉన్నాయి,0.0,చాలావరకు భూములు పడావుగా ఉన్పాయి,0.0,చాలావరకు భూములు పడావుగా ఉన్పాయి,0.0,చాలావరకు భూములు పడావుగా ఉన్పాయి,0.0,చాలావరకు భూములు పడావుగా ఉన్వాయి
కోర్టుకు హాజరైన రాహుల్ గాంధీ,0.0,కోర్టుకు హాజరైన రాహుల్ గాంధీ,0.0,కోర్టుకు హాజరైన రాహుల్ గాంధీ,0.0,కోర్టుకు హాజరైన రాహుల్ గాంధీ,0.0,కోర్టుకు హాజరైన రాహుల్ గాంధీ
బిగ్ బాస్ సీజన్ ఆసక్తికరంగా ముందుకు సాగుతోంది,0.0,బిగ్ బాస్ సీజన్ ఆసక్లికరంగా ముందుకు సాగుతోంది,0.0,బిగ్ బాస్ సీజన్ ఆసక్లికరంగా ముందుకు సాగుతోంది,0.0,బిగ్ బాస్ సీజన్ ఆసక్లికరంగా ముందుకు సాగుతోంది,0.0,బిగ్ బాస్ సీజన్ ఆసక్లికరంగా ముందుకు సాగుతోంది
అతను అనేక సిరీస్ ఆడాడు,0.0,అతను అనేక సిరీస్ ఆడాడు,0.0,అతను అనేక సిరీస్ ఆడాడు,0.0,అతను అనేక సిరీస్ ఆడాడు,0.0,అతను అనేక సిరీస్ ఆడాడు
దీంతో ఐదుగురిని గాంధీ ఆసుపత్రికి తరలించారు,0.0,దీంతో ఐదుగురిని గాంధీ ఆసుపత్రికి తరలించారు,0.0,దీంతో ఐదుగురిని గాంధీ ఆసుపత్రికి తరలించారు,0.0,దీంతో ఐదుగురిని గాంధీ ఆసుపత్రికి తరలించారు,0.0,దీంతో ఐదుగురిని గాంధీ ఆసుపత్రికి తరలించారు
ఇవ్వొద్దనడానికి మీరెవరు,0.0,ఇవ్పొద్ నడానికి మీరెవరు,0.0,ఇవ్యొద్ నడానికి మీరెవరు,0.0,ఇవ్సొద్ నడానికి మీరెవరు,0.0,ఇవ్యొద్ధనడానికి మీరెవరు
వాతావరణంలో సమతుల్యతను కాపాడటానికి పోర్షే టేకాన్ ఎలక్ట్రిక్ వాహనాలను ఇండియన్ మార్కెట్లో ప్రవేశపెట్టనుంది,0.0,వాతావరణంలో సమతుల్యతను కాపాడటానికి పోర్షే టేకాన్ ఎలక్ట్రిక్ వాహనాలను ఇండియన్ మార్కెట్ధో ప్రవేశపెట్టనుంది,0.0,వాతావరణంలో సమతుల్యతను కాపాడటానికి పోర్షే టేకాన్ ఎలక్ట్రిక్ వాహనాలను ఇండియన్ మార్కెట్గో ప్రవేశపెట్టనుంది,0.0,వాతావరణంలో సమతుల్యతను కాపాడటానికి పోర్షే టేకాన్ ఎలక్ట్రిక్ వాహనాలను ఇండియన్ మార్కెట్తో ప్రవేశపెట్టనుంది,0.0,వాతావరణంలో సమతుల్యతను కాపాడటానికి పోర్షే టేకాన్ ఎలక్ట్రిక్ వాహనాలను ఇండియన్ మార్కెట్ధో ప్రవేశపెట్టనుంది
కుక్కర్లో కొద్దిగా నూనె పోసుకుని వేడెక్కాక ఉల్లిపాయముక్కలు వేసి వేయించుకోవాలి,0.0,కుక్కర్తో కొద్ధిగా నూనె పోసుకుని వేడెక్కాక ఉల్తిపాయముక్కలు వేసి వేయించుకోవాలి,0.0,కుక్కర్ధో కొద్డిగా నూనె పోసుకుని వేడెక్కాక ఉల్తిపాయముక్కలు వేసి వేయించుకోవాలి,0.0,కుక్కర్ధో కొద్ధిగా నూనె పోసుకుని వేడెక్కాక ఉల్గిపాయముక్కలు వేసి వేయించుకోవాలి,0.0,కుక్కర్తో కొద్ధిగా నూనె పోసుకుని వేడెక్కాక ఉల్ధిపాయముక్కలు వేసి వేయించుకోవాలి
ఆమె గత వారం వెళ్ళిపోయింది,0.0,ఆమె గత వారం వెళ్ళిపోయింది,0.0,ఆమె గత వారం వెళ్ళిపోయింది,0.0,ఆమె గత వారం వెళ్ళిపోయింది,0.0,ఆమె గత వారం వెళ్ళిపోయింది
నిందితులకు సహకరించిన మరో ఐదుగురు పరారీలో ఉన్నట్లు పోలీసులు తెలియజేశారు,0.0,నిందితులకు సహకరించిన మరో ఐదుగురు పరారీలో ఉన్పట్తు పోలీసులు తెలియజేశారు,0.0,నిందితులకు సహకరించిన మరో ఐదుగురు పరారీలో ఉన్పట్గు పోలీసులు తెలియజేశారు,0.0,నిందితులకు సహకరించిన మరో ఐదుగురు పరారీలో ఉన్పట్ధు పోలీసులు తెలియజేశారు,0.0,నిందితులకు సహకరించిన మరో ఐదుగురు పరారీలో ఉన్పట్గు పోలీసులు తెలియజేశారు
అని అందరూ ఇలాంటి ప్రశ్నలు అడుగుతున్నారు,0.0,అని అందరూ ఇలాంటి ప్రశ్వలు అడుగుతున్వారు,0.0,అని అందరూ ఇలాంటి ప్రశ్వలు అడుగుతున్పారు,0.0,అని అందరూ ఇలాంటి ప్రశ్పలు అడుగుతున్వారు,0.0,అని అందరూ ఇలాంటి ప్రశ్వలు అడుగుతున్పారు
ఇది తరువాత లాయికో ప్రజల పాట స్థావరంగా మారింది,0.0,ఇది తరువాత లాయికో ప్రజల పాట స్థావరంగా మారింది,0.0,ఇది తరువాత లాయికో ప్రజల పాట స్థావరంగా మారింది,0.0,ఇది తరువాత లాయికో ప్రజల పాట స్థావరంగా మారింది,0.0,ఇది తరువాత లాయికో ప్రజల పాట స్థావరంగా మారింది
ఎంజీఆర్ శివాజీ గనేషన్ వంటి స్టార్స్ తో కూడా నటించారు,0.0,ఎంజీఆర్ శివాజీ గనేషన్ వంటి స్టార్ప్ తో కూడా నటించారు,0.0,ఎంజీఆర్ శివాజీ గనేషన్ వంటి స్టార్వ్ తో కూడా నటించారు,0.0,ఎంజీఆర్ శివాజీ గనేషన్ వంటి స్టార్న్ తో కూడా నటించారు,0.0,ఎంజీఆర్ శివాజీ గనేషన్ వంటి స్టార్ప్ తో కూడా నటించారు
ఒక ఫోర్ మూడు సిక్సర్లతో పరుగులు సాధించాడు,0.0,ఒక ఫోర్ మూడు సిక్వర్గతో పరుగులు సాధించాడు,0.0,ఒక ఫోర్ మూడు సిక్నర్గతో పరుగులు సాధించాడు,0.0,ఒక ఫోర్ మూడు సిక్పర్గతో పరుగులు సాధించాడు,0.0,ఒక ఫోర్ మూడు సిక్నర్ధతో పరుగులు సాధించాడు
రిజిస్ట్రేషన్ల శాఖ ద్వారా రూ,0.0,రిజిస్ట్రేషన్త శాఖ ద్యారా రూ,0.0,రిజిస్ట్రేషన్ధ శాఖ ద్సారా రూ,0.0,రిజిస్ట్రేషన్త శాఖ ద్సారా రూ,0.0,రిజిస్ట్రేషన్త శాఖ ద్నారా రూ
షమీ సుల్తాన్ దర్శకుడు,0.0,షమీ సుల్లాన్ దర్మకుడు,0.0,షమీ సుల్లాన్ దర్మకుడు,0.0,షమీ సుల్లాన్ దర్మకుడు,0.0,షమీ సుల్లాన్ దర్మకుడు
దాంతో వారి మధ్య దూరం పెరిగింది,0.0,దాంతో వారి మధ్య దూరం పెరిగింది,0.0,దాంతో వారి మధ్య దూరం పెరిగింది,0.0,దాంతో వారి మధ్య దూరం పెరిగింది,0.0,దాంతో వారి మధ్య దూరం పెరిగింది
దీంతో ఎన్నికలకు ముందు ఆయన వైసీపీలో చేరిపోయారు,0.0,దీంతో ఎన్పికలకు ముందు ఆయన వైసీపీలో చేరిపోయారు,0.0,దీంతో ఎన్వికలకు ముందు ఆయన వైసీపీలో చేరిపోయారు,0.0,దీంతో ఎన్వికలకు ముందు ఆయన వైసీపీలో చేరిపోయారు,0.0,దీంతో ఎన్వికలకు ముందు ఆయన వైసీపీలో చేరిపోయారు
నన్ను స్వీకరించుము అని ప్రాధేయపడ్డాడు,0.0,నన్వు స్నీకరించుము అని ప్రాధేయపడ్దాడు,0.0,నన్పు స్చీకరించుము అని ప్రాధేయపడ్దాడు,0.0,నన్పు స్సీకరించుము అని ప్రాధేయపడ్దాడు,0.0,నన్పు స్పీకరించుము అని ప్రాధేయపడ్ధాడు
క్యాల్షియం ఫాస్ఫరస్ పీచు విటమిన్ఎ విటమిన్సి దొరుకుతాయి,0.0,క్యాల్షియం ఫాస్ఫరస్ పీచు విటమిన్ఎ విటమిన్ని దొరుకుతాయి,0.0,క్యాల్షియం ఫాస్ఫరస్ పీచు విటమిన్ఎ విటమిన్చి దొరుకుతాయి,0.0,క్యాల్షియం ఫాస్ఫరస్ పీచు విటమిన్ఎ విటమిన్చి దొరుకుతాయి,0.0,క్యాల్షియం ఫాస్ఫరస్ పీచు విటమిన్ఎ విటమిన్చి దొరుకుతాయి
గాయపడిన వారికి మెరుగైన చికిత్స అందించాలని అధికారులను సిఎం ఆదేశించారు,0.0,గాయపడిన వారికి మెరుగైన చికిత్ప అందించాలని అధికారులను సిఎం ఆదేశించారు,0.0,గాయపడిన వారికి మెరుగైన చికిత్చ అందించాలని అధికారులను సిఎం ఆదేశించారు,0.0,గాయపడిన వారికి మెరుగైన చికిత్చ అందించాలని అధికారులను సిఎం ఆదేశించారు,0.0,గాయపడిన వారికి మెరుగైన చికిత్ప అందించాలని అధికారులను సిఎం ఆదేశించారు
అది ఎప్పటికి పూర్తవుతుందో కచ్చితంగా చెప్పలేం,0.0,అది ఎప్సటికి పూర్లవుతుందో కచ్వితంగా చెప్యలేం,0.0,అది ఎప్వటికి పూర్లవుతుందో కచ్వితంగా చెప్వలేం,0.0,అది ఎప్సటికి పూర్లవుతుందో కచ్సితంగా చెప్నలేం,0.0,అది ఎప్సటికి పూర్లవుతుందో కచ్సితంగా చెప్సలేం
సిస్టం ఫర్ ట్రాన్స్ఫార్మింగ్ ఇండియా జాతీయ స్థాయి సదస్సులో పాల్గొనడానికి శివన్ ఇక్కడికి వచ్చారు,0.0,సిస్టం ఫర్ ట్రాన్చ్ఫార్శింగ్ ఇండియా జాతీయ స్థాయి సదస్చులో పాల్ధొనడానికి శివన్ ఇక్కడికి వచ్సారు,0.0,సిస్టం ఫర్ ట్రాన్వ్ఫార్శింగ్ ఇండియా జాతీయ స్థాయి సదస్పులో పాల్ధొనడానికి శివన్ ఇక్కడికి వచ్వారు,0.0,సిస్టం ఫర్ ట్రాన్వ్ఫార్శింగ్ ఇండియా జాతీయ స్థాయి సదస్చులో పాల్ధొనడానికి శివన్ ఇక్కడికి వచ్వారు,0.0,సిస్టం ఫర్ ట్రాన్న్ఫార్శింగ్ ఇండియా జాతీయ స్థాయి సదస్వులో పాల్లొనడానికి శివన్ ఇక్కడికి వచ్వారు
పెళ్లి అనేది పవిత్రమైన బంధం,0.0,పెళ్ధి అనేది పవిత్రమైన బంధం,0.0,పెళ్తి అనేది పవిత్రమైన బంధం,0.0,పెళ్ధి అనేది పవిత్రమైన బంధం,0.0,పెళ్ధి అనేది పవిత్రమైన బంధం
ఇక్కడ ఇచ్చినవి వాళ్ల అసలు పేర్లు కాదు,0.0,ఇక్కడ ఇచ్వినవి వాళ్ధ అసలు పేర్ధు కాదు,0.0,ఇక్కడ ఇచ్సినవి వాళ్ధ అసలు పేర్తు కాదు,0.0,ఇక్కడ ఇచ్వినవి వాళ్గ అసలు పేర్గు కాదు,0.0,ఇక్కడ ఇచ్వినవి వాళ్త అసలు పేర్ధు కాదు
వర్షం కారణంగా ఆట ఆలస్యం అవటంతో ఇద్దరికీ ఓవర్లకు కుదించారు,0.0,వర్షం కారణంగా ఆట ఆలస్యం అవటంతో ఇద్ రికీ ఓవర్గకు కుదించారు,0.0,వర్షం కారణంగా ఆట ఆలస్యం అవటంతో ఇద్ధరికీ ఓవర్గకు కుదించారు,0.0,వర్షం కారణంగా ఆట ఆలస్యం అవటంతో ఇద్ధరికీ ఓవర్తకు కుదించారు,0.0,వర్షం కారణంగా ఆట ఆలస్యం అవటంతో ఇద్ధరికీ ఓవర్ధకు కుదించారు
లో బీజేపీ శాతం ఓట్లు సాధించింది,0.0,లో బీజేపీ శాతం ఓట్తు సాధించింది,0.0,లో బీజేపీ శాతం ఓట్గు సాధించింది,0.0,లో బీజేపీ శాతం ఓట్తు సాధించింది,0.0,లో బీజేపీ శాతం ఓట్తు సాధించింది
అన్నింటికన్నా మిన్నగా యెహోవా మనకు తండ్రీ స్నేహితుడూ అవుతాడు,0.0,అన్పింటికన్వా మిన్పగా యెహోవా మనకు తండ్రీ స్వేహితుడూ అవుతాడు,0.0,అన్వింటికన్వా మిన్వగా యెహోవా మనకు తండ్రీ స్వేహితుడూ అవుతాడు,0.0,అన్వింటికన్పా మిన్పగా యెహోవా మనకు తండ్రీ స్పేహితుడూ అవుతాడు,0.0,అన్పింటికన్వా మిన్వగా యెహోవా మనకు తండ్రీ స్వేహితుడూ అవుతాడు
ఈ ఆందోళనలో ప్రజలు పెద్ద ఎత్తున పాల్గొన్నారు,0.0,ఈ ఆందోళనలో ప్రజలు పెద్  ఎత్లున పాల్ధొన్వారు,0.0,ఈ ఆందోళనలో ప్రజలు పెద్డ ఎత్లున పాల్ధొన్వారు,0.0,ఈ ఆందోళనలో ప్రజలు పెద్డ ఎత్లున పాల్ఠొన్వారు,0.0,ఈ ఆందోళనలో ప్రజలు పెద్ధ ఎత్లున పాల్ఠొన్పారు
ఇక ఇతర రాష్ట్రాల నుంచి వచ్చిన వారికి మందికి ఇతర దేశాల నుంచి వచ్చిన ఐదుగురికి వైరస్ సోకింది,0.0,ఇక ఇతర రాష్ట్రాల నుంచి వచ్విన వారికి మందికి ఇతర దేశాల నుంచి వచ్సిన ఐదుగురికి వైరస్ సోకింది,0.0,ఇక ఇతర రాష్ట్రాల నుంచి వచ్విన వారికి మందికి ఇతర దేశాల నుంచి వచ్విన ఐదుగురికి వైరస్ సోకింది,0.0,ఇక ఇతర రాష్ట్రాల నుంచి వచ్విన వారికి మందికి ఇతర దేశాల నుంచి వచ్సిన ఐదుగురికి వైరస్ సోకింది,0.0,ఇక ఇతర రాష్ట్రాల నుంచి వచ్విన వారికి మందికి ఇతర దేశాల నుంచి వచ్సిన ఐదుగురికి వైరస్ సోకింది
అందుకు ప్రత్యక్ష ఉదాహరణ అమెరికా,0.0,అందుకు ప్రత్యక్ష ఉదాహరణ అమెరికా,0.0,అందుకు ప్రత్యక్ష ఉదాహరణ అమెరికా,0.0,అందుకు ప్రత్యక్ష ఉదాహరణ అమెరికా,0.0,అందుకు ప్రత్యక్ష ఉదాహరణ అమెరికా
అవగాహన పెంపొందించుకోవాలి,0.0,అవగాహన పెంపొందించుకోవాలి,0.0,అవగాహన పెంపొందించుకోవాలి,0.0,అవగాహన పెంపొందించుకోవాలి,0.0,అవగాహన పెంపొందించుకోవాలి
కొడుకు కూతురు,0.0,కొడుకు కూతురు,0.0,కొడుకు కూతురు,0.0,కొడుకు కూతురు,0.0,కొడుకు కూతురు
ఇప్పటికే ఈ సినిమాకు సంబందించిన రెండు సాంగ్స్ రిలీజ్ చేశారు,0.0,ఇప్వటికే ఈ సినిమాకు సంబందించిన రెండు సాంగ్వ్ రిలీజ్ చేశారు,0.0,ఇప్యటికే ఈ సినిమాకు సంబందించిన రెండు సాంగ్న్ రిలీజ్ చేశారు,0.0,ఇప్సటికే ఈ సినిమాకు సంబందించిన రెండు సాంగ్న్ రిలీజ్ చేశారు,0.0,ఇప్యటికే ఈ సినిమాకు సంబందించిన రెండు సాంగ్చ్ రిలీజ్ చేశారు
మరి తరువాత ప్లాన్ ఏంటయా,0.0,మరి తరువాత ప్తాన్ ఏంటయా,0.0,మరి తరువాత ప్గాన్ ఏంటయా,0.0,మరి తరువాత ప్ధాన్ ఏంటయా,0.0,మరి తరువాత ప్గాన్ ఏంటయా
మేం అనుకున్న పరుగులు సాధించ లేకపోయాం,0.0,మేం అనుకున్ప పరుగులు సాధించ లేకపోయాం,0.0,మేం అనుకున్వ పరుగులు సాధించ లేకపోయాం,0.0,మేం అనుకున్ప పరుగులు సాధించ లేకపోయాం,0.0,మేం అనుకున్ప పరుగులు సాధించ లేకపోయాం
అలాగే విదేశాల్లో విద్యను అభ్యసించేందుకు రూ,0.0,అలాగే విదేశాల్ధో విద్యను అభ్యసించేందుకు రూ,0.0,అలాగే విదేశాల్గో విద్యను అభ్యసించేందుకు రూ,0.0,అలాగే విదేశాల్ధో విద్యను అభ్యసించేందుకు రూ,0.0,అలాగే విదేశాల్ధో విద్యను అభ్యసించేందుకు రూ
తమన్నా మెహరీన్ హీరోయిన్లుగా నటిస్తున్నారు,0.0,తమన్వా మెహరీన్ హీరోయిన్గుగా నటిస్లున్వారు,0.0,తమన్వా మెహరీన్ హీరోయిన్తుగా నటిస్లున్పారు,0.0,తమన్పా మెహరీన్ హీరోయిన్గుగా నటిస్లున్వారు,0.0,తమన్పా మెహరీన్ హీరోయిన్తుగా నటిస్లున్వారు
ప్రచండ గాలులు వర్షాలు వరదలతో ఈ ప్రాంతం అతలాకు తలమైంది,0.0,ప్రచండ గాలులు వర్షాలు వరదలతో ఈ ప్రాంతం అతలాకు తలమైంది,0.0,ప్రచండ గాలులు వర్షాలు వరదలతో ఈ ప్రాంతం అతలాకు తలమైంది,0.0,ప్రచండ గాలులు వర్షాలు వరదలతో ఈ ప్రాంతం అతలాకు తలమైంది,0.0,ప్రచండ గాలులు వర్షాలు వరదలతో ఈ ప్రాంతం అతలాకు తలమైంది
దీనికి తోడు కేంద్ర బలగాలు కూడా రానున్నాయి,0.0,దీనికి తోడు కేంద్ర బలగాలు కూడా రానున్పాయి,0.0,దీనికి తోడు కేంద్ర బలగాలు కూడా రానున్పాయి,0.0,దీనికి తోడు కేంద్ర బలగాలు కూడా రానున్వాయి,0.0,దీనికి తోడు కేంద్ర బలగాలు కూడా రానున్పాయి
ఈ మేరకు పిఆర్పి కింద రూ,0.0,ఈ మేరకు పిఆర్సి కింద రూ,0.0,ఈ మేరకు పిఆర్వి కింద రూ,0.0,ఈ మేరకు పిఆర్సి కింద రూ,0.0,ఈ మేరకు పిఆర్సి కింద రూ
క్రాంతి మాధవ్ డైరక్షన్ లో తెరకెక్కిన ఈ సినిమాను కె ఎస్ రామారావు నిర్మించారు,0.0,క్రాంతి మాధవ్ డైరక్షన్ లో తెరకెక్కిన ఈ సినిమాను కె ఎస్ రామారావు నిర్శించారు,0.0,క్రాంతి మాధవ్ డైరక్షన్ లో తెరకెక్కిన ఈ సినిమాను కె ఎస్ రామారావు నిర్శించారు,0.0,క్రాంతి మాధవ్ డైరక్షన్ లో తెరకెక్కిన ఈ సినిమాను కె ఎస్ రామారావు నిర్శించారు,0.0,క్రాంతి మాధవ్ డైరక్షన్ లో తెరకెక్కిన ఈ సినిమాను కె ఎస్ రామారావు నిర్శించారు
అతనో ప్రమాదకర చిట్టడవిలో ఇరుక్కున్నాడు,0.0,అతనో ప్రమాదకర చిట్టడవిలో ఇరుక్కున్పాడు,0.0,అతనో ప్రమాదకర చిట్టడవిలో ఇరుక్కున్పాడు,0.0,అతనో ప్రమాదకర చిట్టడవిలో ఇరుక్కున్వాడు,0.0,అతనో ప్రమాదకర చిట్టడవిలో ఇరుక్కున్వాడు
ఇది కాదనరాని సత్యం,0.0,ఇది కాదనరాని సత్యం,0.0,ఇది కాదనరాని సత్యం,0.0,ఇది కాదనరాని సత్యం,0.0,ఇది కాదనరాని సత్యం
ఆరోగ్య విషయం లో జాగ్రత్తలు తీసుకోవాలి,0.0,ఆరోగ్య విషయం లో జాగ్రత్లలు తీసుకోవాలి,0.0,ఆరోగ్య విషయం లో జాగ్రత్లలు తీసుకోవాలి,0.0,ఆరోగ్య విషయం లో జాగ్రత్లలు తీసుకోవాలి,0.0,ఆరోగ్య విషయం లో జాగ్రత్లలు తీసుకోవాలి
థాంక్యూ సార్,0.0,థాంక్యూ సార్,0.0,థాంక్యూ సార్,0.0,థాంక్యూ సార్,0.0,థాంక్యూ సార్
ఇది రైతు పక్షపాత ప్రభుత్వం,0.0,ఇది రైతు పక్షపాత ప్రభుత్యం,0.0,ఇది రైతు పక్షపాత ప్రభుత్యం,0.0,ఇది రైతు పక్షపాత ప్రభుత్యం,0.0,ఇది రైతు పక్షపాత ప్రభుత్చం
ఆ గౌరవం సదవగాహనకు కారణమౌతుంది,0.0,ఆ గౌరవం సదవగాహనకు కారణమౌతుంది,0.0,ఆ గౌరవం సదవగాహనకు కారణమౌతుంది,0.0,ఆ గౌరవం సదవగాహనకు కారణమౌతుంది,0.0,ఆ గౌరవం సదవగాహనకు కారణమౌతుంది
పట్టణంలో అందుబాటులో,0.0,పట్టణంలో అందుబాటులో,0.0,పట్టణంలో అందుబాటులో,0.0,పట్టణంలో అందుబాటులో,0.0,పట్టణంలో అందుబాటులో
కాగా బీజేపీ ఎంపీలంతా తమ తమ నియోజకవర్గాల్లో నిరాహార దీక్షను చేపట్టనున్నారు,0.0,కాగా బీజేపీ ఎంపీలంతా తమ తమ నియోజకవర్ఠాల్గో నిరాహార దీక్షను చేపట్టనున్పారు,0.0,కాగా బీజేపీ ఎంపీలంతా తమ తమ నియోజకవర్లాల్తో నిరాహార దీక్షను చేపట్టనున్వారు,0.0,కాగా బీజేపీ ఎంపీలంతా తమ తమ నియోజకవర్ఠాల్గో నిరాహార దీక్షను చేపట్టనున్వారు,0.0,కాగా బీజేపీ ఎంపీలంతా తమ తమ నియోజకవర్ధాల్తో నిరాహార దీక్షను చేపట్టనున్పారు
పరిమితి ఏమిటి,0.0,పరిమితి ఏమిటి,0.0,పరిమితి ఏమిటి,0.0,పరిమితి ఏమిటి,0.0,పరిమితి ఏమిటి
ఎలక్ట్రిక్ వాహనాలకు సంబంధించిన ఉత్పత్తి లేదా ఇతర పరికరాల పరంగా వివిధ సాంకేతిక పరిజ్ఞానాన్ని మెరుగుపరచడానికి కంపెనీ నిరంతరం ప్రయత్నిస్తుంది,0.0,ఎలక్ట్రిక్ వాహనాలకు సంబంధించిన ఉత్సత్లి లేదా ఇతర పరికరాల పరంగా వివిధ సాంకేతిక పరిజ్ఞానాన్వి మెరుగుపరచడానికి కంపెనీ నిరంతరం ప్రయత్పిస్లుంది,0.0,ఎలక్ట్రిక్ వాహనాలకు సంబంధించిన ఉత్యత్లి లేదా ఇతర పరికరాల పరంగా వివిధ సాంకేతిక పరిజ్ఞానాన్పి మెరుగుపరచడానికి కంపెనీ నిరంతరం ప్రయత్పిస్లుంది,0.0,ఎలక్ట్రిక్ వాహనాలకు సంబంధించిన ఉత్నత్లి లేదా ఇతర పరికరాల పరంగా వివిధ సాంకేతిక పరిజ్ఞానాన్పి మెరుగుపరచడానికి కంపెనీ నిరంతరం ప్రయత్విస్లుంది,0.0,ఎలక్ట్రిక్ వాహనాలకు సంబంధించిన ఉత్యత్లి లేదా ఇతర పరికరాల పరంగా వివిధ సాంకేతిక పరిజ్ఞానాన్వి మెరుగుపరచడానికి కంపెనీ నిరంతరం ప్రయత్విస్లుంది
అటవీశాఖ అధికారులకు స్థానిక రైతులు సమాచారం అందించారు,0.0,అటవీశాఖ అధికారులకు స్థానిక రైతులు సమాచారం అందించారు,0.0,అటవీశాఖ అధికారులకు స్థానిక రైతులు సమాచారం అందించారు,0.0,అటవీశాఖ అధికారులకు స్థానిక రైతులు సమాచారం అందించారు,0.0,అటవీశాఖ అధికారులకు స్థానిక రైతులు సమాచారం అందించారు
అయితే రక్షణ దళాలు పాకిస్తాన్ పై ఎలాంటి చర్యలు దిగుతున్నాయి అనేది ఇప్పటి వరకు ఎలాంటి సమాచారం కూడా లేదు,0.0,అయితే రక్షణ దళాలు పాకిస్లాన్ పై ఎలాంటి చర్యలు దిగుతున్పాయి అనేది ఇప్యటి వరకు ఎలాంటి సమాచారం కూడా లేదు,0.0,అయితే రక్షణ దళాలు పాకిస్లాన్ పై ఎలాంటి చర్యలు దిగుతున్పాయి అనేది ఇప్నటి వరకు ఎలాంటి సమాచారం కూడా లేదు,0.0,అయితే రక్షణ దళాలు పాకిస్లాన్ పై ఎలాంటి చర్యలు దిగుతున్పాయి అనేది ఇప్యటి వరకు ఎలాంటి సమాచారం కూడా లేదు,0.0,అయితే రక్షణ దళాలు పాకిస్లాన్ పై ఎలాంటి చర్యలు దిగుతున్వాయి అనేది ఇప్సటి వరకు ఎలాంటి సమాచారం కూడా లేదు
అప్పుడే తుపాకీ కాల్పుల శబ్దం వినిపించింది,0.0,అప్సుడే తుపాకీ కాల్నుల శబ్ ం వినిపించింది,0.0,అప్వుడే తుపాకీ కాల్నుల శబ్ధం వినిపించింది,0.0,అప్వుడే తుపాకీ కాల్సుల శబ్ ం వినిపించింది,0.0,అప్యుడే తుపాకీ కాల్సుల శబ్ధం వినిపించింది
మీతో చెప్పేది వినండి,0.0,మీతో చెప్యేది వినండి,0.0,మీతో చెప్వేది వినండి,0.0,మీతో చెప్సేది వినండి,0.0,మీతో చెప్యేది వినండి
దాదాపు షూటింగ్ పూర్తి చేసుకున్న ఈ చిత్రం పోస్ట్ ప్రొడక్షన్ వర్క్ జరుపుకుంటుంది,0.0,దాదాపు షూటింగ్ పూర్లి చేసుకున్వ ఈ చిత్రం పోస్ట్ ప్రొడక్షన్ వర్క్ జరుపుకుంటుంది,0.0,దాదాపు షూటింగ్ పూర్లి చేసుకున్ప ఈ చిత్రం పోస్ట్ ప్రొడక్షన్ వర్క్ జరుపుకుంటుంది,0.0,దాదాపు షూటింగ్ పూర్లి చేసుకున్వ ఈ చిత్రం పోస్ట్ ప్రొడక్షన్ వర్క్ జరుపుకుంటుంది,0.0,దాదాపు షూటింగ్ పూర్లి చేసుకున్ప ఈ చిత్రం పోస్ట్ ప్రొడక్షన్ వర్క్ జరుపుకుంటుంది
వేల మందికి పైగా దీని బారిన పడ్డారు,0.0,వేల మందికి పైగా దీని బారిన పడ్ధారు,0.0,వేల మందికి పైగా దీని బారిన పడ్ధారు,0.0,వేల మందికి పైగా దీని బారిన పడ్ధారు,0.0,వేల మందికి పైగా దీని బారిన పడ్ధారు
అయితే ఆఖరి నిమిషంలో బీజేపీ అధిష్టానం అభ్యర్థిని మార్చింది,0.0,అయితే ఆఖరి నిమిషంలో బీజేపీ అధిష్టానం అభ్యర్థిని మార్వింది,0.0,అయితే ఆఖరి నిమిషంలో బీజేపీ అధిష్టానం అభ్యర్థిని మార్సింది,0.0,అయితే ఆఖరి నిమిషంలో బీజేపీ అధిష్టానం అభ్యర్థిని మార్వింది,0.0,అయితే ఆఖరి నిమిషంలో బీజేపీ అధిష్టానం అభ్యర్థిని మార్సింది
కోట్లు వస్తాయి,0.0,కోట్గు వస్లాయి,0.0,కోట్ధు వస్లాయి,0.0,కోట్ధు వస్లాయి,0.0,కోట్ధు వస్లాయి
నాలుగంతస్తుల భవంతిలో మంటలు,0.0,నాలుగంతస్లుల భవంతిలో మంటలు,0.0,నాలుగంతస్లుల భవంతిలో మంటలు,0.0,నాలుగంతస్లుల భవంతిలో మంటలు,0.0,నాలుగంతస్లుల భవంతిలో మంటలు
ఎప్పటికప్పుడు గమనిస్తుంటాయి,0.0,ఎప్సటికప్నుడు గమనిస్లుంటాయి,0.0,ఎప్నటికప్వుడు గమనిస్లుంటాయి,0.0,ఎప్సటికప్యుడు గమనిస్లుంటాయి,0.0,ఎప్వటికప్సుడు గమనిస్లుంటాయి
బిగ్గరగా ఓహ్,0.0,బిగ్ఠరగా ఓహ్,0.0,బిగ్లరగా ఓహ్,0.0,బిగ్లరగా ఓహ్,0.0,బిగ్లరగా ఓహ్
నగరంలో క్రియాశీల కేసులున్నాయి,0.0,నగరంలో క్రియాశీల కేసులున్వాయి,0.0,నగరంలో క్రియాశీల కేసులున్వాయి,0.0,నగరంలో క్రియాశీల కేసులున్పాయి,0.0,నగరంలో క్రియాశీల కేసులున్వాయి
శ్రీ సతీష్ చతుర్వేది శ్రీ సిద్ధార్థ్,0.0,శ్రీ సతీష్ చతుర్పేది శ్రీ సిద్గార్థ్,0.0,శ్రీ సతీష్ చతుర్సేది శ్రీ సిద్దార్థ్,0.0,శ్రీ సతీష్ చతుర్చేది శ్రీ సిద్లార్థ్,0.0,శ్రీ సతీష్ చతుర్నేది శ్రీ సిద్గార్థ్
రాజుకుంది,0.0,రాజుకుంది,0.0,రాజుకుంది,0.0,రాజుకుంది,0.0,రాజుకుంది
దాంతో ఒక్కటి మాత్రమే ఇవ్వగలమని భారత్కు చెప్పింది,0.0,దాంతో ఒక్కటి మాత్రమే ఇవ్సగలమని భారత్కు చెప్యింది,0.0,దాంతో ఒక్కటి మాత్రమే ఇవ్పగలమని భారత్కు చెప్నింది,0.0,దాంతో ఒక్కటి మాత్రమే ఇవ్యగలమని భారత్కు చెప్నింది,0.0,దాంతో ఒక్కటి మాత్రమే ఇవ్సగలమని భారత్కు చెప్వింది
వీటితో పాటుగా ఈటోర్నీలో ఆంధ్రప్రదేశ్ చత్తీస్ఘడ్ మధ్యప్రదేశ్ ఒడిశా హైదరాబాద్ ఢిల్లీ కేరళ జట్లు సైతం పాల్గొంటున్నాయి,0.0,వీటితో పాటుగా ఈటోర్పీలో ఆంధ్రప్రదేశ్ చత్లీస్ఘడ్ మధ్యప్రదేశ్ ఒడిశా హైదరాబాద్ ఢిల్గీ కేరళ జట్తు సైతం పాల్ఠొంటున్పాయి,0.0,వీటితో పాటుగా ఈటోర్పీలో ఆంధ్రప్రదేశ్ చత్లీస్ఘడ్ మధ్యప్రదేశ్ ఒడిశా హైదరాబాద్ ఢిల్ధీ కేరళ జట్తు సైతం పాల్ఠొంటున్పాయి,0.0,వీటితో పాటుగా ఈటోర్పీలో ఆంధ్రప్రదేశ్ చత్లీస్ఘడ్ మధ్యప్రదేశ్ ఒడిశా హైదరాబాద్ ఢిల్తీ కేరళ జట్గు సైతం పాల్ధొంటున్పాయి,0.0,వీటితో పాటుగా ఈటోర్వీలో ఆంధ్రప్రదేశ్ చత్లీస్ఘడ్ మధ్యప్రదేశ్ ఒడిశా హైదరాబాద్ ఢిల్తీ కేరళ జట్తు సైతం పాల్ధొంటున్వాయి
జాతీయ పార్టీలుగా ఉన్న కాంగ్రెస్ బీజేపీ రెండింటి ఓటు బ్యాంకు కలిపినా ప్రాంతీయ పార్టీలకు సమానంగా తూగలేని పరిస్థితి,0.0,జాతీయ పార్టీలుగా ఉన్వ కాంగ్రెస్ బీజేపీ రెండింటి ఓటు బ్యాంకు కలిపినా ప్రాంతీయ పార్టీలకు సమానంగా తూగలేని పరిస్థితి,0.0,జాతీయ పార్టీలుగా ఉన్ప కాంగ్రెస్ బీజేపీ రెండింటి ఓటు బ్యాంకు కలిపినా ప్రాంతీయ పార్టీలకు సమానంగా తూగలేని పరిస్థితి,0.0,జాతీయ పార్టీలుగా ఉన్ప కాంగ్రెస్ బీజేపీ రెండింటి ఓటు బ్యాంకు కలిపినా ప్రాంతీయ పార్టీలకు సమానంగా తూగలేని పరిస్థితి,0.0,జాతీయ పార్టీలుగా ఉన్వ కాంగ్రెస్ బీజేపీ రెండింటి ఓటు బ్యాంకు కలిపినా ప్రాంతీయ పార్టీలకు సమానంగా తూగలేని పరిస్థితి
తన భుజాలపై సినిమాను మోశాడు,0.0,తన భుజాలపై సినిమాను మోశాడు,0.0,తన భుజాలపై సినిమాను మోశాడు,0.0,తన భుజాలపై సినిమాను మోశాడు,0.0,తన భుజాలపై సినిమాను మోశాడు
ుక్తి కోసం,0.0,ుక్లి కోసం,0.0,ుక్లి కోసం,0.0,ుక్లి కోసం,0.0,ుక్లి కోసం
సంస్కృతి సంప్రదాయాలను ప్రతిబింబించాయి,0.0,సంస్కృతి సంప్రదాయాలను ప్రతిబింబించాయి,0.0,సంస్కృతి సంప్రదాయాలను ప్రతిబింబించాయి,0.0,సంస్కృతి సంప్రదాయాలను ప్రతిబింబించాయి,0.0,సంస్కృతి సంప్రదాయాలను ప్రతిబింబించాయి
చెల్లిస్తుండగా చెన్నైలో రూ,0.0,చెల్ధిస్లుండగా చెన్పైలో రూ,0.0,చెల్తిస్లుండగా చెన్పైలో రూ,0.0,చెల్ధిస్లుండగా చెన్పైలో రూ,0.0,చెల్ధిస్లుండగా చెన్వైలో రూ
కు రీట్వీట్లు లభించాయి,0.0,కు రీట్చీట్గు లభించాయి,0.0,కు రీట్పీట్గు లభించాయి,0.0,కు రీట్చీట్ధు లభించాయి,0.0,కు రీట్సీట్ధు లభించాయి
లార్డ్ నాకు పడుతుంది,0.0,లార్ద్ నాకు పడుతుంది,0.0,లార్ద్ నాకు పడుతుంది,0.0,లార్ద్ నాకు పడుతుంది,0.0,లార్ద్ నాకు పడుతుంది
పిల్లలకు ఏది మంచో ఏది చెడో పుట్టుకతోనే తెలియదు కాబట్టి వాళ్లకు క్రమశిక్షణ అవసరం వ పేరా చూడండి,0.0,పిల్గలకు ఏది మంచో ఏది చెడో పుట్టుకతోనే తెలియదు కాబట్టి వాళ్గకు క్రమశిక్షణ అవసరం వ పేరా చూడండి,0.0,పిల్తలకు ఏది మంచో ఏది చెడో పుట్టుకతోనే తెలియదు కాబట్టి వాళ్ధకు క్రమశిక్షణ అవసరం వ పేరా చూడండి,0.0,పిల్ధలకు ఏది మంచో ఏది చెడో పుట్టుకతోనే తెలియదు కాబట్టి వాళ్ధకు క్రమశిక్షణ అవసరం వ పేరా చూడండి,0.0,పిల్తలకు ఏది మంచో ఏది చెడో పుట్టుకతోనే తెలియదు కాబట్టి వాళ్తకు క్రమశిక్షణ అవసరం వ పేరా చూడండి
అదే ఫ్రేమ్లో టీడీపీ అధినేత చంద్రబాబు సహా మరికొందరు నేతలు ఉన్నారు,0.0,అదే ఫ్రేమ్తో టీడీపీ అధినేత చంద్రబాబు సహా మరికొందరు నేతలు ఉన్వారు,0.0,అదే ఫ్రేమ్తో టీడీపీ అధినేత చంద్రబాబు సహా మరికొందరు నేతలు ఉన్పారు,0.0,అదే ఫ్రేమ్ధో టీడీపీ అధినేత చంద్రబాబు సహా మరికొందరు నేతలు ఉన్వారు,0.0,అదే ఫ్రేమ్గో టీడీపీ అధినేత చంద్రబాబు సహా మరికొందరు నేతలు ఉన్వారు
దీన్ని బట్టతలగా పిలుస్తుంటారు,0.0,దీన్పి బట్టతలగా పిలుస్లుంటారు,0.0,దీన్పి బట్టతలగా పిలుస్లుంటారు,0.0,దీన్వి బట్టతలగా పిలుస్లుంటారు,0.0,దీన్పి బట్టతలగా పిలుస్లుంటారు
రోగ నిరోధక శక్తిని అందించే పోషకాలతో పాటు ఇవి ఎక్కువ కాలం నిల్వ కూడా ఉంటాయి,0.0,రోగ నిరోధక శక్లిని అందించే పోషకాలతో పాటు ఇవి ఎక్కువ కాలం నిల్స కూడా ఉంటాయి,0.0,రోగ నిరోధక శక్లిని అందించే పోషకాలతో పాటు ఇవి ఎక్కువ కాలం నిల్స కూడా ఉంటాయి,0.0,రోగ నిరోధక శక్లిని అందించే పోషకాలతో పాటు ఇవి ఎక్కువ కాలం నిల్న కూడా ఉంటాయి,0.0,రోగ నిరోధక శక్లిని అందించే పోషకాలతో పాటు ఇవి ఎక్కువ కాలం నిల్య కూడా ఉంటాయి
ప్రపంచ సమస్యలకు శాశ్వత పరిష్కారాలను కనుగొనడంలో మానవుని అసమర్థతపై ఎంత విచారకరమైన నేరారోపణో కదా,0.0,ప్రపంచ సమస్యలకు శాశ్నత పరిష్కారాలను కనుగొనడంలో మానవుని అసమర్థతపై ఎంత విచారకరమైన నేరారోపణో కదా,0.0,ప్రపంచ సమస్యలకు శాశ్యత పరిష్కారాలను కనుగొనడంలో మానవుని అసమర్థతపై ఎంత విచారకరమైన నేరారోపణో కదా,0.0,ప్రపంచ సమస్యలకు శాశ్నత పరిష్కారాలను కనుగొనడంలో మానవుని అసమర్థతపై ఎంత విచారకరమైన నేరారోపణో కదా,0.0,ప్రపంచ సమస్యలకు శాశ్చత పరిష్కారాలను కనుగొనడంలో మానవుని అసమర్థతపై ఎంత విచారకరమైన నేరారోపణో కదా
మీరు ఒక మంచి మనిషి ఉంటాయి,0.0,మీరు ఒక మంచి మనిషి ఉంటాయి,0.0,మీరు ఒక మంచి మనిషి ఉంటాయి,0.0,మీరు ఒక మంచి మనిషి ఉంటాయి,0.0,మీరు ఒక మంచి మనిషి ఉంటాయి
తయారీ లేకపోవడం,0.0,తయారీ లేకపోవడం,0.0,తయారీ లేకపోవడం,0.0,తయారీ లేకపోవడం,0.0,తయారీ లేకపోవడం
చాలా మటుకు ప్రారంభ దశల్లో వ్యాధి నిర్ధారణకు కష్టంగా ఉంది,0.0,చాలా మటుకు ప్రారంభ దశల్గో వ్యాధి నిర్లారణకు కష్టంగా ఉంది,0.0,చాలా మటుకు ప్రారంభ దశల్గో వ్యాధి నిర్లారణకు కష్టంగా ఉంది,0.0,చాలా మటుకు ప్రారంభ దశల్గో వ్యాధి నిర్డారణకు కష్టంగా ఉంది,0.0,చాలా మటుకు ప్రారంభ దశల్గో వ్యాధి నిర్దారణకు కష్టంగా ఉంది
నిజనిర్ధారణ కమిటీ వేశాం,0.0,నిజనిర్దారణ కమిటీ వేశాం,0.0,నిజనిర్లారణ కమిటీ వేశాం,0.0,నిజనిర్గారణ కమిటీ వేశాం,0.0,నిజనిర్దారణ కమిటీ వేశాం
భారత నౌకాదళా మాజీ అధికారి అయిన జాదవ్ను పాకిస్థాన్ గూఢచార్యం అభియోగాలపై అదుపులోకి తీసుకుం ది,0.0,భారత నౌకాదళా మాజీ అధికారి అయిన జాదవ్వు పాకిస్థాన్ గూఢచార్యం అభియోగాలపై అదుపులోకి తీసుకుం ది,0.0,భారత నౌకాదళా మాజీ అధికారి అయిన జాదవ్పు పాకిస్థాన్ గూఢచార్యం అభియోగాలపై అదుపులోకి తీసుకుం ది,0.0,భారత నౌకాదళా మాజీ అధికారి అయిన జాదవ్వు పాకిస్థాన్ గూఢచార్యం అభియోగాలపై అదుపులోకి తీసుకుం ది,0.0,భారత నౌకాదళా మాజీ అధికారి అయిన జాదవ్పు పాకిస్థాన్ గూఢచార్యం అభియోగాలపై అదుపులోకి తీసుకుం ది
అమెజాన్లో ఫ్యాబ్ ఫోన్స్ ఫెస్ట్ సేల్,0.0,అమెజాన్గో ఫ్యాబ్ ఫోన్వ్ ఫెస్ట్ సేల్,0.0,అమెజాన్ధో ఫ్యాబ్ ఫోన్వ్ ఫెస్ట్ సేల్,0.0,అమెజాన్ధో ఫ్యాబ్ ఫోన్న్ ఫెస్ట్ సేల్,0.0,అమెజాన్ధో ఫ్యాబ్ ఫోన్న్ ఫెస్ట్ సేల్
జపాన్ దేశంలోని టోక్యో నగరంలో గల మెట్రో పాలిటన్ ప్రాంతం ఇది,0.0,జపాన్ దేశంలోని టోక్యో నగరంలో గల మెట్రో పాలిటన్ ప్రాంతం ఇది,0.0,జపాన్ దేశంలోని టోక్యో నగరంలో గల మెట్రో పాలిటన్ ప్రాంతం ఇది,0.0,జపాన్ దేశంలోని టోక్యో నగరంలో గల మెట్రో పాలిటన్ ప్రాంతం ఇది,0.0,జపాన్ దేశంలోని టోక్యో నగరంలో గల మెట్రో పాలిటన్ ప్రాంతం ఇది
మొదట ఆరోపణ గురించి మాట్లాడదాం,0.0,మొదట ఆరోపణ గురించి మాట్ధాడదాం,0.0,మొదట ఆరోపణ గురించి మాట్ధాడదాం,0.0,మొదట ఆరోపణ గురించి మాట్ధాడదాం,0.0,మొదట ఆరోపణ గురించి మాట్తాడదాం
మానవ జన్యురాశి ఏమిటి,0.0,మానవ జన్యురాశి ఏమిటి,0.0,మానవ జన్యురాశి ఏమిటి,0.0,మానవ జన్యురాశి ఏమిటి,0.0,మానవ జన్యురాశి ఏమిటి
వాడు నిక్కరేసుకుని ఉంటాడు,0.0,వాడు నిక్కరేసుకుని ఉంటాడు,0.0,వాడు నిక్కరేసుకుని ఉంటాడు,0.0,వాడు నిక్కరేసుకుని ఉంటాడు,0.0,వాడు నిక్కరేసుకుని ఉంటాడు
మ్యూజియం దగ్గరలోని ఒక తోటలో అనేక పెద్ద వస్తువులు ఉన్నాయి,0.0,మ్యూజియం దగ్లరలోని ఒక తోటలో అనేక పెద్  వస్లువులు ఉన్వాయి,0.0,మ్యూజియం దగ్లరలోని ఒక తోటలో అనేక పెద్  వస్లువులు ఉన్వాయి,0.0,మ్యూజియం దగ్ధరలోని ఒక తోటలో అనేక పెద్  వస్లువులు ఉన్పాయి,0.0,మ్యూజియం దగ్లరలోని ఒక తోటలో అనేక పెద్డ వస్లువులు ఉన్పాయి
మొదటి ఓవర్లోనే బౌలర్ భువనేశ్వర్ కుమార్ ఓపెనర్ పావెల్ డకౌట్ చేశాడు,0.0,మొదటి ఓవర్ధోనే బౌలర్ భువనేశ్చర్ కుమార్ ఓపెనర్ పావెల్ డకౌట్ చేశాడు,0.0,మొదటి ఓవర్గోనే బౌలర్ భువనేశ్సర్ కుమార్ ఓపెనర్ పావెల్ డకౌట్ చేశాడు,0.0,మొదటి ఓవర్తోనే బౌలర్ భువనేశ్యర్ కుమార్ ఓపెనర్ పావెల్ డకౌట్ చేశాడు,0.0,మొదటి ఓవర్ధోనే బౌలర్ భువనేశ్నర్ కుమార్ ఓపెనర్ పావెల్ డకౌట్ చేశాడు
దాన్ని మీడియా తప్పుగా రాసిందన్నారు,0.0,దాన్పి మీడియా తప్సుగా రాసిందన్వారు,0.0,దాన్వి మీడియా తప్యుగా రాసిందన్వారు,0.0,దాన్పి మీడియా తప్సుగా రాసిందన్వారు,0.0,దాన్పి మీడియా తప్సుగా రాసిందన్పారు
మంచి మరియు చెడు టచ్ గురించి తేడాలను నేర్పండి,0.0,మంచి మరియు చెడు టచ్ గురించి తేడాలను నేర్వండి,0.0,మంచి మరియు చెడు టచ్ గురించి తేడాలను నేర్నండి,0.0,మంచి మరియు చెడు టచ్ గురించి తేడాలను నేర్వండి,0.0,మంచి మరియు చెడు టచ్ గురించి తేడాలను నేర్వండి
నేత్రావతి నదిలో నీటి స్థాయి తగ్గడంతో జిల్లాలో నీటి ఎద్దటి ఏర్పడింది,0.0,నేత్రావతి నదిలో నీటి స్థాయి తగ్ఠడంతో జిల్తాలో నీటి ఎద్ధటి ఏర్యడింది,0.0,నేత్రావతి నదిలో నీటి స్థాయి తగ్లడంతో జిల్తాలో నీటి ఎద్ టి ఏర్సడింది,0.0,నేత్రావతి నదిలో నీటి స్థాయి తగ్లడంతో జిల్ధాలో నీటి ఎద్ధటి ఏర్వడింది,0.0,నేత్రావతి నదిలో నీటి స్థాయి తగ్ఠడంతో జిల్తాలో నీటి ఎద్ధటి ఏర్నడింది
ఆ తర్వాత ఆయన ఆ ఆలయానికి ఆధారంగావున్న రెండు మధ్యస్తంభములను పట్టుకొని బలముతో వంగాడు,0.0,ఆ తర్నాత ఆయన ఆ ఆలయానికి ఆధారంగావున్ప రెండు మధ్యస్లంభములను పట్టుకొని బలముతో వంగాడు,0.0,ఆ తర్పాత ఆయన ఆ ఆలయానికి ఆధారంగావున్ప రెండు మధ్యస్లంభములను పట్టుకొని బలముతో వంగాడు,0.0,ఆ తర్చాత ఆయన ఆ ఆలయానికి ఆధారంగావున్వ రెండు మధ్యస్లంభములను పట్టుకొని బలముతో వంగాడు,0.0,ఆ తర్చాత ఆయన ఆ ఆలయానికి ఆధారంగావున్ప రెండు మధ్యస్లంభములను పట్టుకొని బలముతో వంగాడు
ఈ ఘటనలో ఎవరికీ ఎలాంటి ప్రమాదం జరగలేదు,0.0,ఈ ఘటనలో ఎవరికీ ఎలాంటి ప్రమాదం జరగలేదు,0.0,ఈ ఘటనలో ఎవరికీ ఎలాంటి ప్రమాదం జరగలేదు,0.0,ఈ ఘటనలో ఎవరికీ ఎలాంటి ప్రమాదం జరగలేదు,0.0,ఈ ఘటనలో ఎవరికీ ఎలాంటి ప్రమాదం జరగలేదు
ఈక్విటీ ఫండ్లలో దీర్ఘకాలం పాటు మదుపు చేస్తే మంచి రాబడిని పొందొచ్చు,0.0,ఈక్నిటీ ఫండ్ధలో దీర్ఘకాలం పాటు మదుపు చేస్లే మంచి రాబడిని పొందొచ్వు,0.0,ఈక్చిటీ ఫండ్తలో దీర్ఘకాలం పాటు మదుపు చేస్లే మంచి రాబడిని పొందొచ్సు,0.0,ఈక్చిటీ ఫండ్తలో దీర్ఘకాలం పాటు మదుపు చేస్లే మంచి రాబడిని పొందొచ్సు,0.0,ఈక్యిటీ ఫండ్ధలో దీర్ఘకాలం పాటు మదుపు చేస్లే మంచి రాబడిని పొందొచ్సు
హిపాక్రటీస్ ఆ ప్రమాణాన్ని వ్రాశాడా,0.0,హిపాక్రటీస్ ఆ ప్రమాణాన్పి వ్రాశాడా,0.0,హిపాక్రటీస్ ఆ ప్రమాణాన్వి వ్రాశాడా,0.0,హిపాక్రటీస్ ఆ ప్రమాణాన్వి వ్రాశాడా,0.0,హిపాక్రటీస్ ఆ ప్రమాణాన్వి వ్రాశాడా
తాము అనుకున్నదే చేసేస్తుంటారు,0.0,తాము అనుకున్పదే చేసేస్లుంటారు,0.0,తాము అనుకున్వదే చేసేస్లుంటారు,0.0,తాము అనుకున్పదే చేసేస్లుంటారు,0.0,తాము అనుకున్పదే చేసేస్లుంటారు
స్పష్టంగా వాటి మధ్య వ్యత్యాసాలు ఉన్నాయి,0.0,స్పష్టంగా వాటి మధ్య వ్యత్యాసాలు ఉన్పాయి,0.0,స్పష్టంగా వాటి మధ్య వ్యత్యాసాలు ఉన్పాయి,0.0,స్పష్టంగా వాటి మధ్య వ్యత్యాసాలు ఉన్పాయి,0.0,స్పష్టంగా వాటి మధ్య వ్యత్యాసాలు ఉన్వాయి
నువ్వది చేయగలవా,0.0,నువ్చది చేయగలవా,0.0,నువ్సది చేయగలవా,0.0,నువ్యది చేయగలవా,0.0,నువ్నది చేయగలవా
ఈ ఘటన దేశ రాజధాని ఢిల్లీలోని ద్వారక జిల్లాలో చోటు చేసుకుంది,0.0,ఈ ఘటన దేశ రాజధాని ఢిల్గీలోని ద్యారక జిల్ధాలో చోటు చేసుకుంది,0.0,ఈ ఘటన దేశ రాజధాని ఢిల్గీలోని ద్యారక జిల్గాలో చోటు చేసుకుంది,0.0,ఈ ఘటన దేశ రాజధాని ఢిల్తీలోని ద్నారక జిల్గాలో చోటు చేసుకుంది,0.0,ఈ ఘటన దేశ రాజధాని ఢిల్ధీలోని ద్సారక జిల్గాలో చోటు చేసుకుంది
ఏ సందర్భంలో,0.0,ఏ సందర్భంలో,0.0,ఏ సందర్భంలో,0.0,ఏ సందర్భంలో,0.0,ఏ సందర్భంలో
ఇప్పటికే ఈ చిత్రం షూటింగ్ తో అన్ని పోస్ట్ ప్రొడక్షన్ కార్యక్రమాలను పూర్తిచేసుకొంది,0.0,ఇప్వటికే ఈ చిత్రం షూటింగ్ తో అన్పి పోస్ట్ ప్రొడక్షన్ కార్యక్రమాలను పూర్లిచేసుకొంది,0.0,ఇప్నటికే ఈ చిత్రం షూటింగ్ తో అన్పి పోస్ట్ ప్రొడక్షన్ కార్యక్రమాలను పూర్లిచేసుకొంది,0.0,ఇప్నటికే ఈ చిత్రం షూటింగ్ తో అన్పి పోస్ట్ ప్రొడక్షన్ కార్యక్రమాలను పూర్లిచేసుకొంది,0.0,ఇప్వటికే ఈ చిత్రం షూటింగ్ తో అన్వి పోస్ట్ ప్రొడక్షన్ కార్యక్రమాలను పూర్లిచేసుకొంది
సుప్రీంకోర్టు తీర్పును ఆహ్వానిస్తున్నాం,0.0,సుప్రీంకోర్టు తీర్సును ఆహ్సానిస్లున్పాం,0.0,సుప్రీంకోర్టు తీర్వును ఆహ్నానిస్లున్వాం,0.0,సుప్రీంకోర్టు తీర్యును ఆహ్చానిస్లున్వాం,0.0,సుప్రీంకోర్టు తీర్సును ఆహ్యానిస్లున్పాం
ఈ పథకం ద్వారా పేదలందరికీ ఉచితంగా వైద్యసాయం అందుతుందన్నారు,0.0,ఈ పథకం ద్నారా పేదలందరికీ ఉచితంగా వైద్యసాయం అందుతుందన్పారు,0.0,ఈ పథకం ద్చారా పేదలందరికీ ఉచితంగా వైద్యసాయం అందుతుందన్వారు,0.0,ఈ పథకం ద్పారా పేదలందరికీ ఉచితంగా వైద్యసాయం అందుతుందన్పారు,0.0,ఈ పథకం ద్పారా పేదలందరికీ ఉచితంగా వైద్యసాయం అందుతుందన్పారు
అయినా వాళ్ళు అక్కడే ఉండాల్సి వచ్చింది,0.0,అయినా వాళ్ళు అక్కడే ఉండాల్పి వచ్వింది,0.0,అయినా వాళ్ళు అక్కడే ఉండాల్ని వచ్సింది,0.0,అయినా వాళ్ళు అక్కడే ఉండాల్చి వచ్వింది,0.0,అయినా వాళ్ళు అక్కడే ఉండాల్చి వచ్సింది
పుల్వామా ఉగ్ర దాడి తర్వాత భారత్ ఐక్యంగా ఉందని మోడీ చెబుతారు,0.0,పుల్యామా ఉగ్ర దాడి తర్చాత భారత్ ఐక్యంగా ఉందని మోడీ చెబుతారు,0.0,పుల్చామా ఉగ్ర దాడి తర్యాత భారత్ ఐక్యంగా ఉందని మోడీ చెబుతారు,0.0,పుల్పామా ఉగ్ర దాడి తర్సాత భారత్ ఐక్యంగా ఉందని మోడీ చెబుతారు,0.0,పుల్పామా ఉగ్ర దాడి తర్నాత భారత్ ఐక్యంగా ఉందని మోడీ చెబుతారు
కాగా ఈ సినిమాకు దేవి శ్రీ ప్రసాద్ సంగీతం అందించగా,0.0,కాగా ఈ సినిమాకు దేవి శ్రీ ప్రసాద్ సంగీతం అందించగా,0.0,కాగా ఈ సినిమాకు దేవి శ్రీ ప్రసాద్ సంగీతం అందించగా,0.0,కాగా ఈ సినిమాకు దేవి శ్రీ ప్రసాద్ సంగీతం అందించగా,0.0,కాగా ఈ సినిమాకు దేవి శ్రీ ప్రసాద్ సంగీతం అందించగా
తరువాత ఏ సందర్భంలో కూడా వీరిద్దరు ఎప్పుడు ఒకరి గురించి ఒకరు మాట్లాడుకున్న సందర్భాలు లేవు,0.0,తరువాత ఏ సందర్భంలో కూడా వీరిద్ధరు ఎప్సుడు ఒకరి గురించి ఒకరు మాట్గాడుకున్వ సందర్భాలు లేవు,0.0,తరువాత ఏ సందర్భంలో కూడా వీరిద్ధరు ఎప్యుడు ఒకరి గురించి ఒకరు మాట్గాడుకున్వ సందర్భాలు లేవు,0.0,తరువాత ఏ సందర్భంలో కూడా వీరిద్ రు ఎప్సుడు ఒకరి గురించి ఒకరు మాట్ధాడుకున్ప సందర్భాలు లేవు,0.0,తరువాత ఏ సందర్భంలో కూడా వీరిద్డరు ఎప్యుడు ఒకరి గురించి ఒకరు మాట్తాడుకున్ప సందర్భాలు లేవు
ఇది ఫోర్వీల్ డ్రైవ్ ఆప్షన్తో కూడా లభించే అవకాశం ఉంది,0.0,ఇది ఫోర్నీల్ డ్రైవ్ ఆప్షన్లో కూడా లభించే అవకాశం ఉంది,0.0,ఇది ఫోర్నీల్ డ్రైవ్ ఆప్షన్లో కూడా లభించే అవకాశం ఉంది,0.0,ఇది ఫోర్నీల్ డ్రైవ్ ఆప్షన్లో కూడా లభించే అవకాశం ఉంది,0.0,ఇది ఫోర్నీల్ డ్రైవ్ ఆప్షన్లో కూడా లభించే అవకాశం ఉంది
పూరి దర్శకత్వంలో మహేష్ బాబు ఇప్పటికే రెండు చిత్రాలు చేసారు,0.0,పూరి దర్మకత్పంలో మహేష్ బాబు ఇప్నటికే రెండు చిత్రాలు చేసారు,0.0,పూరి దర్మకత్యంలో మహేష్ బాబు ఇప్సటికే రెండు చిత్రాలు చేసారు,0.0,పూరి దర్మకత్యంలో మహేష్ బాబు ఇప్వటికే రెండు చిత్రాలు చేసారు,0.0,పూరి దర్మకత్పంలో మహేష్ బాబు ఇప్సటికే రెండు చిత్రాలు చేసారు
కాలిబాటలు నాకు తన్నాడు,0.0,కాలిబాటలు నాకు తన్వాడు,0.0,కాలిబాటలు నాకు తన్పాడు,0.0,కాలిబాటలు నాకు తన్పాడు,0.0,కాలిబాటలు నాకు తన్పాడు
మంచు కారణంగా దిల్లీ విమానాశ్రయంలో రాకపోకలు నిలిచిపోయాయి,0.0,మంచు కారణంగా దిల్తీ విమానాశ్రయంలో రాకపోకలు నిలిచిపోయాయి,0.0,మంచు కారణంగా దిల్ధీ విమానాశ్రయంలో రాకపోకలు నిలిచిపోయాయి,0.0,మంచు కారణంగా దిల్ధీ విమానాశ్రయంలో రాకపోకలు నిలిచిపోయాయి,0.0,మంచు కారణంగా దిల్తీ విమానాశ్రయంలో రాకపోకలు నిలిచిపోయాయి
భగవద్గీతలో మొత్తం అధ్యాయాలున్నాయి,0.0,భగవద్ఠీతలో మొత్లం అధ్యాయాలున్పాయి,0.0,భగవద్లీతలో మొత్లం అధ్యాయాలున్పాయి,0.0,భగవద్లీతలో మొత్లం అధ్యాయాలున్వాయి,0.0,భగవద్ఠీతలో మొత్లం అధ్యాయాలున్పాయి
ఇవాళ లాభపడిన నిఫ్టి షేర్లలో విప్రో కోల్ ఇండియా హెచ్సీఎల్ టెక్ ఐఓసీ కొటక్ బ్యాంక్ ఉన్నాయి,0.0,ఇవాళ లాభపడిన నిఫ్టి షేర్గలో విప్రో కోల్ ఇండియా హెచ్పీఎల్ టెక్ ఐఓసీ కొటక్ బ్యాంక్ ఉన్పాయి,0.0,ఇవాళ లాభపడిన నిఫ్టి షేర్ధలో విప్రో కోల్ ఇండియా హెచ్వీఎల్ టెక్ ఐఓసీ కొటక్ బ్యాంక్ ఉన్పాయి,0.0,ఇవాళ లాభపడిన నిఫ్టి షేర్గలో విప్రో కోల్ ఇండియా హెచ్పీఎల్ టెక్ ఐఓసీ కొటక్ బ్యాంక్ ఉన్పాయి,0.0,ఇవాళ లాభపడిన నిఫ్టి షేర్గలో విప్రో కోల్ ఇండియా హెచ్వీఎల్ టెక్ ఐఓసీ కొటక్ బ్యాంక్ ఉన్పాయి
సమాంతర ప్రక్రియలు కొనసాగుతున్నాయని ఆయన వెల్లడించారు,0.0,సమాంతర ప్రక్రియలు కొనసాగుతున్పాయని ఆయన వెల్తడించారు,0.0,సమాంతర ప్రక్రియలు కొనసాగుతున్పాయని ఆయన వెల్తడించారు,0.0,సమాంతర ప్రక్రియలు కొనసాగుతున్పాయని ఆయన వెల్తడించారు,0.0,సమాంతర ప్రక్రియలు కొనసాగుతున్పాయని ఆయన వెల్ధడించారు
ఈ విషయంలో ఎలా చేయాలో,0.0,ఈ విషయంలో ఎలా చేయాలో,0.0,ఈ విషయంలో ఎలా చేయాలో,0.0,ఈ విషయంలో ఎలా చేయాలో,0.0,ఈ విషయంలో ఎలా చేయాలో
ప్రమాదం మరియు కష్టాలను పరిగణలోనికి తీసుకుని కొత్తగా ఒక అలవెన్సు ను ప్రవేశపెట్టడం జరిగింది,0.0,ప్రమాదం మరియు కష్టాలను పరిగణలోనికి తీసుకుని కొత్లగా ఒక అలవెన్వు ను ప్రవేశపెట్టడం జరిగింది,0.0,ప్రమాదం మరియు కష్టాలను పరిగణలోనికి తీసుకుని కొత్లగా ఒక అలవెన్వు ను ప్రవేశపెట్టడం జరిగింది,0.0,ప్రమాదం మరియు కష్టాలను పరిగణలోనికి తీసుకుని కొత్లగా ఒక అలవెన్పు ను ప్రవేశపెట్టడం జరిగింది,0.0,ప్రమాదం మరియు కష్టాలను పరిగణలోనికి తీసుకుని కొత్లగా ఒక అలవెన్వు ను ప్రవేశపెట్టడం జరిగింది
అది వారిని మరింత కృంగదీస్తుంది,0.0,అది వారిని మరింత కృంగదీస్లుంది,0.0,అది వారిని మరింత కృంగదీస్లుంది,0.0,అది వారిని మరింత కృంగదీస్లుంది,0.0,అది వారిని మరింత కృంగదీస్లుంది
ముగ్గురు ఉగ్రవాదులను పోలీసులు హతమార్చారు,0.0,ముగ్లురు ఉగ్రవాదులను పోలీసులు హతమార్వారు,0.0,ముగ్ఠురు ఉగ్రవాదులను పోలీసులు హతమార్సారు,0.0,ముగ్ఠురు ఉగ్రవాదులను పోలీసులు హతమార్వారు,0.0,ముగ్లురు ఉగ్రవాదులను పోలీసులు హతమార్వారు
ఈషా నాకు చాలా సంతోషంగా ఉంది,0.0,ఈషా నాకు చాలా సంతోషంగా ఉంది,0.0,ఈషా నాకు చాలా సంతోషంగా ఉంది,0.0,ఈషా నాకు చాలా సంతోషంగా ఉంది,0.0,ఈషా నాకు చాలా సంతోషంగా ఉంది
వీటిలో రీజనింగ్ ఇంగ్లిష్ లాంగ్వేజ్ న్యూమరికల్ ఎబిలిటీ జనరల్ అవేర్నెస్ కంప్యూటర్ నాలెడ్జ్ నుంచి ప్రశ్నలు ఉంటాయి,0.0,వీటిలో రీజనింగ్ ఇంగ్ధిష్ లాంగ్సేజ్ న్యూమరికల్ ఎబిలిటీ జనరల్ అవేర్పెస్ కంప్యూటర్ నాలెడ్జ్ నుంచి ప్రశ్పలు ఉంటాయి,0.0,వీటిలో రీజనింగ్ ఇంగ్ధిష్ లాంగ్చేజ్ న్యూమరికల్ ఎబిలిటీ జనరల్ అవేర్వెస్ కంప్యూటర్ నాలెడ్జ్ నుంచి ప్రశ్పలు ఉంటాయి,0.0,వీటిలో రీజనింగ్ ఇంగ్తిష్ లాంగ్నేజ్ న్యూమరికల్ ఎబిలిటీ జనరల్ అవేర్పెస్ కంప్యూటర్ నాలెడ్జ్ నుంచి ప్రశ్వలు ఉంటాయి,0.0,వీటిలో రీజనింగ్ ఇంగ్తిష్ లాంగ్పేజ్ న్యూమరికల్ ఎబిలిటీ జనరల్ అవేర్వెస్ కంప్యూటర్ నాలెడ్జ్ నుంచి ప్రశ్వలు ఉంటాయి
అడిగాడు భర్త,0.0,అడిగాడు భర్ల,0.0,అడిగాడు భర్ల,0.0,అడిగాడు భర్ల,0.0,అడిగాడు భర్ల
కానీ అది మధ్యాహ్నం లంచికే,0.0,కానీ అది మధ్యాహ్వం లంచికే,0.0,కానీ అది మధ్యాహ్వం లంచికే,0.0,కానీ అది మధ్యాహ్పం లంచికే,0.0,కానీ అది మధ్యాహ్వం లంచికే
వినియోగదారు వ్యవహారాలు ఆహారం ప్రజా పంపిణీ మంత్రిత్వ శాఖ,0.0,వినియోగదారు వ్యవహారాలు ఆహారం ప్రజా పంపిణీ మంత్రిత్య శాఖ,0.0,వినియోగదారు వ్యవహారాలు ఆహారం ప్రజా పంపిణీ మంత్రిత్స శాఖ,0.0,వినియోగదారు వ్యవహారాలు ఆహారం ప్రజా పంపిణీ మంత్రిత్ప శాఖ,0.0,వినియోగదారు వ్యవహారాలు ఆహారం ప్రజా పంపిణీ మంత్రిత్ప శాఖ
ఇది కేవలం తెలంగాణ కాంగ్రెస్ ఇబ్బందే కాదు,0.0,ఇది కేవలం తెలంగాణ కాంగ్రెస్ ఇబ్బందే కాదు,0.0,ఇది కేవలం తెలంగాణ కాంగ్రెస్ ఇబ్బందే కాదు,0.0,ఇది కేవలం తెలంగాణ కాంగ్రెస్ ఇబ్బందే కాదు,0.0,ఇది కేవలం తెలంగాణ కాంగ్రెస్ ఇబ్బందే కాదు
నాకేం కావాలో అమ్మకి తెలుసు,0.0,నాకేం కావాలో అమ్శకి తెలుసు,0.0,నాకేం కావాలో అమ్శకి తెలుసు,0.0,నాకేం కావాలో అమ్శకి తెలుసు,0.0,నాకేం కావాలో అమ్శకి తెలుసు
పివి సింధు బయోపిక్ తానూ నిర్మిస్తూనే ప్రముఖ బ్యాడ్మింటన్ కోచ్ పుల్లెల గోపిచంద్ పాత్రలో కూడా నటించనున్నారు సోనూ సూద్,0.0,పివి సింధు బయోపిక్ తానూ నిర్శిస్లూనే ప్రముఖ బ్యాడ్శింటన్ కోచ్ పుల్గెల గోపిచంద్ పాత్రలో కూడా నటించనున్పారు సోనూ సూద్,0.0,పివి సింధు బయోపిక్ తానూ నిర్శిస్లూనే ప్రముఖ బ్యాడ్శింటన్ కోచ్ పుల్గెల గోపిచంద్ పాత్రలో కూడా నటించనున్వారు సోనూ సూద్,0.0,పివి సింధు బయోపిక్ తానూ నిర్శిస్లూనే ప్రముఖ బ్యాడ్శింటన్ కోచ్ పుల్గెల గోపిచంద్ పాత్రలో కూడా నటించనున్పారు సోనూ సూద్,0.0,పివి సింధు బయోపిక్ తానూ నిర్శిస్లూనే ప్రముఖ బ్యాడ్శింటన్ కోచ్ పుల్ధెల గోపిచంద్ పాత్రలో కూడా నటించనున్వారు సోనూ సూద్
దీర్షకాలంగా జలుబు,0.0,దీర్షకాలంగా జలుబు,0.0,దీర్షకాలంగా జలుబు,0.0,దీర్షకాలంగా జలుబు,0.0,దీర్షకాలంగా జలుబు
కొత్తగా మరో ఇద్దరు మృతిచెందడంతో ఇప్పటివరకూ మంది మరణించారు,0.0,కొత్లగా మరో ఇద్ రు మృతిచెందడంతో ఇప్నటివరకూ మంది మరణించారు,0.0,కొత్లగా మరో ఇద్ధరు మృతిచెందడంతో ఇప్సటివరకూ మంది మరణించారు,0.0,కొత్లగా మరో ఇద్ధరు మృతిచెందడంతో ఇప్నటివరకూ మంది మరణించారు,0.0,కొత్లగా మరో ఇద్ధరు మృతిచెందడంతో ఇప్సటివరకూ మంది మరణించారు
ప్రధాని శ్రీ నరేంద్ర మోదీ రాజమాత విజయరాజే సింధియా గౌరవార్ధం రూ,0.0,ప్రధాని శ్రీ నరేంద్ర మోదీ రాజమాత విజయరాజే సింధియా గౌరవార్గం రూ,0.0,ప్రధాని శ్రీ నరేంద్ర మోదీ రాజమాత విజయరాజే సింధియా గౌరవార్దం రూ,0.0,ప్రధాని శ్రీ నరేంద్ర మోదీ రాజమాత విజయరాజే సింధియా గౌరవార్గం రూ,0.0,ప్రధాని శ్రీ నరేంద్ర మోదీ రాజమాత విజయరాజే సింధియా గౌరవార్లం రూ
కానీ ఒక ప్రశ్న ఇక్కడ ఉత్పన్నమవు తుంది,0.0,కానీ ఒక ప్రశ్వ ఇక్కడ ఉత్యన్వమవు తుంది,0.0,కానీ ఒక ప్రశ్వ ఇక్కడ ఉత్సన్పమవు తుంది,0.0,కానీ ఒక ప్రశ్వ ఇక్కడ ఉత్సన్వమవు తుంది,0.0,కానీ ఒక ప్రశ్వ ఇక్కడ ఉత్యన్పమవు తుంది
ష్టం లేకపోతే తినడం మానేయాలని,0.0,ష్టం లేకపోతే తినడం మానేయాలని,0.0,ష్టం లేకపోతే తినడం మానేయాలని,0.0,ష్టం లేకపోతే తినడం మానేయాలని,0.0,ష్టం లేకపోతే తినడం మానేయాలని
అమరావతి జెఎసి నిర్వహించిన నిరసనలకు ప్రతిపక్ష పార్టీలైన టిడిపి జనసేన బిజెపి మద్దతు ఇస్తున్నాయి,0.0,అమరావతి జెఎసి నిర్యహించిన నిరసనలకు ప్రతిపక్ష పార్టీలైన టిడిపి జనసేన బిజెపి మద్డతు ఇస్లున్వాయి,0.0,అమరావతి జెఎసి నిర్యహించిన నిరసనలకు ప్రతిపక్ష పార్టీలైన టిడిపి జనసేన బిజెపి మద్ తు ఇస్లున్వాయి,0.0,అమరావతి జెఎసి నిర్పహించిన నిరసనలకు ప్రతిపక్ష పార్టీలైన టిడిపి జనసేన బిజెపి మద్డతు ఇస్లున్పాయి,0.0,అమరావతి జెఎసి నిర్నహించిన నిరసనలకు ప్రతిపక్ష పార్టీలైన టిడిపి జనసేన బిజెపి మద్డతు ఇస్లున్వాయి
ఎట్లా నడిచాడో తెలియదు,0.0,ఎట్తా నడిచాడో తెలియదు,0.0,ఎట్గా నడిచాడో తెలియదు,0.0,ఎట్ధా నడిచాడో తెలియదు,0.0,ఎట్గా నడిచాడో తెలియదు
నిజానికి చాలా ఎక్కువ ఎంపికలు ఉన్నాయి,0.0,నిజానికి చాలా ఎక్కువ ఎంపికలు ఉన్వాయి,0.0,నిజానికి చాలా ఎక్కువ ఎంపికలు ఉన్పాయి,0.0,నిజానికి చాలా ఎక్కువ ఎంపికలు ఉన్వాయి,0.0,నిజానికి చాలా ఎక్కువ ఎంపికలు ఉన్వాయి
ఇది అంతకుముందు చాలా అరుదుగా జరిగేది,0.0,ఇది అంతకుముందు చాలా అరుదుగా జరిగేది,0.0,ఇది అంతకుముందు చాలా అరుదుగా జరిగేది,0.0,ఇది అంతకుముందు చాలా అరుదుగా జరిగేది,0.0,ఇది అంతకుముందు చాలా అరుదుగా జరిగేది
సాహిత్య సామాజిక రచనలు,0.0,సాహిత్య సామాజిక రచనలు,0.0,సాహిత్య సామాజిక రచనలు,0.0,సాహిత్య సామాజిక రచనలు,0.0,సాహిత్య సామాజిక రచనలు
చాలా ఆనందంగా ఉంది అని దాదా రాసుకొచ్చారు,0.0,చాలా ఆనందంగా ఉంది అని దాదా రాసుకొచ్సారు,0.0,చాలా ఆనందంగా ఉంది అని దాదా రాసుకొచ్వారు,0.0,చాలా ఆనందంగా ఉంది అని దాదా రాసుకొచ్సారు,0.0,చాలా ఆనందంగా ఉంది అని దాదా రాసుకొచ్సారు
అక్కడంతా నల్లతాచులు వీరవిహారం చేస్తాయి,0.0,అక్కడంతా నల్ధతాచులు వీరవిహారం చేస్లాయి,0.0,అక్కడంతా నల్గతాచులు వీరవిహారం చేస్లాయి,0.0,అక్కడంతా నల్గతాచులు వీరవిహారం చేస్లాయి,0.0,అక్కడంతా నల్ధతాచులు వీరవిహారం చేస్లాయి
కేంద్ర బృందం రాక,0.0,కేంద్ర బృందం రాక,0.0,కేంద్ర బృందం రాక,0.0,కేంద్ర బృందం రాక,0.0,కేంద్ర బృందం రాక
అన్నట్లు గా ప్రశ్నలు గుప్పించారు,0.0,అన్పట్ధు గా ప్రశ్వలు గుప్సించారు,0.0,అన్పట్ధు గా ప్రశ్వలు గుప్వించారు,0.0,అన్పట్తు గా ప్రశ్పలు గుప్నించారు,0.0,అన్పట్తు గా ప్రశ్పలు గుప్వించారు
ఈ సినిమా ఇంకా సెట్స్పైనే ఉంది,0.0,ఈ సినిమా ఇంకా సెట్ప్నైనే ఉంది,0.0,ఈ సినిమా ఇంకా సెట్చ్సైనే ఉంది,0.0,ఈ సినిమా ఇంకా సెట్న్యైనే ఉంది,0.0,ఈ సినిమా ఇంకా సెట్ప్నైనే ఉంది
సమాచారం అందిన వెంటనే పోలీసులు ఘటనాస్థలికి చేరుకుని నిందితుడిని అదుపులోకి తీసుకున్నారు,0.0,సమాచారం అందిన వెంటనే పోలీసులు ఘటనాస్థలికి చేరుకుని నిందితుడిని అదుపులోకి తీసుకున్వారు,0.0,సమాచారం అందిన వెంటనే పోలీసులు ఘటనాస్థలికి చేరుకుని నిందితుడిని అదుపులోకి తీసుకున్పారు,0.0,సమాచారం అందిన వెంటనే పోలీసులు ఘటనాస్థలికి చేరుకుని నిందితుడిని అదుపులోకి తీసుకున్వారు,0.0,సమాచారం అందిన వెంటనే పోలీసులు ఘటనాస్థలికి చేరుకుని నిందితుడిని అదుపులోకి తీసుకున్వారు
మరికొన్ని దేశాల్లో అద్భుతాలను ప్రజలు అంత ఎక్కువగా నమ్మడం లేదు,0.0,మరికొన్వి దేశాల్తో అద్భుతాలను ప్రజలు అంత ఎక్కువగా నమ్శడం లేదు,0.0,మరికొన్వి దేశాల్గో అద్భుతాలను ప్రజలు అంత ఎక్కువగా నమ్శడం లేదు,0.0,మరికొన్పి దేశాల్ధో అద్భుతాలను ప్రజలు అంత ఎక్కువగా నమ్శడం లేదు,0.0,మరికొన్వి దేశాల్ధో అద్భుతాలను ప్రజలు అంత ఎక్కువగా నమ్శడం లేదు
ఈ సినిమా లో బన్నీ సరసన పూజ హెగ్డే హీరోయిన్ గా నటిస్తుంది,0.0,ఈ సినిమా లో బన్వీ సరసన పూజ హెగ్ధే హీరోయిన్ గా నటిస్లుంది,0.0,ఈ సినిమా లో బన్వీ సరసన పూజ హెగ్దే హీరోయిన్ గా నటిస్లుంది,0.0,ఈ సినిమా లో బన్వీ సరసన పూజ హెగ్ధే హీరోయిన్ గా నటిస్లుంది,0.0,ఈ సినిమా లో బన్వీ సరసన పూజ హెగ్ధే హీరోయిన్ గా నటిస్లుంది
రాష్ట్ర ప్రభుత్వం ఈ జాతర నిర్వహణకు దాదాపు రూ,0.0,రాష్ట్ర ప్రభుత్సం ఈ జాతర నిర్సహణకు దాదాపు రూ,0.0,రాష్ట్ర ప్రభుత్సం ఈ జాతర నిర్సహణకు దాదాపు రూ,0.0,రాష్ట్ర ప్రభుత్నం ఈ జాతర నిర్సహణకు దాదాపు రూ,0.0,రాష్ట్ర ప్రభుత్చం ఈ జాతర నిర్చహణకు దాదాపు రూ
మన దగ్గరెలా ఉన్నాయి,0.0,మన దగ్లరెలా ఉన్పాయి,0.0,మన దగ్ఠరెలా ఉన్పాయి,0.0,మన దగ్ఠరెలా ఉన్పాయి,0.0,మన దగ్ధరెలా ఉన్వాయి
రానులే బావా,0.0,రానులే బావా,0.0,రానులే బావా,0.0,రానులే బావా,0.0,రానులే బావా
వర్షపు నీటిని నిల్వచేసేందుకు సంప్రదాయ పద్ధతులను అనుసరించాలన్నారు,0.0,వర్షపు నీటిని నిల్నచేసేందుకు సంప్రదాయ పద్దతులను అనుసరించాలన్వారు,0.0,వర్షపు నీటిని నిల్పచేసేందుకు సంప్రదాయ పద్దతులను అనుసరించాలన్వారు,0.0,వర్షపు నీటిని నిల్సచేసేందుకు సంప్రదాయ పద్డతులను అనుసరించాలన్వారు,0.0,వర్షపు నీటిని నిల్యచేసేందుకు సంప్రదాయ పద్గతులను అనుసరించాలన్పారు
వీటిని చూడండి,0.0,వీటిని చూడండి,0.0,వీటిని చూడండి,0.0,వీటిని చూడండి,0.0,వీటిని చూడండి
ఈ మేరకు ట్వీట్ చేశాడు,0.0,ఈ మేరకు ట్సీట్ చేశాడు,0.0,ఈ మేరకు ట్పీట్ చేశాడు,0.0,ఈ మేరకు ట్సీట్ చేశాడు,0.0,ఈ మేరకు ట్చీట్ చేశాడు
ఈ సందర్భంగా ఈ చిత్రానికి సంగీతం అందించిన దేవి శ్రీ ప్రసాద్ చిత్ర యూనిట్పై ప్రశంసలు కురిపించారు,0.0,ఈ సందర్భంగా ఈ చిత్రానికి సంగీతం అందించిన దేవి శ్రీ ప్రసాద్ చిత్ర యూనిట్సై ప్రశంసలు కురిపించారు,0.0,ఈ సందర్భంగా ఈ చిత్రానికి సంగీతం అందించిన దేవి శ్రీ ప్రసాద్ చిత్ర యూనిట్వై ప్రశంసలు కురిపించారు,0.0,ఈ సందర్భంగా ఈ చిత్రానికి సంగీతం అందించిన దేవి శ్రీ ప్రసాద్ చిత్ర యూనిట్నై ప్రశంసలు కురిపించారు,0.0,ఈ సందర్భంగా ఈ చిత్రానికి సంగీతం అందించిన దేవి శ్రీ ప్రసాద్ చిత్ర యూనిట్వై ప్రశంసలు కురిపించారు
అతను ఏమి ఆలోచిస్తున్నాడో మనకు తెలీదు,0.0,అతను ఏమి ఆలోచిస్లున్వాడో మనకు తెలీదు,0.0,అతను ఏమి ఆలోచిస్లున్పాడో మనకు తెలీదు,0.0,అతను ఏమి ఆలోచిస్లున్పాడో మనకు తెలీదు,0.0,అతను ఏమి ఆలోచిస్లున్వాడో మనకు తెలీదు
పేదరికం ఎక్కువ,0.0,పేదరికం ఎక్కువ,0.0,పేదరికం ఎక్కువ,0.0,పేదరికం ఎక్కువ,0.0,పేదరికం ఎక్కువ
చంద్రబాబు ప్రభుత్వానికి పవన్ డెడ్ లైన్,0.0,చంద్రబాబు ప్రభుత్యానికి పవన్ డెడ్ లైన్,0.0,చంద్రబాబు ప్రభుత్యానికి పవన్ డెడ్ లైన్,0.0,చంద్రబాబు ప్రభుత్నానికి పవన్ డెడ్ లైన్,0.0,చంద్రబాబు ప్రభుత్యానికి పవన్ డెడ్ లైన్
తర్వాత దీనిని పట్టించుకున్న వారే లేరు,0.0,తర్నాత దీనిని పట్టించుకున్ప వారే లేరు,0.0,తర్యాత దీనిని పట్టించుకున్ప వారే లేరు,0.0,తర్యాత దీనిని పట్టించుకున్వ వారే లేరు,0.0,తర్చాత దీనిని పట్టించుకున్ప వారే లేరు
వద్దా అని అన్నారు,0.0,వద్ ా అని అన్పారు,0.0,వద్ ా అని అన్పారు,0.0,వద్ ా అని అన్పారు,0.0,వద్ధా అని అన్వారు
ఆర్ధిక స్థిరంగా,0.0,ఆర్గిక స్థిరంగా,0.0,ఆర్గిక స్థిరంగా,0.0,ఆర్డిక స్థిరంగా,0.0,ఆర్గిక స్థిరంగా
ఏ అమ్మాయి,0.0,ఏ అమ్శాయి,0.0,ఏ అమ్శాయి,0.0,ఏ అమ్శాయి,0.0,ఏ అమ్శాయి
మిగిలిన వారిని పట్టుకునేందుకు ప్రత్యేక బృందాలు ఏర్పాటు చేశాం,0.0,మిగిలిన వారిని పట్టుకునేందుకు ప్రత్యేక బృందాలు ఏర్వాటు చేశాం,0.0,మిగిలిన వారిని పట్టుకునేందుకు ప్రత్యేక బృందాలు ఏర్వాటు చేశాం,0.0,మిగిలిన వారిని పట్టుకునేందుకు ప్రత్యేక బృందాలు ఏర్సాటు చేశాం,0.0,మిగిలిన వారిని పట్టుకునేందుకు ప్రత్యేక బృందాలు ఏర్వాటు చేశాం
యువకుల చేయూత,0.0,యువకుల చేయూత,0.0,యువకుల చేయూత,0.0,యువకుల చేయూత,0.0,యువకుల చేయూత
ాలాంటి పరిస్థితి మరో అమ్మాయికి రాకూడదు అని ఆవేదన వ్యక్తం చేసింది,0.0,ాలాంటి పరిస్థితి మరో అమ్శాయికి రాకూడదు అని ఆవేదన వ్యక్లం చేసింది,0.0,ాలాంటి పరిస్థితి మరో అమ్శాయికి రాకూడదు అని ఆవేదన వ్యక్లం చేసింది,0.0,ాలాంటి పరిస్థితి మరో అమ్శాయికి రాకూడదు అని ఆవేదన వ్యక్లం చేసింది,0.0,ాలాంటి పరిస్థితి మరో అమ్శాయికి రాకూడదు అని ఆవేదన వ్యక్లం చేసింది
స్కూళ్లను కాలేజీలను చై,0.0,స్కూళ్గను కాలేజీలను చై,0.0,స్కూళ్గను కాలేజీలను చై,0.0,స్కూళ్గను కాలేజీలను చై,0.0,స్కూళ్ధను కాలేజీలను చై
అయితే నిర్మాత ఈ చిత్రాన్ని యూట్యూబ్లో విడుదల చేశారు,0.0,అయితే నిర్శాత ఈ చిత్రాన్వి యూట్యూబ్గో విడుదల చేశారు,0.0,అయితే నిర్శాత ఈ చిత్రాన్వి యూట్యూబ్ధో విడుదల చేశారు,0.0,అయితే నిర్శాత ఈ చిత్రాన్పి యూట్యూబ్గో విడుదల చేశారు,0.0,అయితే నిర్శాత ఈ చిత్రాన్పి యూట్యూబ్గో విడుదల చేశారు
ఏదీ కవరు చింపండీ,0.0,ఏదీ కవరు చింపండీ,0.0,ఏదీ కవరు చింపండీ,0.0,ఏదీ కవరు చింపండీ,0.0,ఏదీ కవరు చింపండీ
పరిశోధన ఆవిష్కరణల పై నిశిత దృష్టి,0.0,పరిశోధన ఆవిష్కరణల పై నిశిత దృష్టి,0.0,పరిశోధన ఆవిష్కరణల పై నిశిత దృష్టి,0.0,పరిశోధన ఆవిష్కరణల పై నిశిత దృష్టి,0.0,పరిశోధన ఆవిష్కరణల పై నిశిత దృష్టి
తాజాగా సంబంధించిన నాలుగో సిరీస్లో నటించనున్నారనే విషయంపై ఆ చిత్ర దర్శకుడు డీజే కరుసో ధృవీకరించాడు,0.0,తాజాగా సంబంధించిన నాలుగో సిరీస్గో నటించనున్పారనే విషయంపై ఆ చిత్ర దర్మకుడు డీజే కరుసో ధృవీకరించాడు,0.0,తాజాగా సంబంధించిన నాలుగో సిరీస్ధో నటించనున్పారనే విషయంపై ఆ చిత్ర దర్మకుడు డీజే కరుసో ధృవీకరించాడు,0.0,తాజాగా సంబంధించిన నాలుగో సిరీస్తో నటించనున్పారనే విషయంపై ఆ చిత్ర దర్మకుడు డీజే కరుసో ధృవీకరించాడు,0.0,తాజాగా సంబంధించిన నాలుగో సిరీస్గో నటించనున్పారనే విషయంపై ఆ చిత్ర దర్మకుడు డీజే కరుసో ధృవీకరించాడు
సమీప ఎయిర్ పోర్ట్,0.0,సమీప ఎయిర్ పోర్ట్,0.0,సమీప ఎయిర్ పోర్ట్,0.0,సమీప ఎయిర్ పోర్ట్,0.0,సమీప ఎయిర్ పోర్ట్
లక్షలాది ఎకరాల్లో పంటలు సాగయ్యాయి,0.0,లక్షలాది ఎకరాల్గో పంటలు సాగయ్యాయి,0.0,లక్షలాది ఎకరాల్తో పంటలు సాగయ్యాయి,0.0,లక్షలాది ఎకరాల్గో పంటలు సాగయ్యాయి,0.0,లక్షలాది ఎకరాల్గో పంటలు సాగయ్యాయి
చ్చదనాన్ని కాపాడండి,0.0,చ్చదనాన్పి కాపాడండి,0.0,చ్చదనాన్పి కాపాడండి,0.0,చ్చదనాన్పి కాపాడండి,0.0,చ్చదనాన్వి కాపాడండి
అంతే కాక హిందీలో కూడా అమె కొన్ని సినిమాల్లో నటించింది,0.0,అంతే కాక హిందీలో కూడా అమె కొన్పి సినిమాల్ధో నటించింది,0.0,అంతే కాక హిందీలో కూడా అమె కొన్వి సినిమాల్తో నటించింది,0.0,అంతే కాక హిందీలో కూడా అమె కొన్వి సినిమాల్తో నటించింది,0.0,అంతే కాక హిందీలో కూడా అమె కొన్పి సినిమాల్తో నటించింది
అతను డాక్టర్ కాదు,0.0,అతను డాక్టర్ కాదు,0.0,అతను డాక్టర్ కాదు,0.0,అతను డాక్టర్ కాదు,0.0,అతను డాక్టర్ కాదు
మహారాష్ట్ర హరియాణా అసెంబ్లీ ఎన్నికలకు సర్వం సిద్ధమైంది,0.0,మహారాష్ట్ర హరియాణా అసెంబ్ధీ ఎన్పికలకు సర్యం సిద్లమైంది,0.0,మహారాష్ట్ర హరియాణా అసెంబ్తీ ఎన్వికలకు సర్సం సిద్లమైంది,0.0,మహారాష్ట్ర హరియాణా అసెంబ్ధీ ఎన్వికలకు సర్యం సిద్దమైంది,0.0,మహారాష్ట్ర హరియాణా అసెంబ్ధీ ఎన్వికలకు సర్చం సిద్లమైంది
కశ్మీర్ అంశాన్ని బూచిగా చూపి ప్రపంచ దేశాల సానుభూతి పొందాలని పాకిస్థాన్ చేసిన ప్రయత్నాలకు గండిపడుతూనే ఉన్నాయి,0.0,కశ్శీర్ అంశాన్వి బూచిగా చూపి ప్రపంచ దేశాల సానుభూతి పొందాలని పాకిస్థాన్ చేసిన ప్రయత్పాలకు గండిపడుతూనే ఉన్వాయి,0.0,కశ్శీర్ అంశాన్పి బూచిగా చూపి ప్రపంచ దేశాల సానుభూతి పొందాలని పాకిస్థాన్ చేసిన ప్రయత్వాలకు గండిపడుతూనే ఉన్పాయి,0.0,కశ్శీర్ అంశాన్పి బూచిగా చూపి ప్రపంచ దేశాల సానుభూతి పొందాలని పాకిస్థాన్ చేసిన ప్రయత్వాలకు గండిపడుతూనే ఉన్పాయి,0.0,కశ్శీర్ అంశాన్పి బూచిగా చూపి ప్రపంచ దేశాల సానుభూతి పొందాలని పాకిస్థాన్ చేసిన ప్రయత్పాలకు గండిపడుతూనే ఉన్పాయి
ప్రభావశీలమైన ఈ ప్రతిపాదనలకు అమెరికా మద్దతు ఇవ్వలేదు,0.0,ప్రభావశీలమైన ఈ ప్రతిపాదనలకు అమెరికా మద్ధతు ఇవ్పలేదు,0.0,ప్రభావశీలమైన ఈ ప్రతిపాదనలకు అమెరికా మద్ తు ఇవ్సలేదు,0.0,ప్రభావశీలమైన ఈ ప్రతిపాదనలకు అమెరికా మద్డతు ఇవ్సలేదు,0.0,ప్రభావశీలమైన ఈ ప్రతిపాదనలకు అమెరికా మద్ధతు ఇవ్యలేదు
ఇంగ్లాండ్ న్యూజిలాండ్ నాలుగో ఐదో ర్యాంక్లో నిలిచాయి,0.0,ఇంగ్తాండ్ న్యూజిలాండ్ నాలుగో ఐదో ర్యాంక్గో నిలిచాయి,0.0,ఇంగ్ధాండ్ న్యూజిలాండ్ నాలుగో ఐదో ర్యాంక్తో నిలిచాయి,0.0,ఇంగ్ధాండ్ న్యూజిలాండ్ నాలుగో ఐదో ర్యాంక్ధో నిలిచాయి,0.0,ఇంగ్ధాండ్ న్యూజిలాండ్ నాలుగో ఐదో ర్యాంక్తో నిలిచాయి
అందరు ఒక్కచోట చేరకుండ్రి,0.0,అందరు ఒక్కచోట చేరకుండ్రి,0.0,అందరు ఒక్కచోట చేరకుండ్రి,0.0,అందరు ఒక్కచోట చేరకుండ్రి,0.0,అందరు ఒక్కచోట చేరకుండ్రి
పోలీసులు శుభమ్తోపాటు ముగ్గురిని అదుపులోకి తీసుకుని విచారిస్తున్నారు,0.0,పోలీసులు శుభమ్లోపాటు ముగ్ఠురిని అదుపులోకి తీసుకుని విచారిస్లున్పారు,0.0,పోలీసులు శుభమ్లోపాటు ముగ్ధురిని అదుపులోకి తీసుకుని విచారిస్లున్పారు,0.0,పోలీసులు శుభమ్లోపాటు ముగ్ధురిని అదుపులోకి తీసుకుని విచారిస్లున్పారు,0.0,పోలీసులు శుభమ్లోపాటు ముగ్ఠురిని అదుపులోకి తీసుకుని విచారిస్లున్పారు
వన్ప్లస్ బ్లాక్ గ్లేసియల్ గ్రీన్ గ్లాసీ పోలార్ సిల్వర్ రంగుల్లో అందుబాటులో ఉంటుంది,0.0,వన్న్గస్ బ్గాక్ గ్ధేసియల్ గ్రీన్ గ్గాసీ పోలార్ సిల్యర్ రంగుల్తో అందుబాటులో ఉంటుంది,0.0,వన్న్తస్ బ్గాక్ గ్గేసియల్ గ్రీన్ గ్గాసీ పోలార్ సిల్నర్ రంగుల్ధో అందుబాటులో ఉంటుంది,0.0,వన్న్తస్ బ్గాక్ గ్తేసియల్ గ్రీన్ గ్తాసీ పోలార్ సిల్చర్ రంగుల్తో అందుబాటులో ఉంటుంది,0.0,వన్న్గస్ బ్ధాక్ గ్గేసియల్ గ్రీన్ గ్తాసీ పోలార్ సిల్యర్ రంగుల్గో అందుబాటులో ఉంటుంది
వేల కోట్ల రుణం తీసుకున్నట్లు అయింది,0.0,వేల కోట్త రుణం తీసుకున్పట్తు అయింది,0.0,వేల కోట్ధ రుణం తీసుకున్పట్ధు అయింది,0.0,వేల కోట్త రుణం తీసుకున్వట్గు అయింది,0.0,వేల కోట్త రుణం తీసుకున్పట్తు అయింది
కాబట్టి మేము వెనుక ప్రారంభం,0.0,కాబట్టి మేము వెనుక ప్రారంభం,0.0,కాబట్టి మేము వెనుక ప్రారంభం,0.0,కాబట్టి మేము వెనుక ప్రారంభం,0.0,కాబట్టి మేము వెనుక ప్రారంభం
దీంతో మందికి గాయాలయ్యాయి,0.0,దీంతో మందికి గాయాలయ్యాయి,0.0,దీంతో మందికి గాయాలయ్యాయి,0.0,దీంతో మందికి గాయాలయ్యాయి,0.0,దీంతో మందికి గాయాలయ్యాయి
కానీ ఈ రెండింటిలో ఏదీ ఈ సినిమాలో జరగలేదు,0.0,కానీ ఈ రెండింటిలో ఏదీ ఈ సినిమాలో జరగలేదు,0.0,కానీ ఈ రెండింటిలో ఏదీ ఈ సినిమాలో జరగలేదు,0.0,కానీ ఈ రెండింటిలో ఏదీ ఈ సినిమాలో జరగలేదు,0.0,కానీ ఈ రెండింటిలో ఏదీ ఈ సినిమాలో జరగలేదు
అదే లవకుశ,0.0,అదే లవకుశ,0.0,అదే లవకుశ,0.0,అదే లవకుశ,0.0,అదే లవకుశ
న్యాయ వ్యవస్థ స్వతంత్రత అంటే న్యాయమూర్తులు చట్టానికి అతీతులు కాదన్న జస్టిస్ చంద్రచూడ్ అభిప్రాయం నూటికి నూరు పాళ్లూ సరైనది,0.0,న్యాయ వ్యవస్థ స్నతంత్రత అంటే న్యాయమూర్లులు చట్టానికి అతీతులు కాదన్ప జస్టిస్ చంద్రచూడ్ అభిప్రాయం నూటికి నూరు పాళ్ధూ సరైనది,0.0,న్యాయ వ్యవస్థ స్నతంత్రత అంటే న్యాయమూర్లులు చట్టానికి అతీతులు కాదన్వ జస్టిస్ చంద్రచూడ్ అభిప్రాయం నూటికి నూరు పాళ్తూ సరైనది,0.0,న్యాయ వ్యవస్థ స్పతంత్రత అంటే న్యాయమూర్లులు చట్టానికి అతీతులు కాదన్ప జస్టిస్ చంద్రచూడ్ అభిప్రాయం నూటికి నూరు పాళ్గూ సరైనది,0.0,న్యాయ వ్యవస్థ స్చతంత్రత అంటే న్యాయమూర్లులు చట్టానికి అతీతులు కాదన్వ జస్టిస్ చంద్రచూడ్ అభిప్రాయం నూటికి నూరు పాళ్తూ సరైనది
ఈ క్రింది వాటిలో కొన్ని సాధారణమైనవి,0.0,ఈ క్రింది వాటిలో కొన్వి సాధారణమైనవి,0.0,ఈ క్రింది వాటిలో కొన్పి సాధారణమైనవి,0.0,ఈ క్రింది వాటిలో కొన్వి సాధారణమైనవి,0.0,ఈ క్రింది వాటిలో కొన్పి సాధారణమైనవి
మరో ప్రాజెక్ట్కు కమిటైన స్వీటీ,0.0,మరో ప్రాజెక్ట్కు కమిటైన స్చీటీ,0.0,మరో ప్రాజెక్ట్కు కమిటైన స్చీటీ,0.0,మరో ప్రాజెక్ట్కు కమిటైన స్సీటీ,0.0,మరో ప్రాజెక్ట్కు కమిటైన స్చీటీ
వారు పోలీసులకు సమాచారమిచ్చారు,0.0,వారు పోలీసులకు సమాచారమిచ్వారు,0.0,వారు పోలీసులకు సమాచారమిచ్సారు,0.0,వారు పోలీసులకు సమాచారమిచ్వారు,0.0,వారు పోలీసులకు సమాచారమిచ్సారు
దరఖాస్తు ఆన్ లైన్ ద్వారా చేసుకోవాలి,0.0,దరఖాస్లు ఆన్ లైన్ ద్యారా చేసుకోవాలి,0.0,దరఖాస్లు ఆన్ లైన్ ద్సారా చేసుకోవాలి,0.0,దరఖాస్లు ఆన్ లైన్ ద్పారా చేసుకోవాలి,0.0,దరఖాస్లు ఆన్ లైన్ ద్పారా చేసుకోవాలి
కాగా కాల్పులకు తెగబడిన వ్యక్తులను పోలీసులు అదుపులోనికి తీసుకున్నారు,0.0,కాగా కాల్నులకు తెగబడిన వ్యక్లులను పోలీసులు అదుపులోనికి తీసుకున్పారు,0.0,కాగా కాల్వులకు తెగబడిన వ్యక్లులను పోలీసులు అదుపులోనికి తీసుకున్వారు,0.0,కాగా కాల్నులకు తెగబడిన వ్యక్లులను పోలీసులు అదుపులోనికి తీసుకున్వారు,0.0,కాగా కాల్నులకు తెగబడిన వ్యక్లులను పోలీసులు అదుపులోనికి తీసుకున్పారు
కేలరీలు మరియు బరువు,0.0,కేలరీలు మరియు బరువు,0.0,కేలరీలు మరియు బరువు,0.0,కేలరీలు మరియు బరువు,0.0,కేలరీలు మరియు బరువు
లో మొదటి తెలుగు అచ్చు పుస్తకం విడుదలైనా తెలుగు సాహిత్యపు పునరుద్ధరణ వ శతాబ్దపు మొదట్లోనే సాధ్యమయింది,0.0,లో మొదటి తెలుగు అచ్వు పుస్లకం విడుదలైనా తెలుగు సాహిత్యపు పునరుద్డరణ వ శతాబ్ధపు మొదట్గోనే సాధ్యమయింది,0.0,లో మొదటి తెలుగు అచ్వు పుస్లకం విడుదలైనా తెలుగు సాహిత్యపు పునరుద్గరణ వ శతాబ్డపు మొదట్తోనే సాధ్యమయింది,0.0,లో మొదటి తెలుగు అచ్సు పుస్లకం విడుదలైనా తెలుగు సాహిత్యపు పునరుద్లరణ వ శతాబ్ధపు మొదట్ధోనే సాధ్యమయింది,0.0,లో మొదటి తెలుగు అచ్సు పుస్లకం విడుదలైనా తెలుగు సాహిత్యపు పునరుద్డరణ వ శతాబ్ధపు మొదట్తోనే సాధ్యమయింది
ఆమె విష్ణు పురాణం భాగవత పురాణంలలో కూడా ప్రస్తావించబడింది,0.0,ఆమె విష్ణు పురాణం భాగవత పురాణంలలో కూడా ప్రస్లావించబడింది,0.0,ఆమె విష్ణు పురాణం భాగవత పురాణంలలో కూడా ప్రస్లావించబడింది,0.0,ఆమె విష్ణు పురాణం భాగవత పురాణంలలో కూడా ప్రస్లావించబడింది,0.0,ఆమె విష్ణు పురాణం భాగవత పురాణంలలో కూడా ప్రస్లావించబడింది
్రతి జోనర్లో ఒక్కొక్క సాంగ్ ఉంది,0.0,్రతి జోనర్గో ఒక్కొక్క సాంగ్ ఉంది,0.0,్రతి జోనర్తో ఒక్కొక్క సాంగ్ ఉంది,0.0,్రతి జోనర్గో ఒక్కొక్క సాంగ్ ఉంది,0.0,్రతి జోనర్తో ఒక్కొక్క సాంగ్ ఉంది
భాజపా మూడు రాష్ట్రాల్లో అధికారాన్ని కోల్పోయింది,0.0,భాజపా మూడు రాష్ట్రాల్గో అధికారాన్వి కోల్వోయింది,0.0,భాజపా మూడు రాష్ట్రాల్తో అధికారాన్వి కోల్వోయింది,0.0,భాజపా మూడు రాష్ట్రాల్తో అధికారాన్వి కోల్నోయింది,0.0,భాజపా మూడు రాష్ట్రాల్తో అధికారాన్పి కోల్నోయింది
వారందరూ ఏళ్ల వయసులోపు వారేనని పేర్కొంది,0.0,వారందరూ ఏళ్గ వయసులోపు వారేనని పేర్కొంది,0.0,వారందరూ ఏళ్త వయసులోపు వారేనని పేర్కొంది,0.0,వారందరూ ఏళ్త వయసులోపు వారేనని పేర్కొంది,0.0,వారందరూ ఏళ్గ వయసులోపు వారేనని పేర్కొంది
చేయడానికి ప్రయత్నించండి కూరగాయలు చేతివృత్తుల మరియు పండ్లు,0.0,చేయడానికి ప్రయత్పించండి కూరగాయలు చేతివృత్లుల మరియు పండ్ధు,0.0,చేయడానికి ప్రయత్వించండి కూరగాయలు చేతివృత్లుల మరియు పండ్తు,0.0,చేయడానికి ప్రయత్పించండి కూరగాయలు చేతివృత్లుల మరియు పండ్తు,0.0,చేయడానికి ప్రయత్వించండి కూరగాయలు చేతివృత్లుల మరియు పండ్ధు
నకిలీ ఖాతాలు,0.0,నకిలీ ఖాతాలు,0.0,నకిలీ ఖాతాలు,0.0,నకిలీ ఖాతాలు,0.0,నకిలీ ఖాతాలు
ఎన్నికల ర్యాలీలో బిహార్ ముఖ్యమంత్రి నితీష్కుమార్ ఎల్జేపీ అధినేతర రామ్విలాస్ పాశ్వాన్ పాల్గొన్నారు,0.0,ఎన్పికల ర్యాలీలో బిహార్ ముఖ్యమంత్రి నితీష్కుమార్ ఎల్జేపీ అధినేతర రామ్పిలాస్ పాశ్చాన్ పాల్ధొన్వారు,0.0,ఎన్వికల ర్యాలీలో బిహార్ ముఖ్యమంత్రి నితీష్కుమార్ ఎల్జేపీ అధినేతర రామ్యిలాస్ పాశ్పాన్ పాల్ఠొన్పారు,0.0,ఎన్వికల ర్యాలీలో బిహార్ ముఖ్యమంత్రి నితీష్కుమార్ ఎల్జేపీ అధినేతర రామ్సిలాస్ పాశ్సాన్ పాల్ధొన్పారు,0.0,ఎన్పికల ర్యాలీలో బిహార్ ముఖ్యమంత్రి నితీష్కుమార్ ఎల్జేపీ అధినేతర రామ్నిలాస్ పాశ్చాన్ పాల్లొన్వారు
ఛత్తీస్గఢ్ ఛత్తీస్గఢ్లో భద్రతా బలగాలు మావోయిస్టుల మధ్య ఎదురు కాల్పులు జరిగాయి,0.0,ఛత్లీస్ఠఢ్ ఛత్లీస్ఠఢ్గో భద్రతా బలగాలు మావోయిస్టుల మధ్య ఎదురు కాల్వులు జరిగాయి,0.0,ఛత్లీస్లఢ్ ఛత్లీస్లఢ్తో భద్రతా బలగాలు మావోయిస్టుల మధ్య ఎదురు కాల్వులు జరిగాయి,0.0,ఛత్లీస్ఠఢ్ ఛత్లీస్ధఢ్గో భద్రతా బలగాలు మావోయిస్టుల మధ్య ఎదురు కాల్నులు జరిగాయి,0.0,ఛత్లీస్ధఢ్ ఛత్లీస్ధఢ్ధో భద్రతా బలగాలు మావోయిస్టుల మధ్య ఎదురు కాల్వులు జరిగాయి
గతంలో తమిళనాడులో ఎమ్జీఆర్ జయలలిత ఆంధ్రప్రదేశ్లో ఎన్టీఆర్ సినిమాలు తెచ్చిన ఇమేజ్తో ముఖ్యమంత్రులుగా ఎదిగారు,0.0,గతంలో తమిళనాడులో ఎమ్జీఆర్ జయలలిత ఆంధ్రప్రదేశ్గో ఎన్టీఆర్ సినిమాలు తెచ్విన ఇమేజ్లో ముఖ్యమంత్రులుగా ఎదిగారు,0.0,గతంలో తమిళనాడులో ఎమ్జీఆర్ జయలలిత ఆంధ్రప్రదేశ్ధో ఎన్టీఆర్ సినిమాలు తెచ్సిన ఇమేజ్లో ముఖ్యమంత్రులుగా ఎదిగారు,0.0,గతంలో తమిళనాడులో ఎమ్జీఆర్ జయలలిత ఆంధ్రప్రదేశ్గో ఎన్టీఆర్ సినిమాలు తెచ్విన ఇమేజ్లో ముఖ్యమంత్రులుగా ఎదిగారు,0.0,గతంలో తమిళనాడులో ఎమ్జీఆర్ జయలలిత ఆంధ్రప్రదేశ్గో ఎన్టీఆర్ సినిమాలు తెచ్సిన ఇమేజ్లో ముఖ్యమంత్రులుగా ఎదిగారు
మరియు అందమైన మరియు భయంకరమైన,0.0,మరియు అందమైన మరియు భయంకరమైన,0.0,మరియు అందమైన మరియు భయంకరమైన,0.0,మరియు అందమైన మరియు భయంకరమైన,0.0,మరియు అందమైన మరియు భయంకరమైన
ఆ ప్రకారమే తన మూడవ సినిమాను తీస్తున్నాడు,0.0,ఆ ప్రకారమే తన మూడవ సినిమాను తీస్లున్పాడు,0.0,ఆ ప్రకారమే తన మూడవ సినిమాను తీస్లున్పాడు,0.0,ఆ ప్రకారమే తన మూడవ సినిమాను తీస్లున్వాడు,0.0,ఆ ప్రకారమే తన మూడవ సినిమాను తీస్లున్వాడు
అలా లో భారత్ లోని తూర్పు భాగం వేరుపడిపోయింది,0.0,అలా లో భారత్ లోని తూర్యు భాగం వేరుపడిపోయింది,0.0,అలా లో భారత్ లోని తూర్యు భాగం వేరుపడిపోయింది,0.0,అలా లో భారత్ లోని తూర్వు భాగం వేరుపడిపోయింది,0.0,అలా లో భారత్ లోని తూర్యు భాగం వేరుపడిపోయింది
ఈ వీడియో సోషల్ మీడియాలో వైరలవుతుంది,0.0,ఈ వీడియో సోషల్ మీడియాలో వైరలవుతుంది,0.0,ఈ వీడియో సోషల్ మీడియాలో వైరలవుతుంది,0.0,ఈ వీడియో సోషల్ మీడియాలో వైరలవుతుంది,0.0,ఈ వీడియో సోషల్ మీడియాలో వైరలవుతుంది
